9.621002393840086597e+01
9.846735016065359503e+01
1.004396117964860906e+02
1.025221411622891168e+02
1.047584507875940290e+02
1.068753913646172293e+02
1.090244917524367594e+02
1.112771903580672586e+02
1.136421897768339022e+02
1.161627529403300088e+02
1.188530507739116473e+02
1.217738348929342038e+02
1.250135719189430006e+02
1.286454084011522525e+02
1.328963373821523817e+02
1.380798300221192676e+02
1.445105060329644573e+02
1.528756370796382953e+02
1.646117820953230364e+02
1.827781119207385530e+02
2.172567825154695242e+02
3.032860985293229419e+02
2.252396693488677784e+02
1.835095197476974249e+01
6.500460019293582969e-02
7.655351963128117316e-04
7.138205478144699946e-04
6.536786648840349663e-04
5.526414510655049172e-04
5.901826479515586950e-04
5.141083863641331695e-04
4.510024703586418358e-04
4.743660554394368324e-04
4.558869094679476397e-04
3.408889989940536245e-04
2.898366207147089831e-04
3.152534653375226232e-04
3.025776784866733658e-04
2.681084568160633044e-04
2.722446506984633097e-04
2.970389383146332515e-04
2.331366548287713922e-04
2.305052265906416386e-04
2.169959031563842527e-04
2.025496321611621505e-04
1.729917020232061935e-04
1.541001051044122122e-04
1.480686601991818149e-04
1.578645122981995133e-04
1.720830475676112664e-04
1.306444437636147132e-04
1.196802227094366055e-04
1.461776731299218039e-04
1.236457399511027772e-04
1.092277359685494664e-04
1.050056627117243528e-04
8.635386582338438804e-05
1.049460829358311842e-04
9.109491735440070005e-05
1.180216463970012195e-04
7.941647960258252880e-05
7.718273348387963873e-05
1.368196917367986117e-04
8.881695206652704061e-05
6.909690764965860203e-05
7.634321366313614489e-05
6.862130485844682875e-05
5.289901390331546609e-05
5.924463788287336405e-05
7.429885099278318481e-05
7.134414167349440133e-05
5.502157472374782769e-05
6.334940196798913325e-05
2.720842387434709147e-05
4.796686909551469281e-05
3.957325312414354160e-05
4.026273931060258052e-05
4.375902649560118999e-05
6.321070627670789398e-05
5.456226852955558995e-05
2.675959399463279673e-05
3.249639753078726841e-05
3.431317060485468765e-05
5.521136404209571415e-05
3.721109375873257573e-05
4.037450314444628963e-05
3.488810306696079759e-05
3.690495952461690426e-05
2.902317740604336025e-05
3.371683704769053332e-05
2.655520885141600870e-05
3.590049465141836204e-05
2.825260160496459246e-05
5.176356497626519946e-05
2.774642561636871913e-05
4.965408969650984545e-05
2.988363245124686578e-05
2.408432564390141660e-05
2.367480153961922732e-05
1.898804254019488945e-05
