9.622701664142380196e+01
9.849545607954921422e+01
1.004826742584562709e+02
1.025892562475264640e+02
1.048553087093740146e+02
1.070053023018276122e+02
1.091890336692551671e+02
1.114828524895078488e+02
1.138987893985024300e+02
1.164782538891549990e+02
1.192333263432359587e+02
1.222270629726684916e+02
1.255463999335134702e+02
1.292688311240769110e+02
1.336167880583805356e+02
1.389040880442771027e+02
1.454556995578220437e+02
1.539656147113311420e+02
1.658664538753365889e+02
1.843144021444622638e+02
2.194582607077126966e+02
3.053844065271767363e+02
2.256895440302543250e+02
1.836044417717807420e+01
6.514600966876850363e-02
8.220581875133712267e-04
7.873876489695123132e-04
7.402880970011756169e-04
6.529759199168448224e-04
5.717913183715289975e-04
5.296136475910533320e-04
4.720053671379009774e-04
5.280147073053845534e-04
4.633847744890535721e-04
3.348324484677493414e-04
3.028375014251609150e-04
3.399941174493971430e-04
3.248186321052166860e-04
2.745769346870058076e-04
2.678319609462879330e-04
2.329839321825252373e-04
2.297510841567580763e-04
2.263465478590764011e-04
2.200319079213176442e-04
2.256970910145273941e-04
1.887596277809555970e-04
1.569209747139199912e-04
1.569152779302230639e-04
1.348142181335687713e-04
1.584231073559296313e-04
1.294270491793177830e-04
1.197052157184626308e-04
1.316423712737472987e-04
1.231119849364077905e-04
1.169918419847596565e-04
1.479955885546485887e-04
9.715046852780452884e-05
1.007404477176357665e-04
1.086572000361412700e-04
1.190304637172345911e-04
9.656177359953874325e-05
1.061459507104702904e-04
1.090341576867040940e-04
6.573491071906788566e-05
8.426426241015350733e-05
7.917895891574428750e-05
6.473221618763582992e-05
7.162088632508393257e-05
6.233142164288554713e-05
5.742929359466347527e-05
6.518431005782386221e-05
5.009982310124907426e-05
4.038464625481550199e-05
3.857723345623498214e-05
5.419785337779618609e-05
4.325527805336924092e-05
3.427646705215110632e-05
3.917854911163594573e-05
4.683088196323956622e-05
5.296943560416943512e-05
4.154694333883954320e-05
4.811635144494770647e-05
3.136302783915936767e-05
5.202443987238011293e-05
4.190450955601604489e-05
4.479630526566246866e-05
3.466241940392144450e-05
4.395758285618656618e-05
3.375447317501563106e-05
2.040528442736580690e-05
3.839922369929276211e-05
4.276376973846695288e-05
4.207208610972776672e-05
3.249179724691247375e-05
1.792504456844448075e-05
3.878723199212765659e-05
1.569826656961452777e-05
2.194746575294308796e-05
2.283735451066600637e-05
2.273656105018718844e-05
