4.997375607402864128e-01
6.129844911512748462e-01
7.576221894455335004e-01
9.244186446094632137e-01
1.115340376526211319e+00
1.309940112552075542e+00
1.505470094542365134e+00
1.711793660039979903e+00
1.933253487026197703e+00
2.177885484298545116e+00
2.462102715088248850e+00
2.801530263920513519e+00
3.206750420707209503e+00
3.696821825020130792e+00
4.290617730998873114e+00
5.062553300743446449e+00
6.058608723613028602e+00
7.398064741951405843e+00
9.300344214576849566e+00
1.214350547837907435e+01
1.666020425009093486e+01
2.431105324654712163e+01
1.729474204928050440e+01
1.393058430982513585e+00
5.756908729170231824e-03
8.309882450309370077e-04
7.651181676879573396e-04
6.598177338562072900e-04
6.580593573323800577e-04
5.677220530774738363e-04
5.192687955018240572e-04
4.639270152865144505e-04
4.144837013400243003e-04
3.873538769050745983e-04
3.927237688428856111e-04
3.437111598656125179e-04
3.393420968945363037e-04
3.132322272314508175e-04
3.020036666232693502e-04
2.373196858735029263e-04
2.196015425306466423e-04
2.242535756031968565e-04
1.994995579364001331e-04
1.654629064206840166e-04
2.081407706000158416e-04
2.148166410824347487e-04
1.880251096408485137e-04
1.725666202339732041e-04
1.585913603380111655e-04
1.387969737691245836e-04
1.790648845944646734e-04
1.638283362712722522e-04
1.103843694183528472e-04
1.144111805239374051e-04
1.145328748108019173e-04
1.107528017280809364e-04
9.921759175254267363e-05
1.041397580528366078e-04
9.758844690492258882e-05
1.007962780228646065e-04
8.666902064558911314e-05
7.075278375356888370e-05
7.985192072825135034e-05
8.291987944856952077e-05
5.478964295546090598e-05
7.231480996418762478e-05
6.079275869407952917e-05
6.528394595010298925e-05
4.128535635607600424e-05
5.924913372499926244e-05
5.396331404239716062e-05
5.359738173191212768e-05
4.449298014718889595e-05
4.647354941766781500e-05
4.446795657623436740e-05
5.967883342974721972e-05
5.671937227401139202e-05
4.876193000097854688e-05
3.747781162770186215e-05
4.420525590410217018e-05
3.893754863953822278e-05
3.530191767677207570e-05
3.971983309143394968e-05
4.140094568774405293e-05
3.870867913533297488e-05
3.136081688755748705e-05
2.634690040719331197e-05
2.828958439967968634e-05
2.905026126095086649e-05
3.666849266341569398e-05
2.998966561250248998e-05
1.983971896595480947e-05
2.261289972881847334e-05
2.881212968570660910e-05
4.498540192456059968e-05
1.954742454923972497e-05
1.998631467745024985e-05
2.076051291802928549e-05
1.574057214963716888e-05
2.390597600292248271e-05
