3.958291131373016525e-02
6.529820341261800831e-02
1.038032885899233398e-01
1.575551501197263726e-01
2.159334847900659105e-01
2.780406205262396790e-01
3.473699504888312362e-01
4.225361366583978984e-01
5.116573922973530753e-01
6.122069941745394983e-01
7.287077246691421317e-01
8.616983831088785850e-01
1.015178243893480214e+00
1.187582491260579909e+00
1.382492065369951728e+00
1.611708597029257950e+00
1.888737113160764425e+00
2.236888429957228919e+00
2.693797354195275329e+00
3.278338060649793384e+00
4.030753672022124867e+00
3.585501479515851742e+00
9.357310683261619300e-01
3.057923624169127039e-02
9.309666811789565335e-04
7.697937345006940517e-04
6.938595274024119026e-04
6.153573009967844331e-04
5.665389929121914881e-04
5.281089977648492639e-04
4.871393383741583227e-04
4.616463009807962397e-04
4.002053257883806422e-04
5.206317875730064005e-04
3.610403830550091794e-04
3.127052837651141440e-04
3.426366794519524416e-04
2.806379920278652125e-04
2.512423610045933431e-04
2.464711513124099814e-04
2.452392016671476227e-04
2.162757947231618840e-04
1.994809442404634685e-04
2.279899816558012720e-04
1.754122070821562802e-04
1.898551135896863807e-04
1.858570672631731056e-04
1.639295441839140719e-04
1.608691001899523437e-04
1.495378098318310856e-04
1.349553264174831288e-04
1.464679496856338768e-04
1.548562879337522628e-04
1.421850211088320707e-04
1.058003271514005032e-04
1.182069818179214919e-04
1.003044887835144027e-04
1.214987309924223764e-04
7.667562162043842591e-05
9.699154778848790345e-05
8.906182915734257800e-05
1.022673138213018326e-04
7.051053876702391508e-05
9.124701897577493323e-05
8.320314439472481071e-05
7.663789685412643749e-05
6.859394851774612968e-05
5.669132852054673411e-05
7.524441533746166174e-05
8.392384181358497467e-05
8.247610734106047977e-05
5.904726671415430801e-05
6.708351809348587266e-05
5.118765100757762161e-05
4.233570861641921878e-05
3.410262046792344553e-05
5.797262143042399208e-05
6.374998935720530783e-05
3.671077614130852313e-05
4.680680774593513297e-05
3.348758725452652830e-05
3.139691933625546078e-05
3.052400852252763514e-05
3.174590624142767338e-05
3.760450916103103296e-05
3.725841763306020251e-05
2.067025421181330932e-05
2.611212141501925360e-05
3.330701057452212487e-05
4.644564976568912277e-05
2.628860950128288594e-05
4.221896774026470163e-05
3.693293579647649404e-05
2.777280183691952517e-05
2.163248378101443716e-05
2.483739710654966920e-05
1.933883508388277152e-05
3.641665386980191582e-05
2.269438212181518766e-05
2.451005388889140031e-05
