2.308918747930971222e+03
1.060493531773857057e+03
6.650863858131798452e+02
4.716796085773701179e+02
3.674148842812689963e+02
3.127781827574685281e+02
2.717138283994763128e+02
2.362381158214834045e+02
2.044334463825219643e+02
1.732161972460042989e+02
1.429517915475175869e+02
1.132041514690975532e+02
8.509344114158596994e+01
6.133062315718476754e+01
4.233295859879486045e+01
2.828558098775538099e+01
1.864870609722061801e+01
1.232010512423399007e+01
8.262097230149674232e+00
5.670049406245463608e+00
3.993166234077310417e+00
2.931022764301821404e+00
2.506217704169562133e+00
2.320187368046102705e+00
2.161505357949796480e+00
1.322425060028229016e+00
1.383611915105136703e+00
1.098362532271076164e+00
1.453860038061124182e+00
2.128575180818810253e+00
1.089767681605321004e+00
8.838891429909666586e-01
9.417629095903299330e-01
5.381126251046863818e-01
1.508676137547744212e+00
9.512772999375269656e-01
8.128017208935324200e-01
3.043549153729137924e+00
8.431721379270280536e-01
2.307875955494495646e+00
1.816624286035116942e+00
6.051206665743272817e-01
2.011145316520111859e+00
1.309384967295891711e+00
9.473050805669931407e-01
3.922266031857212232e-01
1.172732550050552103e+00
2.394773298166352316e+00
1.553437344873096482e+00
1.009679284266838728e+00
2.176953583751564114e+00
2.304992519593858979e+00
2.358953635631544810e+00
7.033003727224168555e-01
2.243888641006997475e-01
2.480204075326772450e+00
1.846084073225304323e+00
1.176763451025258611e+01
5.391795145109992138e-01
2.321064320616266219e+00
9.950784267141289385e-01
9.442124465575311376e+00
1.089566715886197468e+00
9.071703107567481439e-01
9.543266684825431057e-01
1.077405001308663124e+00
1.316220583994413829e-01
1.627978379364135142e+00
7.146012150812628416e-01
3.552741040477067180e+00
4.194347046780381727e-01
7.238519293281775457e-01
1.558201186842130603e+00
1.681904632293698576e+00
1.682219274410158949e+00
1.783351308405082714e+00
4.328679858329776975e-01
8.959757145714426496e-01
9.974474039419684024e-01
6.575289089086234995e+00
9.858871982082291208e-01
5.304753907318995321e-01
8.133908021353988826e-02
6.898570018919838454e-01
8.839068108374403820e-01
2.209959408379216228e+00
1.088674359135924474e+00
8.076835605848892152e-01
8.641814835321715016e-01
8.355593423554842358e-01
4.017245324815173824e+00
1.700028674546200769e+00
2.525239585340875781e+00
1.475043476502622408e-01
1.506937861452450278e+01
1.434927042714445156e+00
1.067268141338863163e+00
1.029480043541528778e+00
5.859099531506364311e-01
1.169244176052445239e+00
