3.682391642648873926e+02
3.754168466580053405e+02
3.806843410163775161e+02
3.848679675288084354e+02
3.876893093291307650e+02
3.875883887708251905e+02
3.845602541653723847e+02
3.785839491265360266e+02
3.697070150247438960e+02
3.581096606234269757e+02
3.443306043266784400e+02
3.289000334631936084e+02
3.125131394927286692e+02
2.959025923711661790e+02
2.799376732126240768e+02
2.654561566900617322e+02
2.529253980308874645e+02
2.435872543065860327e+02
2.390573921646508779e+02
2.429311727520285444e+02
2.666361797201550417e+02
3.488694002652126755e+02
2.504789279870585403e+02
2.007447331573596117e+01
6.993400042221778468e-02
1.323146976147011346e-04
2.149057731523197439e-04
1.060525735389644024e-04
7.040463981872335125e-05
8.725893260000085671e-05
8.676777524443648115e-05
1.060077932156929887e-04
4.937831624141075793e-05
6.052789104833545641e-05
8.026899397539644099e-05
6.946154991767936396e-05
4.576821686238457621e-05
5.675057769528713924e-05
6.099104357506814755e-05
7.054723905951552432e-05
6.233880841951162943e-05
3.020410815378503483e-05
1.914180539887887773e-05
3.037538421432210066e-05
1.895734910358400432e-05
3.309016976655740295e-05
5.098314533814102734e-05
1.262142678268392906e-05
1.219827886213121931e-05
1.052299171787495052e-05
1.381037572888367304e-05
3.223150577635891523e-05
1.868262009319110462e-05
1.637516537307339795e-05
1.257369602806572043e-05
3.094006548455232750e-06
1.464322216611878280e-05
3.613985777257195298e-05
8.165795660266197631e-06
3.469936652169794178e-05
4.779174416806124079e-06
3.498653055267197942e-06
4.962831649024668224e-06
1.373094548176270513e-05
8.651512370900289156e-06
6.121894436322210836e-06
3.792717305412591133e-05
1.524260377771724634e-05
5.716237684280953538e-06
6.691576849959801621e-06
1.641617503287149071e-05
5.913278345673036604e-06
5.369241413650311629e-06
3.743324158341406605e-05
1.159403816252001346e-05
3.189732484858925104e-06
8.882022037760685607e-06
3.170181780334482433e-06
3.439843228620414133e-06
4.162073092000500324e-06
1.715947595768183412e-06
4.328548130791729356e-06
3.376026100059763862e-06
2.675450601685724905e-05
5.721264209847100546e-06
5.045489967554001837e-06
5.207064637247071914e-06
2.431067004593501224e-06
1.488063543793790137e-06
2.592331804329717215e-06
1.393713087348579077e-05
2.855848713068144048e-06
1.665901161689791832e-05
1.767381551825369341e-06
1.754224168750953317e-05
1.617056611083158721e-06
2.289089425961461061e-06
8.416799279271142513e-07
1.566466636404584278e-06
1.422003062066955405e-06
