5.061249237892706105e+02
5.168204540397861138e+02
5.256083080818699500e+02
5.340309704944611440e+02
5.420027601243542676e+02
5.478383492500498733e+02
5.519714836143459706e+02
5.543609093518609825e+02
5.550336648805854338e+02
5.540270704235969106e+02
5.517430669729350257e+02
5.485137833725350447e+02
5.449194491385427455e+02
5.416045281269809948e+02
5.395848679324610657e+02
5.402373989674306358e+02
5.445893021574314616e+02
5.550148890754984450e+02
5.759240651171448917e+02
6.168629300612470843e+02
7.088996289628682916e+02
9.560721829990734477e+02
6.943973373584101410e+02
5.589237895561544889e+01
1.968996007925960523e-01
2.043398281413538395e-03
1.961711906775057915e-03
1.641702579183854831e-03
1.513616052109939590e-03
1.346676825645338983e-03
1.223448077105193784e-03
1.082253079213422965e-03
9.797811061510312055e-04
9.210107802912040386e-04
7.906802076400123742e-04
8.469882606349793267e-04
6.945465455833162507e-04
7.083769101090275650e-04
6.699473656088477226e-04
5.611180379110595898e-04
5.391602618775864645e-04
5.021542185274293236e-04
4.891513469674744520e-04
4.499329135768394511e-04
3.743432809355830282e-04
4.438604244436719095e-04
4.548489459040488199e-04
4.126617400403938046e-04
3.509433657804945884e-04
3.844048685680344184e-04
4.025041127115409813e-04
3.073498192766879419e-04
3.186167133972809466e-04
2.372344731462186149e-04
2.614622196183066251e-04
2.796095494306372704e-04
1.999131879589062467e-04
1.980888766375114613e-04
1.937690873428402300e-04
1.883597491750980198e-04
1.813450106068143289e-04
1.763794384546276393e-04
2.102505733427845051e-04
1.712071524577437655e-04
1.863930637717883896e-04
1.701704066032333203e-04
1.817996595933385104e-04
1.707591019499989625e-04
1.518528158452741325e-04
1.431032012062045857e-04
1.370622509253814083e-04
1.692407740209531249e-04
1.255104248738657001e-04
1.324194586319484663e-04
1.619001389499913563e-04
1.013074915534193309e-04
1.104627865232676989e-04
7.145807952927989615e-05
8.282666172738996119e-05
1.075007781573802723e-04
6.802567415112743257e-05
5.046256096535682708e-05
9.245798260875271856e-05
7.279134316704908647e-05
7.964240706604893989e-05
8.316733088768010122e-05
9.070928273311224693e-05
6.288206642595441662e-05
1.372351475532933513e-04
6.053406198655695327e-05
5.691924393129153587e-05
8.214035827550087007e-05
5.873375842408843950e-05
3.811480777445941051e-05
6.002878856725783345e-05
5.542697930711755055e-05
8.016758073457201010e-05
5.560009115998993295e-05
4.277983516444910450e-05
3.560942339167920331e-05
