3.683997785778167895e+02
3.757270711982112061e+02
3.811512444752669353e+02
3.855062910520225614e+02
3.884647719479657439e+02
3.884685978957633097e+02
3.855380928308651391e+02
3.796797401416115463e+02
3.709864280376480110e+02
3.596725734035070445e+02
3.463122485902470657e+02
3.315698533855741061e+02
3.162749681810124116e+02
3.013561961968015339e+02
2.879413529721398959e+02
2.772988916032223301e+02
2.703432770803984795e+02
2.688159715755739398e+02
2.751491316413092818e+02
2.946316669001761284e+02
3.440121796648535337e+02
4.811405978302161088e+02
3.598924699053168297e+02
2.941741981357336044e+01
1.041813698612256145e-01
1.751257270366949682e-04
1.424573307218852296e-04
9.688339989235665573e-05
7.866031602788949506e-05
1.373303723290475453e-04
1.032821149423000811e-04
6.283973248213324233e-05
4.400618056195811778e-05
5.568854817925325784e-05
4.663949672367601751e-05
1.043895389433114804e-04
3.626023026149135376e-05
4.475802664644707351e-05
6.667606740690497835e-05
3.102513140272754777e-05
2.131370085196099739e-05
4.167721423837317718e-05
5.823282922352074808e-05
1.973747057502184499e-05
2.000286249218879289e-05
1.754024604774500536e-05
3.277198038532781288e-05
1.651398886270759547e-05
2.355785079524410952e-05
1.170700710140248901e-05
1.027891777173818344e-05
1.024920132416931701e-05
1.819430693256802089e-05
9.025072938465919875e-06
1.396573023212018502e-05
1.138145585254256414e-05
8.300493824527959894e-06
5.785670329815238488e-06
8.840050295045401047e-06
1.670364932218307053e-05
6.155722503662118062e-05
6.117483973018996060e-06
9.448321178477195686e-06
8.947472888623212329e-06
9.272388219214474758e-06
5.955609316130396180e-06
7.099494314072924328e-05
6.025413251206954549e-06
5.006867679190540529e-06
3.970975224988472718e-06
1.794382681823907899e-05
3.101563296365523442e-06
3.388172974682479459e-06
3.111554397398445115e-05
1.734576416288923067e-05
1.682664645740677512e-05
5.564319107994227145e-06
8.731862289150053042e-07
1.973885823581945718e-06
5.159336058168126751e-06
3.232555248954148874e-05
2.539802201045265079e-06
1.566695042932843084e-06
2.887060897510056762e-06
2.248494385841897397e-06
3.732673025385540327e-06
2.283108783537069704e-06
1.010696569399745618e-06
2.078180661829125725e-06
7.902617922026264532e-07
1.260689853942330498e-06
2.632155980780086807e-06
1.863828754938228711e-06
2.597057376855597351e-06
1.127949701769126342e-05
3.045758279264355682e-06
1.603326019900603343e-06
1.634281106690751592e-06
2.330831999507331144e-06
3.537438417645767462e-06
