5.063747348937544075e+02
5.174544013544837071e+02
5.266493030846888814e+02
5.355547482792137544e+02
5.440304479116078937e+02
5.502912574884542209e+02
5.547734932788508786e+02
5.574882813763267677e+02
5.584619224064865648e+02
5.577683873308536704e+02
5.558214438105303543e+02
5.530089671488204885e+02
5.499711575132544112e+02
5.474639536172761609e+02
5.466992220460394947e+02
5.493837213382801110e+02
5.570435944234961880e+02
5.727802945970307746e+02
6.022698843758142857e+02
6.573884771084752856e+02
7.754999185745878094e+02
1.082506181151017699e+03
8.034427577782935259e+02
6.538777160319565951e+01
2.317677887730915653e-01
1.959820433531338137e-03
1.932661764190794860e-03
1.701052698227815182e-03
1.690072941260253262e-03
1.312434586235824768e-03
1.324763308446928007e-03
1.163765245564433570e-03
1.005122483565586448e-03
9.743231602879705343e-04
8.110883425894782270e-04
7.607934456558361870e-04
7.475486803513307259e-04
7.287363380889267652e-04
7.904987835056446338e-04
5.279882762304543772e-04
5.586620724653090612e-04
6.205806215405671941e-04
5.326329104080547222e-04
4.369966084148689295e-04
5.150637823394378732e-04
4.558362507965456312e-04
4.371118497775706405e-04
3.324633228054711741e-04
3.483034905384871111e-04
4.602698886124687852e-04
3.904575108996693913e-04
3.135802059726069610e-04
2.415817052735727956e-04
2.482330577701215247e-04
2.883650596773520980e-04
2.994181591354284932e-04
2.084222601879080208e-04
2.043519615575685629e-04
2.417577029546794608e-04
1.816672436323517000e-04
2.162946854978030115e-04
1.656699961404845683e-04
1.931092697211382299e-04
2.067452661391830794e-04
1.998705912052981730e-04
1.653791735511616994e-04
1.614200631624851531e-04
1.691787409917845045e-04
1.482987591551631799e-04
1.446300332394731341e-04
1.143842879901691822e-04
1.666900575963762275e-04
8.569345957233031306e-05
1.276199889805073912e-04
1.350103743511983656e-04
8.326228178028193178e-05
1.646539659255751313e-04
8.420943720140494128e-05
8.518091164098926871e-05
1.027512691887717973e-04
7.616456720900544302e-05
9.342071189582703400e-05
7.105050368117693191e-05
1.028420324764891381e-04
5.669786048268142883e-05
8.454066266205181857e-05
1.251662345476113006e-04
7.642068570403805531e-05
8.787779384630284719e-05
6.610756364309277970e-05
7.876093698742553969e-05
9.158003544206254776e-05
5.065640217193031109e-05
4.203129356804485779e-05
6.819049891255674447e-05
3.532047969637708306e-05
5.654663143101227793e-05
8.184775055125107748e-05
4.427367881070592249e-05
2.483475849557875020e-05
