3.683122079903128565e+02
3.755795437979638223e+02
3.809427103386972249e+02
3.852374683974582581e+02
3.881400971662692996e+02
3.880975018582022358e+02
3.851215759401416676e+02
3.791967708993728934e+02
3.703871760003578970e+02
3.588974448537143758e+02
3.452677919849908790e+02
3.300921154527976569e+02
3.141026630304339733e+02
2.981560223249252886e+02
2.832672306461156495e+02
2.704807503429862550e+02
2.606050334732151441e+02
2.552406291997887990e+02
2.565213543843063917e+02
2.690329177919775248e+02
3.073583348757690601e+02
4.210807495100630717e+02
3.114011322204023600e+02
2.532243397061635548e+01
9.003339927327427827e-02
1.470752085667302220e-04
1.449816895074991648e-04
8.545568453375039031e-05
1.091465300354703768e-04
8.238282273627846330e-05
1.095875620053470787e-04
7.077590186210859263e-05
6.300041027269061723e-05
4.722836057629943221e-05
6.721336639427101067e-05
3.554319150797821913e-05
2.955499567342907959e-05
4.071787694346104780e-05
3.990532653567252974e-05
2.898474777033064009e-05
2.400542524182301801e-05
4.450199001240433787e-05
5.412798178761674594e-05
2.188145790264087320e-05
3.056009455802810690e-05
1.504333052858203638e-05
2.094341666373604122e-05
3.124513028706986617e-05
1.124335831735755303e-05
1.856662133696100264e-05
2.432649551722607106e-05
2.776981274743925291e-05
1.774391083624809551e-05
1.638968809736240928e-05
7.265637686949667995e-06
7.498655734048151736e-06
1.558956219324573545e-05
1.026749132915227847e-05
7.734957957209247115e-06
4.320815361512507957e-05
2.075175958709773080e-05
6.118069254212876729e-06
1.356321640815721294e-05
3.857985069306075460e-06
1.951422552101986463e-05
8.015776531706326452e-06
5.081641138408402736e-05
4.792720406518766588e-06
4.319469669648394281e-06
4.213668684885065893e-06
2.912779541845248937e-05
4.028706589307182576e-06
2.250207089031045722e-06
5.405394724168467268e-05
1.802335265842379525e-05
4.859535376865329936e-06
5.593035198438024935e-06
1.147203282019720247e-05
4.613895111884838293e-06
9.785923794883183785e-06
3.612221933736571122e-05
3.748232520213908618e-06
2.334511037815900636e-06
4.113329358802610358e-06
2.985019771510148086e-06
4.209821179533710988e-06
2.449251931306929808e-06
5.056045178580209250e-07
1.625605495967106087e-06
1.068644744053573056e-06
1.742979560780276639e-06
2.207873176334689574e-06
2.484557483602619403e-06
2.259219177563270037e-06
5.410816828464880046e-06
1.384576226707660448e-06
2.460101984840750461e-06
1.406340581569212197e-06
1.027332549420457869e-05
7.548633137825314660e-07
