3.681819542952528650e+02
3.752590438853572437e+02
3.804393794149873429e+02
3.845022920654478753e+02
3.872038501066312506e+02
3.870130417959007900e+02
3.839159183346265536e+02
3.778764575682645273e+02
3.689405567270748634e+02
3.572856521504970146e+02
3.434441280334398812e+02
3.279500100594919445e+02
3.114717104981472175e+02
2.947399590983081339e+02
2.785534068446399374e+02
2.637229151659670947e+02
2.506056530663692001e+02
2.402327296579541098e+02
2.338663733359167622e+02
2.345332286218957449e+02
2.519933033851751532e+02
3.192890928281057086e+02
2.239601321776604550e+02
1.772021746138143783e+01
6.124315876377747769e-02
1.498424981361144899e-04
1.265898322384088339e-04
1.144443430180127204e-04
1.089672936136329613e-04
1.107795151949783987e-04
1.236090795808664211e-04
1.043941801712255853e-04
6.666710751617671105e-05
4.913909216186507223e-05
5.868144881300939720e-05
5.073318726774040120e-05
6.360750546551151752e-05
5.393069247736390304e-05
3.338556288887745604e-05
9.456220390270509801e-05
2.273432948302684298e-05
2.404171061062022535e-05
1.929934990576834031e-05
3.350091227497890156e-05
1.774326327814787840e-05
1.297201254076550160e-05
4.610390443630780458e-05
1.540360935820535176e-05
1.115483791183338502e-05
1.332671888455551229e-05
8.951188361917017749e-06
2.907751540879978275e-05
2.036381036645767506e-05
6.023691964982291079e-06
1.426107185389627097e-05
9.080710835126145825e-06
7.704884534992478384e-06
1.760926542912797055e-05
5.119146132990469389e-06
1.376229021272163480e-05
9.559226244151533991e-06
7.463158319885741576e-06
2.229054295415582954e-05
4.604963403184046150e-06
7.167160630415657152e-06
4.179896601352101526e-05
3.960540360793338155e-06
2.974176784656081970e-06
1.274961456410039773e-05
2.859660930523391251e-06
1.466929364492545265e-05
2.225217378705303278e-05
2.484292777024974377e-06
2.734600422450562750e-06
1.906573061018058840e-05
1.991354365079208227e-05
7.422083543346029655e-06
3.650375800745564447e-06
3.622309864226291864e-06
3.199960306214203694e-06
2.020535292834028537e-06
7.645692511894077115e-06
3.270532015357356055e-06
2.177993111492545257e-06
2.365398826340323460e-06
5.963521223309145178e-06
1.238952278962794121e-05
2.611586237419613832e-05
2.331052809544252792e-06
1.723974567842863740e-06
3.004827010001499619e-06
2.664476528302373026e-06
4.060033643011391164e-06
5.393467243979759601e-06
1.864251263188836900e-06
9.939188316820946056e-07
1.438319023981825463e-06
3.624820439856396189e-07
9.722791373986992697e-07
6.214279715600747267e-06
