5.061198030603847542e+02
5.168108998362829425e+02
5.255867346252372272e+02
5.340001506456861762e+02
5.419641998353862391e+02
5.477834293124135456e+02
5.519048952936932437e+02
5.542802067820412049e+02
5.549443106161390915e+02
5.539242099682784328e+02
5.516314338903360976e+02
5.483870212679495353e+02
5.447780320381067440e+02
5.414494234893343219e+02
5.394212220907782012e+02
5.400487297001276374e+02
5.443860633329358052e+02
5.547806006673519050e+02
5.756536853570685253e+02
6.165614802641600818e+02
7.085200274102228377e+02
9.555427409839481925e+02
6.941666701925146299e+02
5.588275036231442527e+01
1.966995524453323818e-01
1.949441105626216432e-03
1.952912149620412638e-03
1.749054044987400627e-03
1.686251111593924145e-03
1.375209956477732804e-03
1.204861119913924273e-03
1.056055977022303310e-03
9.719620331397895666e-04
9.979107574249628833e-04
9.030429135302894513e-04
9.198244365236223378e-04
7.872796031288937200e-04
6.954349215751208860e-04
6.639731188358840522e-04
6.133331813880069138e-04
5.949757643218516606e-04
5.208494045435536988e-04
4.853182443076933697e-04
4.423576350755746415e-04
3.634712337885276845e-04
4.407745422201192324e-04
5.093694172160343663e-04
4.102521501034053471e-04
3.671877635413524246e-04
3.985851896293541772e-04
3.412183512909164524e-04
2.869233533611307381e-04
2.909847470419319403e-04
2.575934261403034628e-04
2.531503952470532401e-04
2.716836340914550096e-04
1.913414869014270375e-04
2.125354393165702612e-04
2.184607340060394534e-04
1.816750610792324222e-04
1.877441429927977209e-04
1.576620820666363736e-04
1.458760592825114057e-04
1.633365110620261227e-04
2.253880243930326828e-04
1.611286931457073550e-04
1.661346443564923358e-04
1.585524475837312363e-04
1.658550685949865603e-04
1.361563522212264304e-04
1.613777660945549643e-04
1.688421829324768860e-04
1.440263437312897757e-04
1.402995781138416625e-04
1.569346053751636931e-04
8.344624814206722419e-05
1.306323782528278959e-04
8.235609393509564578e-05
9.209695360235256665e-05
1.037021731690403637e-04
8.082878893088271894e-05
6.804409726522403360e-05
9.253882521669995996e-05
8.497414790620346923e-05
8.056299650865817569e-05
1.023001233948192442e-04
8.579763822100556375e-05
7.920339047978574708e-05
1.004365458109358889e-04
7.067343153432477300e-05
5.916408323191735507e-05
5.989269976080370636e-05
6.077312664891274088e-05
5.624244422603157117e-05
7.231291474644532000e-05
5.885175727531101746e-05
6.985512073866631273e-05
7.032931715891811676e-05
4.428279969594169655e-05
3.369760920587246101e-05
