5.062340516318348023e+02
5.171131082066453928e+02
5.261059751627052492e+02
5.347555242541565121e+02
5.430020456677553966e+02
5.491049791039112051e+02
5.534627357965237024e+02
5.560519445873592304e+02
5.569002282376750372e+02
5.560656045731309405e+02
5.539262473098642658e+02
5.508514964319418823e+02
5.474454825868698435e+02
5.443384569458614806e+02
5.425820713245927891e+02
5.435774110846411986e+02
5.483931492841653608e+02
5.595142497876443031e+02
5.815271149790853542e+02
6.243620591080331224e+02
7.201153157535208038e+02
9.765774941414842942e+02
7.107727057408734481e+02
5.722110640793656700e+01
2.015955764030288311e-01
1.984445018089723775e-03
1.834178109124802621e-03
1.767232028068164203e-03
1.595298078469746528e-03
1.372461531817507734e-03
1.350083730057306461e-03
1.152667977309942623e-03
1.039713448161846228e-03
9.880118124264332131e-04
8.524374229066421574e-04
8.370424852691312747e-04
8.330198272979501446e-04
7.588751768790202206e-04
7.392166843184107532e-04
6.848956904100804866e-04
7.006115529251271973e-04
5.462347840896343001e-04
5.671949722058728044e-04
4.587277888507679388e-04
4.420100259635734727e-04
4.320301035649888014e-04
4.614820233715087594e-04
3.721198030481824960e-04
3.835311048059951520e-04
4.388152471052768930e-04
3.614139794495258148e-04
3.642242723112457787e-04
3.199443994350812683e-04
2.492509351472737048e-04
2.236197395327558222e-04
2.944607127812871416e-04
2.352581829505422648e-04
3.035417906581046885e-04
2.353489498103024000e-04
1.764407152363095619e-04
1.814696855289845649e-04
1.885661579380623241e-04
1.740937217367128221e-04
1.843970231664644505e-04
1.777962768554433592e-04
1.698004267631215123e-04
1.476113252594026838e-04
1.896229039637601504e-04
1.596054414746882687e-04
1.820872334647404532e-04
1.295762710513246761e-04
1.621026956378645732e-04
1.341682130833696544e-04
9.725395800978873899e-05
1.178690857039615524e-04
1.777099326475047871e-04
1.293174865153260409e-04
9.801586538795327571e-05
1.331170272877029196e-04
9.629345983353120486e-05
1.086571371105688973e-04
7.609440237865938402e-05
8.555585963860303466e-05
1.063762343191465912e-04
5.332856308696452889e-05
1.155309399283916294e-04
1.043977736768839619e-04
6.190753218041777787e-05
8.558666730349801183e-05
6.611517871412219533e-05
6.629312722024934684e-05
7.361456316996479467e-05
5.487473621397988575e-05
7.101768660204427750e-05
6.911168853047293479e-05
4.159711771041915880e-05
4.779847738850817867e-05
6.560421335223440243e-05
7.256687861738422049e-05
5.292408049836866911e-05
