3.682912641475444957e+02
3.755347796578441830e+02
3.808737094140960835e+02
3.851404277297099270e+02
3.880244269267616914e+02
3.879667871770604393e+02
3.849757878616607627e+02
3.790378728700387683e+02
3.702037651060770145e+02
3.586731113816301217e+02
3.449819459317562291e+02
3.297065758950645886e+02
3.135507247747543147e+02
2.973361065137562491e+02
2.820325224616357787e+02
2.686324809996618228e+02
2.578226123255056450e+02
2.511358165929818256e+02
2.506048592910584603e+02
2.605873691507925400e+02
2.946433822314979238e+02
3.994961456915156646e+02
2.935787537571870871e+02
2.380156154241639399e+01
8.499061137935959298e-02
1.532540295228458855e-04
1.376587727457769287e-04
7.267360174179060550e-05
1.473588860386737672e-04
8.776716895987480660e-05
1.020366530872784949e-04
8.409558133499420857e-05
6.742487943812838292e-05
6.212787058848655167e-05
7.646404358198200901e-05
3.567282134804055169e-05
6.424859749695909406e-05
2.962309112174309317e-05
3.746976965209191279e-05
2.421154211084007696e-05
3.009133401296295907e-05
3.335566911877307916e-05
2.992753124340478615e-05
1.385694628668825898e-05
3.210041669158651001e-05
1.378372461301086498e-05
1.641248151271510147e-05
2.804127028024384904e-05
8.790945462183113207e-06
2.527043310120004210e-05
1.531597754375398716e-05
2.945645260910012553e-05
1.672701234313302027e-05
1.640345804960258635e-05
5.647909358172695640e-06
5.815663076940640635e-06
2.128849529216173908e-05
4.065837749382220789e-05
8.339950705058950947e-06
3.035306902640952609e-05
7.625787174703663476e-06
6.364249618109576609e-06
1.180132157185820319e-05
4.425932378636519615e-06
2.046858037848172179e-05
7.898100111209455904e-06
4.096435251849723486e-06
1.953558668620224265e-05
4.505333186620595398e-06
4.610891378474689162e-06
3.005311008756154573e-05
6.360964193140459854e-06
2.076398886706619575e-06
4.415228997424315794e-06
1.357644864994098321e-05
4.521340128664045985e-06
4.637694853926177530e-06
1.515522125098793008e-05
7.067884554154721791e-06
1.303092183740319568e-05
1.528214472893789017e-05
5.873773072077407939e-06
2.995595064053051842e-06
3.184197186910530032e-06
3.127739240148407131e-06
5.654357432124020213e-06
3.593404608303737084e-06
9.830597440283227046e-07
2.189206073927647239e-06
1.316440370639323018e-06
1.266463811057229126e-06
2.141043257550576520e-06
2.629138558221357932e-06
2.027353372784861690e-06
2.186263981308734859e-06
9.425376623381806675e-07
2.602384904706569621e-06
1.574022941813129590e-06
1.873183152806884766e-05
5.613284501906592814e-07
