5.061568431616169619e+02
5.168916132501460652e+02
5.257556323455117990e+02
5.342364219148357734e+02
5.422813312634372096e+02
5.482066403126858631e+02
5.524210675397969226e+02
5.548825328227860609e+02
5.556209119453627636e+02
5.546743045173550399e+02
5.524523467093832778e+02
5.492801663571983681e+02
5.457568017096044741e+02
5.425114481951679863e+02
5.405770714844289841e+02
5.413323302773544583e+02
5.458149835134846626e+02
5.563956714495921005e+02
5.775153842732125895e+02
6.187463959942343763e+02
7.112735345944013261e+02
9.594782036821917472e+02
6.962228090085767462e+02
5.598984916888126406e+01
1.970725153989312251e-01
2.148527256603523054e-03
1.870731845830023469e-03
1.610134049735410062e-03
1.581735590608515781e-03
1.332186971787793642e-03
1.328782027691494854e-03
1.067196074175535145e-03
9.903832276106066396e-04
9.551637017866277009e-04
8.275895803227723609e-04
8.313114778881320038e-04
7.836416984903194719e-04
7.833105477555204728e-04
7.262193810864498930e-04
5.850098821405706013e-04
5.861305836549734463e-04
5.423981248201947955e-04
5.428219701882500223e-04
4.485427941145111986e-04
3.961963328614866641e-04
4.950309166524115637e-04
4.336666367868134697e-04
3.698781841017320399e-04
3.577473443474315931e-04
4.015191265499125058e-04
3.868317462781807148e-04
3.206774476873305727e-04
2.460460467042970955e-04
2.421668541770904265e-04
3.479904387964500830e-04
3.562124026040198489e-04
2.517394824767306156e-04
3.598267088534235435e-04
2.331185512263860829e-04
1.797228995551089753e-04
1.719423583417572154e-04
1.908793412533115786e-04
1.961994116477311302e-04
1.889422951610181527e-04
1.289687631753042864e-04
1.419966702465968577e-04
1.354796349208646446e-04
1.353425984477101354e-04
1.596501638859204911e-04
1.794190209101712431e-04
1.008865926458534765e-04
1.478028986881425855e-04
9.914902677079102380e-05
9.804685681937117989e-05
1.345901098370348638e-04
8.937858410734719045e-05
1.475738925533755198e-04
8.022386633728509396e-05
6.933708907275111825e-05
1.105743042255309861e-04
6.329378463769167146e-05
5.616025952734657138e-05
9.049040331196956473e-05
9.976371176664772320e-05
7.775369588779823093e-05
9.636881972001851702e-05
9.573455286923585451e-05
4.751692743725373483e-05
9.769764385804982588e-05
5.704543699264005846e-05
4.264411055050993591e-05
6.501195996191996439e-05
6.352496878452572901e-05
6.234407518498506686e-05
8.354041339735895054e-05
4.148805548527801344e-05
5.472448084178099695e-05
8.098423427823158945e-05
5.356074091534965753e-05
3.749184737727397803e-05
