3.682071476133529018e+02
3.753306546952121039e+02
3.805515302836971046e+02
3.846668326303026788e+02
3.874299416220844137e+02
3.872881642488872558e+02
3.842271157991231689e+02
3.782267305427230895e+02
3.693149553495911732e+02
3.576904317742963713e+02
3.438722839941555094e+02
3.284067898176791687e+02
3.119554826506516747e+02
2.952621650955406949e+02
2.791312130919347396e+02
2.643863374253269285e+02
2.514053999468063409e+02
2.412459483545584078e+02
2.352884411369967665e+02
2.366801977275560205e+02
2.557281515108835492e+02
3.270418100948445499e+02
2.309814663311828724e+02
1.833487857507081742e+01
6.362116033446151009e-02
1.776943197403945036e-04
1.163523464868827101e-04
1.450145217322368991e-04
1.228715322585043437e-04
1.924778170744560074e-04
4.993371417662941994e-05
4.677916683264017150e-05
4.574376940794594389e-05
7.461343212705134431e-05
4.954126522415916212e-05
5.458650339421981112e-05
8.685705534420778517e-05
3.490579583555467513e-05
6.969230423965282184e-05
2.738795959605120711e-05
3.393203798862653997e-05
3.746621839642274898e-05
2.340317670768143898e-05
4.125276979188288382e-05
3.179510211556404775e-05
1.966163113069875219e-05
2.106254526060588839e-05
2.372485328126725318e-05
3.067091519840895597e-05
2.213363553993374921e-05
1.576518953397488865e-05
1.581340668889276319e-05
2.040732917010900974e-05
9.886713611046835909e-06
1.296087001561267845e-05
9.718791149835067755e-06
5.714767143987058331e-06
5.678711161887722381e-05
9.279541714697510629e-06
1.857793490255153895e-05
6.764615649018029003e-06
4.154886226833317398e-05
5.649555319663255914e-06
4.480620820356149891e-06
1.459246212798229309e-05
8.400799512426399801e-06
4.611816635247123486e-06
4.527928248738217448e-06
6.565674350472110759e-06
3.777585175369758508e-05
1.865364042588326987e-05
6.443004543773802759e-06
5.370372228721522909e-06
3.962155005865497515e-06
3.084512770436099803e-06
2.941384190435769597e-06
1.993851303912682387e-06
1.279340073858905902e-05
5.661053003949392412e-06
2.623182351631688551e-06
1.894282145300765541e-05
4.349870237242549565e-06
2.854243638278970124e-06
1.943412079362537494e-06
2.884977028334074462e-06
9.386957285152498998e-06
1.026927513692044158e-06
1.967446600698647657e-06
1.803874920053911184e-06
1.246395442645721406e-06
7.623469788243612006e-07
2.843827008146436665e-06
3.732229478457958972e-06
2.845970650058562576e-06
8.546722428251188775e-06
5.031466964548295690e-07
1.041257723639116919e-05
1.409332103709647557e-05
1.855794771977848999e-06
6.623325216676473719e-07
