5.061276156259938830e+02
5.168254851158875454e+02
5.256199705895461420e+02
5.340474656010999297e+02
5.420238456299928202e+02
5.478678456307083025e+02
5.520075902952971774e+02
5.544034960700570309e+02
5.550806525566284790e+02
5.540825575051320584e+02
5.518028313024796034e+02
5.485808226435293591e+02
5.449927065651294242e+02
5.416839718939613704e+02
5.396692145737823694e+02
5.403352132686281948e+02
5.446948064895466359e+02
5.551375023508933282e+02
5.760688761861060811e+02
6.170203063976962312e+02
7.091025166962239155e+02
9.563498755670033233e+02
6.945273843963962008e+02
5.589817701764535940e+01
1.969775185247020499e-01
2.065215604310377366e-03
1.969862411343352351e-03
1.683618824495780033e-03
1.484153130465746488e-03
1.278615771908168984e-03
1.259590694445839260e-03
1.065638994446473564e-03
1.016130169603030693e-03
8.853415742386729894e-04
7.709453481974751785e-04
8.268013127424400730e-04
7.156343107478711600e-04
7.297022507068348911e-04
7.136692983490471823e-04
5.644277139444377981e-04
5.199389121879975087e-04
5.111459635841500383e-04
4.818245395106182552e-04
4.811268920184414940e-04
3.727687988320893910e-04
4.500219323043191336e-04
4.387880193741534461e-04
4.046084249358779207e-04
3.317602341358458109e-04
3.800786646392582914e-04
4.018533646827046916e-04
3.118368578763882682e-04
3.220186602331535008e-04
2.300398691450245849e-04
2.778479373649993798e-04
2.738788288942101828e-04
1.987055386468317847e-04
2.052733027780574932e-04
1.807809999010184701e-04
1.952912607881961843e-04
1.703787467939086415e-04
1.798917217512518388e-04
2.130958761848318606e-04
1.777509659161659642e-04
1.516392926141409418e-04
1.655524398379258904e-04
1.723833675120008319e-04
1.727188440385704897e-04
1.542636349001850484e-04
1.446510306443742533e-04
1.276668643227973281e-04
1.538179628612978760e-04
1.145449085859553669e-04
1.422601780913274755e-04
1.447364007995143368e-04
1.036828685701085106e-04
1.090166960439048060e-04
7.254146835480893777e-05
7.108805858365381861e-05
1.002219190848936285e-04
7.350848381050607730e-05
4.975514457433938493e-05
9.221082356145079268e-05
6.398324655613851612e-05
6.710588294095506544e-05
7.171439112704401306e-05
8.865202211225339823e-05
6.787537909546730800e-05
1.233625640225940805e-04
5.281614738817426712e-05
5.900382211632854981e-05
7.703501867218194793e-05
6.252251284743144167e-05
4.116225451206604138e-05
6.136322913369923954e-05
8.398800960892933033e-05
7.230013949233437274e-05
6.055978026937921269e-05
4.624772636449160494e-05
3.797912565154026925e-05
