5.061957927702958955e+02
5.170028384821002874e+02
5.259388053895457915e+02
5.345035792162237840e+02
5.426517737231664569e+02
5.486809784224226405e+02
5.529764288405588104e+02
5.555150335736125271e+02
5.563203312481907687e+02
5.554283834771283637e+02
5.532634274615251115e+02
5.501364180587814872e+02
5.466726341619362302e+02
5.435109035421049839e+02
5.416664711038749829e+02
5.425291466002491916e+02
5.471559134591848306e+02
5.579623299753577612e+02
5.794043104483130264e+02
6.211753112804207149e+02
7.146759931464507645e+02
9.654431913026477332e+02
7.007638790621003864e+02
5.634760702689509060e+01
1.982697315970430307e-01
2.100659944435977720e-03
1.830475972248372767e-03
1.846959433211741016e-03
1.611549208004856492e-03
1.385404381584705042e-03
1.284514820895714090e-03
1.120361871694375159e-03
9.813774082030272267e-04
1.063003578086208108e-03
8.276877266208922720e-04
8.192299725709064999e-04
8.384033374555550791e-04
7.542266250191928534e-04
6.915181501617535982e-04
5.523602193857369029e-04
6.435132850301525462e-04
5.513275477322773961e-04
4.605332829109912954e-04
4.678134978413323692e-04
3.805774896779865802e-04
4.065657486527797515e-04
4.058608385880400665e-04
3.699214624039030884e-04
3.397965731254619219e-04
4.262303550981414195e-04
3.580335647475314602e-04
2.825491718306234550e-04
2.850379010578222975e-04
2.791931031770131114e-04
2.461579465253321743e-04
2.941249027367796344e-04
2.381933221383051138e-04
2.632871400956401280e-04
2.537390455264379300e-04
2.365678803722797699e-04
2.045933394228459878e-04
2.018927384851689692e-04
1.842974853666119067e-04
1.972725796111477240e-04
1.485581153054506493e-04
1.730571918018647621e-04
1.733762793346341061e-04
2.036093575972583588e-04
1.567557557880801635e-04
1.463805309525799349e-04
1.621033833649979800e-04
1.591910437765777008e-04
9.443135487678440290e-05
1.079358627828343013e-04
1.517959331669386657e-04
9.045623182324089072e-05
1.251227867507874827e-04
1.011297999205668379e-04
8.245958095361846847e-05
1.087451784816658378e-04
6.976099315301765311e-05
6.085850706006114047e-05
6.865878692007749994e-05
9.920557439727854376e-05
5.791717952338638550e-05
9.628292811566186370e-05
8.866138055560515957e-05
7.518311141744695261e-05
9.533017697172828440e-05
7.590894079806365883e-05
8.040295027791116342e-05
8.046183946881053321e-05
5.856568792364173607e-05
6.478099938171201554e-05
5.770577647265711041e-05
5.860536021296723429e-05
4.346552683888710961e-05
7.356526120389368347e-05
4.164124335332578875e-05
4.218682976285874321e-05
