5.061334321786239343e+02
5.168362240883091090e+02
5.256445405737492820e+02
5.340835188845096582e+02
5.420718476777898331e+02
5.479306156904773388e+02
5.520842820668211743e+02
5.544941741083922579e+02
5.551824380854130823e+02
5.541992234123646313e+02
5.519268972825536821e+02
5.487207721726822456e+02
5.451470656982858145e+02
5.418482766472671983e+02
5.398476568110576181e+02
5.405320018615748268e+02
5.449152425326954017e+02
5.553931904122908918e+02
5.763651613172499992e+02
6.173537576881224140e+02
7.095239418158289482e+02
9.569403680496856168e+02
6.948040960033115425e+02
5.591132465820195563e+01
1.969628528519355992e-01
2.018578358102600563e-03
1.932815894571343705e-03
1.766506698176032331e-03
1.511121142754364571e-03
1.351066586120890480e-03
1.244116366777452349e-03
1.058050623621326070e-03
1.024972936423965359e-03
9.367313493739171668e-04
8.018661370630668795e-04
7.683703661252309263e-04
7.370806219426479736e-04
7.771933119674574253e-04
7.998214010814332954e-04
6.116835718581611035e-04
5.313729473253683312e-04
5.891387964711037066e-04
5.096972279804618021e-04
4.855385137852990672e-04
3.855203338322646563e-04
4.323828023682085853e-04
4.327619920104406833e-04
4.316191287425601803e-04
3.617480233959924525e-04
4.189347083623089522e-04
3.830095880311060316e-04
3.245910383156261131e-04
3.033604513129300843e-04
2.356626741058641004e-04
2.711366417294057808e-04
2.553865432920419671e-04
2.198112542587593512e-04
2.064014429950209199e-04
2.009696129279310182e-04
2.043118133583060158e-04
1.623669596881354620e-04
1.774867853147075786e-04
1.512389704283343338e-04
1.851103856161272676e-04
1.734302623618079497e-04
1.305809531729200011e-04
1.549802146031807495e-04
1.518457154970436461e-04
1.907973319177962092e-04
1.447103244343036024e-04
1.179711710875725616e-04
1.534350590553872323e-04
1.516380652661014703e-04
1.591126116392931587e-04
1.460299095031133054e-04
9.910711603885576852e-05
1.082750102572464302e-04
1.262937223709619894e-04
6.494315787080436541e-05
1.115883891350900528e-04
7.470119706178167591e-05
5.456289510562798871e-05
9.381723896447621770e-05
9.176840629462743775e-05
6.621393992882364102e-05
6.605836055835365107e-05
1.002765680055650951e-04
1.096620632095527667e-04
8.834293598790617466e-05
5.436462751428610828e-05
5.886163248189064354e-05
6.238479194386746291e-05
7.860007630709710171e-05
5.027860284266976755e-05
7.516961404012069577e-05
1.006769412625559043e-04
6.203349194481421077e-05
6.111960364808081687e-05
5.930701649219308197e-05
3.764624456300917892e-05
