5.062169259222037567e+02
5.170647160049045397e+02
5.260329528338189675e+02
5.346450063951838274e+02
5.428486698499746126e+02
5.489210168959767771e+02
5.532529222420157566e+02
5.558199891254441809e+02
5.566532856565902421e+02
5.557928774321924266e+02
5.536420347125358603e+02
5.505424639036099279e+02
5.471143019180918827e+02
5.439783680861555695e+02
5.421813658325286269e+02
5.431145016601901716e+02
5.478321017713955143e+02
5.587882480304442652e+02
5.804943909369723087e+02
6.227552870801862355e+02
7.172929347745565565e+02
9.706950162839760878e+02
7.054259619334194440e+02
5.674806666210010064e+01
1.997001078893715920e-01
2.031480235864621675e-03
1.869246376601109644e-03
1.628578477068283632e-03
1.571080884050411091e-03
1.388178972274971366e-03
1.283433829942359468e-03
1.183248210115802170e-03
9.839667544449040831e-04
9.333514223196189615e-04
8.809243726233173446e-04
8.746291029273830109e-04
8.661318617704381233e-04
7.456453319869617595e-04
7.794229783112095961e-04
5.895491714436467984e-04
6.260952686074806742e-04
5.346006971074722088e-04
4.399382862545666694e-04
4.490433840532692114e-04
5.665797269465469013e-04
4.679292187418796563e-04
4.324199400784442559e-04
3.841058838022821009e-04
4.468308354403059679e-04
4.516077333320695224e-04
3.620502866649096831e-04
3.248494741614712557e-04
3.401256744840527976e-04
3.023220165898994811e-04
2.331420664931389960e-04
2.715915466202730886e-04
2.083483441247116551e-04
2.831653011838080811e-04
2.124808929438769874e-04
1.743746747965485349e-04
1.908500467465028586e-04
2.036835338611669381e-04
1.788100472427014271e-04
1.956514560562318966e-04
1.745706039382882995e-04
1.675914370005270482e-04
1.615366318935370813e-04
1.813241689761921837e-04
1.585212536106797208e-04
1.881858501456697109e-04
1.341017624695559941e-04
1.647780952965495146e-04
1.363620392155422514e-04
8.740006302513842243e-05
1.238052029244922304e-04
8.654092170497497904e-05
1.861813862180111299e-04
8.578175429804566615e-05
1.397556265652854742e-04
9.206088089132607891e-05
8.053170925671349208e-05
9.929355467199473559e-05
1.180809131229844459e-04
6.770758677281452152e-05
7.037398322720535401e-05
1.091388946044045911e-04
1.226877984307174962e-04
7.513306847360886351e-05
9.775622728621067594e-05
7.676381588020825253e-05
4.918386808857537468e-05
5.851053547510993893e-05
5.572429147698952108e-05
5.062903208135755538e-05
6.888692145157951222e-05
4.061136134764429238e-05
5.007256672933630228e-05
4.402870504413177973e-05
6.852776195067782116e-05
5.124505111217073783e-05
