5.062026642639971215e+02
5.170218643107752996e+02
5.259684809074610712e+02
5.345475172743516623e+02
5.427130347978127247e+02
5.487557169463148057e+02
5.530629733001633213e+02
5.556103510460915231e+02
5.564260137025738686e+02
5.555433114565078085e+02
5.533848281044447504e+02
5.502642949204185925e+02
5.468132381792238448e+02
5.436584818809780018e+02
5.418301435484418107e+02
5.427123381767270303e+02
5.473654373371830388e+02
5.582138468591768969e+02
5.797231102086805095e+02
6.216281458308650372e+02
7.154021000555145520e+02
9.668605913980152309e+02
7.019943026083307132e+02
5.645160955813425829e+01
1.986385627805895282e-01
2.058902947986091143e-03
1.821686169714191146e-03
1.751937332931045215e-03
1.543308466668182792e-03
1.335279794969806109e-03
1.315102285341772630e-03
1.105742099265494532e-03
9.508254623362476059e-04
1.028731910615560564e-03
8.470650341322453515e-04
8.826809636013829841e-04
8.703751232908662865e-04
7.687473561433568478e-04
7.551383956350953561e-04
5.381783807738208360e-04
6.286560981441917818e-04
5.492864308486126047e-04
4.503214923702007094e-04
4.482351333495155732e-04
4.429901769185067939e-04
4.575256134942658811e-04
3.692376763909765015e-04
3.845066317262142621e-04
3.815858580286421008e-04
4.475720340831353789e-04
3.797686413768778775e-04
2.821559960698566123e-04
3.171700800044497618e-04
2.781898965540978647e-04
2.394643795438521809e-04
2.780915404542851706e-04
2.076319208203857394e-04
2.803692601386312700e-04
2.527969658748358515e-04
2.246561485342554775e-04
1.967174371133566940e-04
2.076911440856920004e-04
1.815189034922065387e-04
2.036847478288062146e-04
1.394517282865951919e-04
1.647960305630165128e-04
1.919673120714254235e-04
1.751902725590450034e-04
1.605970442951552520e-04
1.576826096115337508e-04
1.625581229369562806e-04
1.571099414301066987e-04
1.128860941786709549e-04
9.773092150485540141e-05
1.365621960013503069e-04
8.982180012421394732e-05
1.650757450671863744e-04
9.691535983560093488e-05
7.624579404953480994e-05
9.489332650247420098e-05
7.326879605161327634e-05
7.754210969087225438e-05
8.855958235905882052e-05
8.500218636552851585e-05
5.825018496983724387e-05
9.147024224311170893e-05
9.266095231623492755e-05
7.436835043954828747e-05
9.302221217457298699e-05
7.622980794035858236e-05
6.365563063467924248e-05
7.755906683683745000e-05
5.438531961232258532e-05
6.734212349506541763e-05
6.127537842105540856e-05
4.966112210907268142e-05
3.993973842392343950e-05
5.590571721248265556e-05
4.583607552835876076e-05
4.189902136652466538e-05
