5.063120507112338942e+02
5.173096411414949216e+02
5.264160664918563270e+02
5.352218949101479666e+02
5.436080095065663045e+02
5.498121618782332689e+02
5.542496390736062040e+02
5.569114866465816931e+02
5.578370214956136124e+02
5.570664143313809973e+02
5.550259601605281432e+02
5.520525114892756164e+02
5.487718073680472344e+02
5.458761914840285954e+02
5.444411237172125766e+02
5.459665245984555213e+02
5.517750693022317137e+02
5.646143953052659299e+02
5.895798991669975067e+02
6.376222372356143069e+02
7.433514928670326753e+02
1.023369003215740236e+03
7.527863345490475240e+02
6.096401174689631119e+01
2.161534524130689361e-01
2.018915737270571449e-03
1.974986757676055332e-03
1.638818081440975060e-03
1.632024171623927458e-03
1.326935334604635889e-03
1.290350143525006987e-03
1.045048370014366179e-03
1.032597308531133700e-03
9.447088831083072340e-04
8.488459877772313016e-04
7.934768103426614524e-04
7.588089520739603900e-04
7.916410873283283170e-04
6.630458267323376641e-04
5.767837920717999506e-04
5.521159579539999199e-04
5.196881650120605770e-04
5.482376439149227142e-04
4.524116223119137000e-04
4.249217109918628030e-04
4.655925778961227980e-04
4.507649015749082451e-04
4.189323315687654516e-04
3.569389612585989273e-04
3.990673708962015750e-04
3.543043532716565040e-04
3.167613248996759413e-04
2.843024967923050506e-04
2.576802391940913317e-04
2.427206757579063721e-04
2.329237290897649400e-04
1.998764717977932520e-04
2.344881862496920558e-04
1.991849271220940852e-04
2.341886860599739421e-04
1.903493754610326833e-04
1.707668093239278733e-04
2.051547436601239402e-04
1.934653907061863220e-04
2.608418835500926733e-04
1.305598090210823123e-04
1.582292172847434399e-04
1.449978615463646940e-04
1.680497214450924176e-04
2.287862969043377324e-04
1.367529586795782895e-04
1.507383280326528589e-04
1.075685205474365873e-04
9.575390505537492648e-05
1.337823375461380277e-04
1.208723862851901048e-04
1.041266977661846609e-04
1.076711132863550753e-04
1.040180125543351545e-04
1.222238725837413451e-04
6.944461743431420129e-05
8.601049579322282679e-05
7.905341743341711401e-05
1.030396814862405002e-04
6.377916854543519084e-05
9.497369722131352083e-05
1.062079483620503162e-04
5.670095098425683968e-05
8.969908342617893869e-05
7.009959003686174373e-05
5.869496612938874142e-05
5.862581540840307282e-05
6.113746968254174139e-05
4.048549827050531658e-05
5.228280735650382054e-05
4.615844690978879931e-05
5.432955907273883598e-05
5.362172203425404163e-05
5.554328551329887565e-05
4.048810698225982529e-05
