5.061796590884133025e+02
5.169539150873881681e+02
5.258601167736441084e+02
5.343865507377366839e+02
5.424937915858210999e+02
5.484797725768156624e+02
5.527414612934782099e+02
5.552472780694715766e+02
5.560308928101909487e+02
5.551187126741497195e+02
5.529259418590779660e+02
5.497888138573961214e+02
5.462842821073930963e+02
5.431011780044129864e+02
5.412186218942827054e+02
5.420278909992541685e+02
5.465928596302687765e+02
5.572932251564030821e+02
5.785921028460317075e+02
6.200805112388379712e+02
7.130580949612461836e+02
9.624364101421165287e+02
6.982969580132520377e+02
5.613987356438315857e+01
1.975001031586343381e-01
2.135512678831230377e-03
1.848349493266817365e-03
1.794767863265280070e-03
1.698952077516550788e-03
1.353051024315029671e-03
1.444349860151922498e-03
1.179252087006584654e-03
1.031088237978825765e-03
9.809882598087753171e-04
8.686144205039129148e-04
7.980341173561658922e-04
7.644854891682198970e-04
7.097588582420249776e-04
7.166919243951736743e-04
6.687624233129457231e-04
5.473064696963964764e-04
5.153462735332453928e-04
5.018259707501698244e-04
4.814932825532973752e-04
3.831770795072011234e-04
3.932560848862455788e-04
4.216567731754506006e-04
3.898725722173600671e-04
3.884909899463377561e-04
4.031294140992962576e-04
3.636572332494592214e-04
3.087990658486294013e-04
3.160923720122975626e-04
2.566219939870129324e-04
2.935431688285836051e-04
2.909694013134637145e-04
2.629878233292910370e-04
2.496712320024438696e-04
2.411414966075767848e-04
1.548184471928579469e-04
1.855256986650386344e-04
1.840869545668318279e-04
2.214581604658002946e-04
1.729521761533300481e-04
1.661905878215618046e-04
1.384528135631382260e-04
1.730880839464917463e-04
1.515021565589322414e-04
1.698594421837214296e-04
1.700624555724738010e-04
1.449331456777529583e-04
1.849762648721913448e-04
9.990371017016466801e-05
1.201905001638196217e-04
1.459188175175420057e-04
1.090523705840660233e-04
1.206011607240329930e-04
1.101516609858911393e-04
1.077024602320710608e-04
1.048846267631563429e-04
9.203996702376907545e-05
7.620814637692671948e-05
6.519702993572251324e-05
6.883479221242827897e-05
6.002117670831305527e-05
8.115261561663408407e-05
9.528527916030635528e-05
5.697515103960564334e-05
9.342849588993881304e-05
7.763202596882006249e-05
7.859918085378967811e-05
7.829840884092511893e-05
7.330156345661972242e-05
6.583167907739011844e-05
6.518950201832105363e-05
5.770745154495966181e-05
7.245968513358879749e-05
8.345130657650632602e-05
4.398852798318378442e-05
3.644809747652725748e-05
