1.791420567915709796e+02
1.818630428616087329e+02
1.820352323689416210e+02
1.821034824395952683e+02
1.820482478808401083e+02
1.818819759227690156e+02
1.815986682675317638e+02
1.811922725169220314e+02
1.807127775997269907e+02
1.800822067512575018e+02
1.793401509432226248e+02
1.784632856295252736e+02
1.774418153248576004e+02
1.763205473857983918e+02
1.750693291655960309e+02
1.736624466855708704e+02
1.721455383785881281e+02
1.705060523196800943e+02
1.687605908506723154e+02
1.668806323711993400e+02
1.649240521786018405e+02
1.628503580381921836e+02
1.606691942756582421e+02
1.584032672799219768e+02
1.560856611926427604e+02
1.536671408614820677e+02
1.512435693975143352e+02
1.487199313581810713e+02
1.462002725002734564e+02
1.436292892820885072e+02
1.410383036537470218e+02
1.384724737142024367e+02
1.358829895970731059e+02
1.332869463622138539e+02
1.307076057775301763e+02
1.281445693601912410e+02
1.256049047936355407e+02
1.230742067448686754e+02
1.205779050768270366e+02
1.181395336835854408e+02
1.157040850187050296e+02
1.133385936136009491e+02
1.110047547116891451e+02
1.086974684318415996e+02
1.064596043510839110e+02
1.042540039899245983e+02
1.021204935604998951e+02
1.000264241317720746e+02
9.795537406372855571e+01
9.595855466521574328e+01
9.402619103700462233e+01
9.211800629777071947e+01
9.028175255436021018e+01
8.847753078328530307e+01
8.671847834365918573e+01
8.503141164744960179e+01
8.338201820972631140e+01
8.175568871305807761e+01
8.018129586556665345e+01
7.866928927711796860e+01
7.720346635365349641e+01
7.578073297497391536e+01
7.439350289941101835e+01
7.304795868727434538e+01
7.176470541701139894e+01
7.051874917023400258e+01
6.931966658219435828e+01
6.814639347788735790e+01
6.704154161476667184e+01
6.595687719130930304e+01
6.493402841613541909e+01
6.394473781374740184e+01
6.298846482790445833e+01
6.210897107144942453e+01
6.124498643454394653e+01
6.042781777511515173e+01
5.964452628093041398e+01
5.889677800707232791e+01
5.820629247433337383e+01
5.755242168958687188e+01
5.692792824841778554e+01
5.634300383782405675e+01
5.579982693351986001e+01
5.529653929336262053e+01
5.481949200995061489e+01
5.439432527941951179e+01
5.396718362279371206e+01
5.360857802493872271e+01
5.326914001215245520e+01
5.295904645526594834e+01
5.267051085177781289e+01
5.239813786378698524e+01
5.214655543361325130e+01
5.192481023391637507e+01
5.172977834588022006e+01
5.157468112611336863e+01
5.141195368674097210e+01
5.127476081982993605e+01
5.113275312111235849e+01
5.102154433708753345e+01
5.092794777349704560e+01
5.084394311075129735e+01
5.077726079781943724e+01
5.071977731235951126e+01
5.066511322776000981e+01
5.061746989822960785e+01
5.059196274804805427e+01
5.056212663249905859e+01
5.054204484591412694e+01
5.052753139064355992e+01
5.050466652603181927e+01
5.048229357992023125e+01
5.047361881480815526e+01
5.046089095768437716e+01
5.044289268500847356e+01
5.042689210534427247e+01
5.040755206794587195e+01
5.041853188353375970e+01
5.041358303194030555e+01
5.039981282481994640e+01
5.038814877212909948e+01
5.036947399551182514e+01
5.035326733617378636e+01
5.033623245896473009e+01
5.032588162544366384e+01
5.029065626276181433e+01
5.026090645252075007e+01
5.023891896902622989e+01
5.021078999975375012e+01
5.016825774766338952e+01
5.010694478083811987e+01
5.007781108067371889e+01
5.003221416592081994e+01
4.997971378760436778e+01
4.993441852759259092e+01
4.988485732047133325e+01
4.983064176178485383e+01
4.976139864500809296e+01
4.969365510448223944e+01
4.962923897475478441e+01
4.954578449438484711e+01
4.947130928633993108e+01
4.938625242743753319e+01
4.930136546680812160e+01
4.922508730870031002e+01
4.912886909596509355e+01
4.904462266544651072e+01
4.896122654425067111e+01
4.886077385404488638e+01
4.876385751909114674e+01
4.866818945544998343e+01
4.855073193000460208e+01
4.846342358314158361e+01
4.835067004333563290e+01
4.825553483816589306e+01
4.815923075148474197e+01
4.804240074021157625e+01
4.792726662481867805e+01
4.782540371397011114e+01
4.770094198557831078e+01
4.759270768291688825e+01
4.746642082757060876e+01
4.735517657143299175e+01
4.724198947910708313e+01
4.711750088468112807e+01
4.701041583114933076e+01
4.690360296716094268e+01
4.679737741613421775e+01
4.666972720233129479e+01
4.655756836696880185e+01
4.643955461174741828e+01
4.632001189716117295e+01
4.621459567483196196e+01
4.609588556270284698e+01
4.598332357683960936e+01
4.586864380363265070e+01
4.575443701535018448e+01
4.564894482027341382e+01
4.553859539855138650e+01
4.544741335360544809e+01
4.533972590017499016e+01
4.523004826721133043e+01
4.512676554673771534e+01
4.503669730464854837e+01
4.492943477663958873e+01
4.483121913971769601e+01
4.472742249953226690e+01
4.463358247131899503e+01
4.454016765931910271e+01
4.444115060625617275e+01
4.433821130860440007e+01
4.425922586603738296e+01
4.415620521948953581e+01
4.407902666891830279e+01
4.398890225041130009e+01
4.391729554407802993e+01
4.384061106693033594e+01
4.376377411464595468e+01
4.370117979576968281e+01
4.363139993059005661e+01
4.356761137580645737e+01
4.350452860278750222e+01
4.343896677522484140e+01
4.338812257378462078e+01
4.335168181353960648e+01
4.331336671162936369e+01
4.326530989906492408e+01
4.323404037475307859e+01
4.320734331846320231e+01
4.319188861264946411e+01
4.316752245468889981e+01
4.314410706061928380e+01
4.313551628189150478e+01
4.313077812537478906e+01
4.314116638742265053e+01
4.315123786206566336e+01
4.316834941995751507e+01
4.319364535921464210e+01
4.322430966139114616e+01
4.326603452470814659e+01
4.331484682823944610e+01
4.338482055383325786e+01
4.344375328960692428e+01
4.352731107441805847e+01
4.363259561611877757e+01
4.375530387052413772e+01
4.388096860683477018e+01
4.402574981738651871e+01
4.419452125994223479e+01
4.437579807834044487e+01
4.457655348617685576e+01
4.480312951867568927e+01
4.505254923948599100e+01
4.532285898659907986e+01
4.564789197637564655e+01
4.598338439353557305e+01
4.636877767470813438e+01
4.680231539621409809e+01
4.727569013733765502e+01
4.779779551216564215e+01
4.838263760093136767e+01
4.908187218938672913e+01
4.986211370884784344e+01
5.076548809856476652e+01
5.179315264030204702e+01
5.299323255550401512e+01
5.436997243283798298e+01
5.590043590430963860e+01
5.761849558893034384e+01
5.953442313986150936e+01
6.157143326766632185e+01
6.358253423292365625e+01
6.548079605189147401e+01
6.704831590730097446e+01
6.805982025887936970e+01
6.834743049180789853e+01
6.764952173283171533e+01
6.581983848730338593e+01
6.285218527064213845e+01
5.875460788935097867e+01
5.367385951695676738e+01
4.778167871347776696e+01
4.145117920822214330e+01
3.493019760825411879e+01
2.866985586160307520e+01
2.285063857367178386e+01
1.763930134278245632e+01
1.322726303862759067e+01
9.619377601332669059e+00
6.776301419382205538e+00
4.622284258153551484e+00
3.055648594723234357e+00
1.965048722284170379e+00
1.219329264974207350e+00
7.321365731871551930e-01
4.300096313872259213e-01
2.440571561622210672e-01
1.326461415989493020e-01
6.999941098007629592e-02
3.737621495137658650e-02
2.039502326427757375e-02
1.060596905402057602e-02
5.959105282904810820e-03
3.957483168359391019e-03
2.921585628781073196e-03
2.554210213280043267e-03
2.366842290183729120e-03
2.292525298943936998e-03
1.962255089895527643e-03
1.957727388807277424e-03
1.696878518034603467e-03
1.777354282514954443e-03
1.752913457670701291e-03
1.728947481031714670e-03
1.782827787010786902e-03
1.655540039434813971e-03
1.629887152614575710e-03
1.593667587332375877e-03
1.658662071195960786e-03
1.522272149914609884e-03
