1.792067054433496764e+02
1.819910130292783776e+02
1.822005895602613919e+02
1.822875353951883710e+02
1.822388309985105082e+02
1.820828078123437024e+02
1.818077238597593919e+02
1.814049504513322972e+02
1.809319305682804497e+02
1.803078087791621442e+02
1.795708646255950498e+02
1.787018037433488473e+02
1.776855743787338895e+02
1.765657403107408072e+02
1.753171220968690704e+02
1.739189337694635924e+02
1.724048676320604443e+02
1.707669678610740505e+02
1.690236618496020924e+02
1.671445893787862929e+02
1.651986526319030872e+02
1.631213393207656281e+02
1.609443676240846912e+02
1.586873456009864185e+02
1.563668727811035239e+02
1.539554027209227911e+02
1.515340151219990616e+02
1.490094228739889104e+02
1.464945771245338051e+02
1.439324467656504396e+02
1.413385577816036971e+02
1.387823374753821497e+02
1.361992992590448353e+02
1.336039305940142583e+02
1.310317367807123787e+02
1.284725735414308758e+02
1.259404735578983150e+02
1.234223046450197216e+02
1.209394218440397992e+02
1.185128729748405618e+02
1.160950800176355813e+02
1.137479116493077669e+02
1.114386346957573011e+02
1.091597688475866050e+02
1.069541332969471199e+02
1.047889963496905779e+02
1.027003762637661310e+02
1.006592638857269009e+02
9.865392304663079415e+01
9.673160157005300164e+01
9.489114240142838241e+01
9.307647539053070318e+01
9.136161077437135702e+01
8.969023164225741596e+01
8.807879609969651824e+01
8.657155759119856953e+01
8.511388316818080568e+01
8.370271032693105440e+01
8.236620947117783942e+01
8.111913316542160146e+01
7.993693150663220592e+01
7.883153041943734252e+01
7.777720451223045472e+01
7.678549690964653962e+01
7.587582410292777979e+01
7.502792031454447397e+01
7.425146694699846250e+01
7.350742038821859126e+01
7.284796175983225908e+01
7.222666079271559170e+01
7.167183474383611497e+01
7.116716977476221473e+01
7.069134451609772896e+01
7.029951019765086073e+01
6.991891940098840053e+01
6.958721644484981539e+01
6.927607575655711969e+01
6.900527488650651264e+01
6.877538763890248674e+01
6.857947260751781471e+01
6.839672218763239187e+01
6.823576785902119468e+01
6.810099328677640074e+01
6.797773949198763432e+01
6.787078935383269140e+01
6.779417574950925029e+01
6.768030117691392888e+01
6.762323232524050809e+01
6.756117365350236526e+01
6.750617783083761481e+01
6.745056640401810455e+01
6.739918020275214872e+01
6.734106943054210603e+01
6.728931583607379707e+01
6.723982428757389584e+01
6.720735021975347934e+01
6.713361993827898289e+01
6.706926137125407195e+01
6.699429104008372349e+01
6.691776905320048741e+01
6.684291084487668400e+01
6.675544871502940225e+01
6.666879403263283166e+01
6.657428118340804701e+01
6.647313054952402922e+01
6.635555830460813809e+01
6.626956170950026603e+01
6.614657611059506337e+01
6.603438512899408863e+01
6.589899281454530922e+01
6.575501742233807079e+01
6.561183080416819280e+01
6.546453836987882369e+01
6.528961445583156831e+01
6.512459718283102461e+01
6.495542781868122972e+01
6.475463047301684583e+01
6.457721403713918562e+01
6.439837137723519334e+01
6.417690393923851389e+01
6.399700029262591272e+01
6.378241494143504298e+01
6.356541035463470735e+01
6.334423641125538040e+01
6.313597697740441106e+01
6.290697220018890334e+01
6.266566004709510906e+01
6.244793469643200012e+01
6.222628247824012249e+01
6.199535537968009891e+01
6.172227443735697960e+01
6.149573453207672458e+01
6.123611353096777066e+01
6.098901133601173541e+01
6.074378737979984066e+01
6.049399378536145377e+01
6.024179986662493747e+01
5.998926982559155618e+01
5.973546061247049010e+01
5.947148088872449279e+01
5.921373296630975602e+01
5.895814518743245003e+01
5.868071344729533223e+01
5.842143293037753438e+01
5.816939257595058876e+01
5.789556652748994026e+01
5.762336554929438392e+01
5.736807580819203167e+01
5.711505980106297642e+01
5.684590784050191559e+01
5.660401314978831522e+01
5.632578457270420813e+01
5.607230487387520412e+01
5.581432506221973711e+01
5.557804001041697006e+01
5.532238069694598437e+01
5.507499969213728264e+01
5.483445200668032982e+01
5.458596175459319255e+01
5.433772881560187784e+01
5.409681241975377475e+01
5.383856973402540547e+01
5.359146105324742138e+01
5.335773402947140198e+01
5.312019708138696927e+01
5.288716683391741924e+01
5.266184580603478338e+01
5.243053442242882056e+01
5.218880063335948449e+01
5.198577402609715392e+01
5.175059130970296195e+01
5.152475499099115552e+01
5.131570712024088721e+01
5.110503942452108816e+01
5.088683103564288501e+01
5.068752150144370461e+01
5.047159960837791459e+01
5.026498957963753611e+01
5.006987040783229048e+01
4.987922311588827284e+01
4.969209518988034802e+01
4.949928321810158138e+01
4.931105668604845960e+01
4.912966977969630733e+01
4.895023859866233096e+01
4.876921677283366563e+01
4.859144087916166654e+01
4.841393762580198512e+01
4.825087909820141618e+01
4.809090438779497134e+01
4.793051583365601687e+01
4.776391785026142145e+01
4.760772320036394945e+01
4.747377463574128598e+01
4.732456439486136190e+01
4.718226781093751043e+01
4.705814152993072952e+01
4.692183659304474475e+01
4.679046040357161473e+01
4.667637380643954970e+01
4.654604109392712985e+01
4.643490194257260839e+01
4.632901387162674922e+01
4.622401961740352760e+01
4.614604783674055710e+01
4.604972673218161106e+01
4.595707955729398719e+01
4.587353416950632123e+01
4.579948278812671703e+01
4.572806990005273065e+01
4.566148999850844348e+01
4.561390060675193325e+01
4.555974721136869476e+01
4.552444525131010522e+01
4.547935105687870561e+01
4.545413344748444473e+01
4.543797447155310465e+01
4.543627996952767489e+01
4.542584517357651919e+01
4.544393411446364439e+01
4.547237006313529406e+01
4.549315378717199820e+01
4.553716536961708528e+01
4.560566013561870591e+01
4.567364204996519561e+01
4.576837061367066184e+01
4.586683274189789472e+01
4.598076845334883700e+01
4.612728438146596233e+01
4.627923959922031116e+01
4.646067020624514043e+01
4.666413524546444336e+01
4.689155361479925688e+01
4.716117627461497364e+01
4.745670345669730494e+01
4.778464901723435077e+01
4.815312692679833617e+01
4.856910448527379742e+01
4.902692170329384425e+01
4.955201764572788647e+01
5.015188417926945874e+01
5.084212905281141559e+01
5.160868460879186870e+01
5.252363489139546715e+01
5.355129080671237318e+01
5.476485491509193793e+01
5.615047390258075666e+01
5.772791025503509132e+01
5.949991846298608777e+01
6.144123135362392674e+01
6.349652070489327116e+01
6.555142740210087027e+01
6.745474033787921542e+01
6.905422093796231309e+01
7.007177082174121097e+01
7.033775623541058053e+01
6.961643842654302716e+01
6.772781753044138497e+01
6.467762484833336600e+01
6.039999037393612014e+01
5.514553666996305736e+01
4.909001008163055246e+01
4.258268481554370766e+01
3.593191162175720166e+01
2.945493924813577635e+01
2.344886515075486599e+01
1.809675510542395571e+01
1.358199702875626969e+01
9.866736131264227438e+00
6.948559341033492487e+00
4.736740579562368936e+00
3.127874009611927519e+00
2.009037993669863464e+00
1.244309789874554761e+00
7.513737887310696362e-01
4.364798615414838268e-01
2.450634089475203503e-01
1.363508492353187052e-01
7.291362430633756275e-02
3.919809356598043248e-02
2.070089857649433027e-02
1.146167782768572549e-02
6.162593191163312674e-03
3.574068684417785156e-03
3.320995037906883125e-03
2.584654296639879358e-03
2.463718422737084645e-03
2.086252481687062878e-03
2.067708539425769376e-03
1.893639393229475587e-03
1.975909462785940297e-03
1.894362925378090690e-03
1.783746972933453320e-03
1.641396240776650615e-03
1.695136305277348838e-03
1.484827825054238883e-03
1.595717646393985832e-03
1.626343083528720762e-03
1.803942928381295670e-03
1.591920827448106267e-03
