1.292231686756127260e+02
1.305273510887570296e+02
1.304352043413357194e+02
1.303050030324542945e+02
1.300126197807662152e+02
1.296248230500249292e+02
1.291373390935708301e+02
1.284329999668103994e+02
1.276184245977674436e+02
1.266620833354993181e+02
1.255416138688706269e+02
1.242647827596043157e+02
1.227753908247327104e+02
1.211531678819867182e+02
1.193924036832658118e+02
1.174350595486604192e+02
1.153008240685966399e+02
1.130737767003164578e+02
1.107255666160692442e+02
1.082005082366991360e+02
1.056140295822955864e+02
1.029369788818989377e+02
1.001303637378967153e+02
9.729701138368061208e+01
9.440945940657628910e+01
9.147590857513407059e+01
8.855364506063294527e+01
8.559994957655807468e+01
8.267000281371454662e+01
7.976078846502463193e+01
7.686420217552060308e+01
7.402040558673778037e+01
7.122266343188110227e+01
6.849221495701203821e+01
6.582495994020671048e+01
6.323398302193689346e+01
6.066921697812196612e+01
5.823408490332965926e+01
5.585582084081963217e+01
5.357265215708402195e+01
5.134411433654653223e+01
4.922330780544385931e+01
4.716156834614149318e+01
4.518373424961383478e+01
4.331216058576521277e+01
4.149407759149875830e+01
3.977000880022145424e+01
3.813031922654449346e+01
3.652649676584486826e+01
3.501141136060727632e+01
3.356747501997354988e+01
3.217802688029607339e+01
3.086952205686086259e+01
2.962099989434581460e+01
2.841364867365336977e+01
2.726472375669658987e+01
2.617199893926186149e+01
2.513137806720947509e+01
2.414280544025516306e+01
2.319074092592846625e+01
2.228037404581361258e+01
2.143677003553602844e+01
2.062077535204459977e+01
1.983231225453750568e+01
1.909545390582287894e+01
1.839338072118860268e+01
1.772716151600535284e+01
1.708036863178454468e+01
1.647418509179098933e+01
1.588763677591891366e+01
1.534129882506709208e+01
1.481273731149364359e+01
1.430940726951586051e+01
1.384007504697688518e+01
1.339205556503050865e+01
1.296541543309932543e+01
1.255574435618634865e+01
1.217712276364586188e+01
1.182168518551043235e+01
1.147195694962283596e+01
1.115467307741023006e+01
1.085266769862371561e+01
1.055920985563069614e+01
1.030421392457436802e+01
1.003714587363679556e+01
9.817371759225757444e+00
9.573221362509583443e+00
9.372752777038840577e+00
9.176037344386308803e+00
8.997190240437500819e+00
8.825976413653632946e+00
8.664606178522161528e+00
8.519210278635405587e+00
8.394129408578415052e+00
8.259810685529373586e+00
8.154347295407205820e+00
8.047001721761059656e+00
7.949412189825023844e+00
7.864731759240385145e+00
7.778157711281285636e+00
7.692884514522221551e+00
7.626081523369066417e+00
7.563245497760362923e+00
7.508184814366460458e+00
7.460334432434239105e+00
7.412055555420617559e+00
7.373699467448103562e+00
7.329152278537447884e+00
7.297073855931456521e+00
7.264581970378963582e+00
7.231609585048216715e+00
7.207782859525953434e+00
7.184840263591872223e+00
7.170980409641440012e+00
7.162844396364461019e+00
7.136443864476556875e+00
7.126354414917942748e+00
7.110119418784354828e+00
7.104512083007850975e+00
7.093169312406745419e+00
7.091193321160972118e+00
7.069713804043001204e+00
7.055113789185674555e+00
7.052933119470253587e+00
7.042908349462474682e+00
7.037866068331317670e+00
7.030954466537675529e+00
7.030248947648538582e+00
7.016718787425714865e+00
7.015334728070431680e+00
6.994113290346124501e+00
6.993313235049653187e+00
6.974901369669371576e+00
6.966412967510728471e+00
6.954083286691457033e+00
6.935370214593906901e+00
6.926259260624647141e+00
6.919919091639005870e+00
6.904932668949994579e+00
6.890082367954568632e+00
6.873200003937300906e+00
6.858195779224236510e+00
6.840459050507181615e+00
6.816669848488850825e+00
6.793751723029547662e+00
6.789302079731391437e+00
6.767494371833486788e+00
6.746935718744579091e+00
6.714004072360694408e+00
6.698905830271542072e+00
6.669841852556499973e+00
6.641834159847348928e+00
6.618541271943184867e+00
6.586420438355869322e+00
6.561360592746900089e+00
6.527091459112448923e+00
6.506750514161669940e+00
6.479731513032068513e+00
6.447989851132863492e+00
6.417105394363817439e+00
6.389096841216087341e+00
6.348288345098909602e+00
6.319809993987695940e+00
6.294583128299564123e+00
6.254580201839821108e+00
6.230696246545347705e+00
6.203538359815461867e+00
6.166090923258000345e+00
6.127909711562097073e+00
6.096325556023253434e+00
6.070045708213001490e+00
6.020583862594018676e+00
5.999112017452716827e+00
5.952034390583220258e+00
5.920415528325571053e+00
5.884592355591141910e+00
5.851251829777741165e+00
5.816844004309839278e+00
5.781294825228138201e+00
5.749969267338100209e+00
5.713715725474887819e+00
5.679919741892565987e+00
5.642228771777202390e+00
5.612694587403287194e+00
5.580890012749780915e+00
5.542484019313835830e+00
5.509397634977681868e+00
5.475838693065775864e+00
5.444327259229289062e+00
5.407621216805030606e+00
5.373856590750317075e+00
5.343553085811436176e+00
5.308309086029314727e+00
5.281316825033475659e+00
5.242729623698526353e+00
5.208413487196796865e+00
5.179261335637420416e+00
5.148401042446494102e+00
5.119512361008673906e+00
5.090073604757587411e+00
5.056104985893600912e+00
5.028014752030786738e+00
4.990590077617929943e+00
4.967530864808294311e+00
4.939466242833684184e+00
4.919633130594673887e+00
4.889968284147067301e+00
4.862326032171647050e+00
4.840124838830281995e+00
4.816496762912720442e+00
4.787469172591550581e+00
4.764823392550978198e+00
4.745902129655910962e+00
4.726685694211886890e+00
4.703339317503075101e+00
4.671223551914509997e+00
4.649542979275186561e+00
4.627815597328460484e+00
4.615217931775583260e+00
4.603055395703348651e+00
4.588429171488517255e+00
4.575222972987426751e+00
4.562578895439703963e+00
4.548783347993675008e+00
4.539289927317036621e+00
4.531204170340465076e+00
4.523130470783346624e+00
4.518813603247205712e+00
4.511503443691051274e+00
4.505384886016448043e+00
4.511539715238743753e+00
4.517661163790358536e+00
4.520704197335160046e+00
4.527017370849433675e+00
4.532104809871977835e+00
4.551925239618867636e+00
4.570943346867959001e+00
4.589385135771913760e+00
4.620628396100881830e+00
4.648189010978159175e+00
4.686401065852907166e+00
4.734733422338548436e+00
4.782408283092081547e+00
4.847684367922031612e+00
4.931586682641257546e+00
5.025308338200880520e+00
5.126672895521753759e+00
5.252491249754610791e+00
5.390742496276895501e+00
5.535431005836774609e+00
5.700769593473523855e+00
5.871878001373261213e+00
6.015854357224371896e+00
6.142364767638759382e+00
6.208790962584316730e+00
6.229482892228083379e+00
6.158622645255592332e+00
5.978105556530256770e+00
5.689135417393925920e+00
5.322646172561992906e+00
4.855758423451334238e+00
4.312105862785958976e+00
3.723730603931471705e+00
3.148029217936305635e+00
2.572363729329986803e+00
2.045025474262527343e+00
1.574996935507644746e+00
1.191196003676547432e+00
8.611312913223324594e-01
6.026846344797781585e-01
4.113815519955703048e-01
2.739219015608603813e-01
1.722341136208177526e-01
1.093198544368412239e-01
6.521884468811359192e-02
3.944420172596074109e-02
2.161208077070193509e-02
1.280475203459566225e-02
5.954067703119105860e-03
2.889074117953496518e-03
1.670681455677338126e-03
8.352097590975814025e-04
3.049555160853062007e-04
1.300058632377681185e-04
1.269197597995450262e-04
1.328634230792028750e-04
1.183463909368353482e-04
1.179351291382737117e-04
1.098918345763641620e-04
1.306170168026513925e-04
1.725299165292860741e-04
1.044229201840144865e-04
9.870771455113080495e-05
1.207290864030251449e-04
9.161039346368784510e-05
1.702632257161761434e-04
1.346102534603752605e-04
6.411487284634542934e-05
8.288209267027902660e-05
5.699042110435529240e-05
