1.791502444649368044e+02
1.818794398608205825e+02
1.820560917051998047e+02
1.821278518875023167e+02
1.820728452079776503e+02
1.819089972260205741e+02
1.816261140590033563e+02
1.812213236416410211e+02
1.807407470602815067e+02
1.801119801690907423e+02
1.793718444710656854e+02
1.784962363163128600e+02
1.774733199698314934e+02
1.763528899907307448e+02
1.751028828777263016e+02
1.736964593061777009e+02
1.721798491995608913e+02
1.705402274214947909e+02
1.687957973774607581e+02
1.669148230157939850e+02
1.649598607117743256e+02
1.628869401740803653e+02
1.607051737080899727e+02
1.584403880129666220e+02
1.561235696411056608e+02
1.537054189413791221e+02
1.512829500642392588e+02
1.487582082216522394e+02
1.462381109095189231e+02
1.436722044439798367e+02
1.410767915600112588e+02
1.385131945562834233e+02
1.359248941880731252e+02
1.333272851228298066e+02
1.307494921400219141e+02
1.281866976993755998e+02
1.256462849302097169e+02
1.231169314284777982e+02
1.206226887961658889e+02
1.181824607183040570e+02
1.157498376658453338e+02
1.133840073798502175e+02
1.110526436771346397e+02
1.087440572003123691e+02
1.065073803899325640e+02
1.043021001754594863e+02
1.021740330935560763e+02
1.000828714958384182e+02
9.801204910702736584e+01
9.601822159513821475e+01
9.408890953843850014e+01
9.218110335098700148e+01
9.035080941118766873e+01
8.855280358009412112e+01
8.679821077481695113e+01
8.511732536073124322e+01
8.347630417109631651e+01
8.185728388978728276e+01
8.029613541073926797e+01
7.879544672747945810e+01
7.734390498688500770e+01
7.593562742675493382e+01
7.456893350631629858e+01
7.324339781159996221e+01
7.198422584014056724e+01
7.076883365443717366e+01
6.959901828697022097e+01
6.845929585621080093e+01
6.739098130664967812e+01
6.633895058111524179e+01
6.535906009416935092e+01
6.441502374771729933e+01
6.350379036402044619e+01
6.267509556474683308e+01
6.186213933172478363e+01
6.109982458064341415e+01
6.037071618322685396e+01
5.968421499320847801e+01
5.905130452687086517e+01
5.846054209206839403e+01
5.789900380034611516e+01
5.738068920270038831e+01
5.689572221223294690e+01
5.645112597611110061e+01
5.604840947564517961e+01
5.568086983112191746e+01
5.531157724307750101e+01
5.500795830547016152e+01
5.471696128553114136e+01
5.446785124205722894e+01
5.423558592337923301e+01
5.401392518542911603e+01
5.381702637053955129e+01
5.364089129548425205e+01
5.348832277783233735e+01
5.337269186305620394e+01
5.325034165370901462e+01
5.314631639030063326e+01
5.304479610562226100e+01
5.296944256472580292e+01
5.289312673739454596e+01
5.283372520673461992e+01
5.278833610576474200e+01
5.275194619656819128e+01
5.270898274752941859e+01
5.267758775643537206e+01
5.265913053714439229e+01
5.263036375447077120e+01
5.262186944146914414e+01
5.261354562152307324e+01
5.259572194321734884e+01
5.257389766037984202e+01
5.256628015376286811e+01
5.254559667205791840e+01
5.252868146573523234e+01
5.250736985825370340e+01
5.248552542806844912e+01
5.247780158405858231e+01
5.246206542205039369e+01
5.242514298065986367e+01
5.240569597013335112e+01
5.236969609197908682e+01
5.234505875665600882e+01
5.229537048025490265e+01
5.227158048627424591e+01
5.221661363173539172e+01
5.216250514006827643e+01
5.211052215200834326e+01
5.205025535750704080e+01
5.200421737787741705e+01
5.193796312518391289e+01
5.188466359410978157e+01
5.181051986275983978e+01
5.173571325093194417e+01
5.166481341467230237e+01
5.157742551200927039e+01
5.149957759340113483e+01
5.141119545760079745e+01
5.131576034890729687e+01
5.122891253263428268e+01
5.112066856507042445e+01
5.101462377308290996e+01
5.090349762825118063e+01
5.079927564488121305e+01
5.070722063129927193e+01
5.058601304943984900e+01
5.047272477379580380e+01
5.036325343864884729e+01
5.023457921132997939e+01
5.011091598122305157e+01
4.999278316281630197e+01
4.984560305792150103e+01
4.973467417143152147e+01
4.961286468727828236e+01
4.949206180784144493e+01
4.936487190988507479e+01
4.923638171360604332e+01
4.909818899137229664e+01
4.898311343587766231e+01
4.882604230229979692e+01
4.870343939408086698e+01
4.855442357619521232e+01
4.843005952633711075e+01
4.829788116203366144e+01
4.816576073975335959e+01
4.804740240586005484e+01
4.791243088094223879e+01
4.778046932883582798e+01
4.762662886867390455e+01
4.750582096915841390e+01
4.738078612308632387e+01
4.723706875763481605e+01
4.711019415355849560e+01
4.698016694725320264e+01
4.685073543881476610e+01
4.672620095807000951e+01
4.659479962113208273e+01
4.647476058602851623e+01
4.634357463291531332e+01
4.624095713962870491e+01
4.612270862934345672e+01
4.599592466739662200e+01
4.587566435928148678e+01
4.577054896500536785e+01
4.565294583885582824e+01
4.553606082260227339e+01
4.541864054201027301e+01
4.529890183589076003e+01
4.519682282243638127e+01
4.508289520808622086e+01
4.498151435747312377e+01
4.487701912690017991e+01
4.477102889580190492e+01
4.468042818268129679e+01
4.458570956920290485e+01
4.450397064337629160e+01
4.441880238854762553e+01
4.434449137437881205e+01
4.426795728987777068e+01
4.419053547502507229e+01
4.411053976854097414e+01
4.404053810534438895e+01
4.397488380003184005e+01
4.390625680489404203e+01
4.386708245043513443e+01
4.381793882738447365e+01
4.376911026567481144e+01
4.371803957666906371e+01
4.366611944101845921e+01
4.362935248387492493e+01
4.360162104764055613e+01
4.358342949507947850e+01
4.357174424696945891e+01
4.356644198563400039e+01
4.357131723943184909e+01
4.356989812994668654e+01
4.358107973457031648e+01
4.359470771661395361e+01
4.362164062530773379e+01
4.364986875897510288e+01
4.369481484934370030e+01
4.375217966266123426e+01
4.381617351215390954e+01
4.390492384291145100e+01
4.401379327047887102e+01
4.412829266044215615e+01
4.424804960753649397e+01
4.438955655691152202e+01
4.456186601746978937e+01
4.472818796595253588e+01
4.492223841558212882e+01
4.515031424290522466e+01
4.539747913084109854e+01
4.565967527841680607e+01
4.598496110858113894e+01
4.632125718391034752e+01
4.670022662903446786e+01
4.711893351766158133e+01
4.758934133593523796e+01
4.811394978940407441e+01
4.870363083694411444e+01
4.939209341856745539e+01
5.016873710348183835e+01
5.107916276713737602e+01
5.211218717631901143e+01
5.330850948460155792e+01
5.466901163033791278e+01
5.622327576371264257e+01
5.795555889917539361e+01
5.986832581471934134e+01
6.190248619453174683e+01
6.392276206295483121e+01
6.582372786628145889e+01
6.739463555287503027e+01
6.840899815684244345e+01
6.868449181141755844e+01
6.799416172764931332e+01
6.617184200532018679e+01
6.317985225283597828e+01
5.903704216847900454e+01
5.391774772269521065e+01
4.798264435577918618e+01
4.164954749061647021e+01
3.511963340833627001e+01
2.880406879835392076e+01
2.296464845790015730e+01
1.772822132125406469e+01
1.329905121610380903e+01
9.662301119445883657e+00
6.801931649248700751e+00
4.643639109809405419e+00
3.066027435759480557e+00
1.973621585219275332e+00
1.230774623543260393e+00
7.377644814026527165e-01
4.313334216031824431e-01
2.428428200412222349e-01
1.344535315132190378e-01
7.058572445192419498e-02
3.732781230349776352e-02
1.993131232772542283e-02
1.066880575243307240e-02
6.322494766245970871e-03
4.227455860383331175e-03
2.997586265466257484e-03
2.570036505350965436e-03
2.331518301744474764e-03
2.346053337319161172e-03
2.070125095473118043e-03
1.873557992671726589e-03
1.809282020659856586e-03
1.853285844046542166e-03
1.989491470450584221e-03
1.720968765976164244e-03
1.495957153617478563e-03
1.559582545664972087e-03
1.628666541250946374e-03
1.575262895920071871e-03
1.629185646846022066e-03
1.462383539823322153e-03
