1.292862757784487258e+02
1.306504661263138019e+02
1.305870760537226261e+02
1.304701329145884472e+02
1.301831765447746534e+02
1.297996853360641012e+02
1.293178103354859729e+02
1.286182985698995083e+02
1.278082005891709656e+02
1.268581417011737358e+02
1.257407208251145931e+02
1.244707350683036395e+02
1.229841266888947189e+02
1.213640227498221407e+02
1.196084299522109262e+02
1.176530077482521932e+02
1.155214158912228157e+02
1.132968962801840291e+02
1.109533355059490276e+02
1.084261204384998223e+02
1.058460707806160741e+02
1.031697397417479465e+02
1.003652726953668122e+02
9.753757808561528009e+01
9.465321018226353544e+01
9.172475780473905616e+01
8.880574052241152572e+01
8.585819972296141600e+01
8.293577986096109100e+01
8.003481482226116839e+01
7.714257552417822694e+01
7.431036364116071979e+01
7.152596639606700535e+01
6.881284334392856294e+01
6.616276038605590770e+01
6.359668908601937432e+01
6.105481780864000996e+01
5.865599368829538918e+01
5.631203967360973905e+01
5.407432523804082791e+01
5.189920871807003522e+01
4.984049715546360915e+01
4.785518639434465626e+01
4.596130408967857761e+01
4.418963866371390026e+01
4.248454667963475373e+01
4.089109865720578085e+01
3.939695638511976483e+01
3.795815992376042658e+01
3.662062972570614505e+01
3.538008262655542779e+01
3.420274684197890025e+01
3.313552278031905729e+01
3.213593589952991891e+01
3.119941863999055442e+01
3.033828893969378626e+01
2.955254035451475403e+01
2.883266631161354354e+01
2.817623459214680892e+01
2.757269020686443639e+01
2.701043652357637015e+01
2.654253825038257730e+01
2.609900562256936851e+01
2.569046982289809478e+01
2.534043130216499051e+01
2.502780197141692042e+01
2.474848881573416293e+01
2.449225184787064791e+01
2.427374490285809827e+01
2.406607489254222187e+01
2.391407518135383725e+01
2.376142142943313473e+01
2.361663021504257998e+01
2.350844911175469676e+01
2.340126836330940208e+01
2.330357790676255902e+01
2.320729606019126123e+01
2.313497174096604070e+01
2.307358127170138928e+01
2.299960815001072234e+01
2.292960923320303479e+01
2.287046197180946550e+01
2.279145520687517035e+01
2.275095177472879371e+01
2.266817160188738001e+01
2.263455321287943178e+01
2.253951241862442600e+01
2.247376033104956150e+01
2.240013738545692590e+01
2.232015912783228728e+01
2.223733578239464137e+01
2.213000742418484634e+01
2.204190681295262522e+01
2.195559122930798424e+01
2.183130991738289595e+01
2.171239854447129858e+01
2.159262845220251137e+01
2.146257454901933670e+01
2.134105669934716332e+01
2.120529398901594931e+01
2.106557643227279186e+01
2.091777599768506235e+01
2.076492604613304138e+01
2.060410567373037338e+01
2.045380862947139633e+01
2.027985769179132092e+01
2.011955144608186430e+01
1.993940831120643509e+01
1.976294469129707920e+01
1.959334909398522484e+01
1.942059198187457270e+01
1.922630722696582595e+01
1.904263599175546062e+01
1.885819114599790680e+01
1.867463088076975453e+01
1.847468487939072901e+01
1.828577118159996218e+01
1.809209512588050472e+01
1.789855713687009242e+01
1.770030225378771505e+01
1.750801631580624473e+01
1.730578300625913712e+01
1.711160351770619670e+01
1.691417991990844527e+01
1.671074859528905776e+01
1.652584193895260611e+01
1.632925919857289898e+01
1.613013702154987428e+01
1.593558633265396018e+01
1.574441227875649929e+01
1.553549858224060820e+01
1.535849618311557485e+01
1.516449017946918865e+01
1.497151545021269037e+01
1.478621178679168224e+01
1.458967534783813669e+01
1.441600240001248068e+01
1.424363955731193165e+01
1.405993869300517751e+01
1.387877546561261077e+01
1.370079515315592289e+01
1.351408869690365222e+01
1.334405173402693556e+01
1.314942595466143516e+01
1.299720858906706233e+01
1.281379035818907930e+01
1.264615191395084004e+01
1.249397630037532991e+01
1.232348565964235121e+01
1.216291674060953909e+01
1.200459666260414693e+01
1.184352181810471727e+01
1.169085869337949468e+01
1.154136798613601300e+01
1.140853069826132682e+01
1.126577251777052879e+01
1.111222793886231131e+01
1.097659658268094063e+01
1.082764244596991254e+01
1.069325707852840424e+01
1.055179506436818215e+01
1.041073996780647093e+01
1.028076240151292708e+01
1.014446136686536981e+01
1.000566829409864233e+01
9.874107729229661956e+00
9.753761283949845762e+00
9.634625577574801980e+00
9.518465583212673664e+00
9.391340108795297681e+00
9.282329871940115495e+00
9.157734209464656772e+00
9.050539651678668918e+00
8.929452656871742278e+00
8.817876179081698851e+00
8.718669388960632816e+00
8.613988263946440682e+00
8.509133169013592735e+00
8.409446006226870551e+00
8.305647083144220844e+00
8.202157643416690291e+00
8.096683774557378754e+00
7.995031053924726017e+00
7.897698126112421058e+00
7.811862813205355138e+00
7.726144627047081492e+00
7.638296970994108648e+00
7.555007674524353511e+00
7.472109828144311905e+00
7.389351412343482473e+00
7.300238205844329364e+00
7.227857389694286816e+00
7.145478916871878639e+00
7.068405121150943771e+00
6.998478021886613831e+00
6.922965830398930542e+00
6.845394918798572093e+00
6.764998539247446985e+00
6.696969853714108467e+00
6.626216269926064939e+00
6.566825953829619422e+00
6.500146674095756083e+00
6.434279898285037547e+00
6.377693605402277477e+00
6.320593406032356754e+00
6.267058425065544114e+00
6.211711217235359683e+00
6.153361932374536991e+00
6.093239041666190126e+00
6.029364041984081268e+00
5.985960348405772180e+00
5.933601761443747513e+00
5.884782416642540426e+00
5.840603306475612655e+00
5.792356520787709684e+00
5.744999351083404093e+00
5.699456411206887729e+00
5.666597563049031727e+00
5.634080915090938113e+00
5.596511385610534184e+00
5.563239299795693427e+00
5.520927526056766510e+00
5.482531612945927613e+00
5.454771146074765653e+00
5.434799125314587087e+00
5.417212228187256784e+00
5.389533572623299129e+00
5.366287856259280176e+00
5.344766005770200223e+00
5.325151393914388187e+00
5.312306318483832612e+00
5.305337578058242798e+00
5.299934578956001729e+00
5.298698240994578867e+00
5.296910208546453447e+00
5.305706173698935046e+00
5.313023607763978973e+00
5.324886540882289410e+00
5.340737905456787615e+00
5.365462056878540054e+00
5.389771939151817293e+00
5.435518594820880622e+00
5.482972995171116359e+00
5.552534595752756097e+00
5.636459456860190897e+00
5.729702047382791541e+00
5.831177742375682094e+00
5.943847689053250782e+00
6.089792297842602231e+00
6.255048496855629914e+00
6.424983973304430940e+00
6.604492783649927645e+00
6.769668774161901936e+00
6.882968803039855032e+00
6.941924977530208096e+00
6.957097326405346394e+00
6.878966873201231458e+00
6.660975756537583337e+00
6.349568050665159724e+00
5.933021020661625400e+00
5.423930697350038521e+00
4.812068958094136484e+00
4.155828065083672307e+00
3.491445449180901051e+00
2.860259342498870261e+00
2.283539703827247802e+00
1.755671550920750557e+00
1.313152342659628324e+00
9.575092191484549931e-01
6.703712032106826646e-01
4.580196841112006423e-01
3.040035976281482699e-01
1.961620741350385277e-01
1.240747114251947031e-01
7.562290356215697895e-02
4.118434330262785159e-02
2.328178189207480431e-02
1.170457278668608075e-02
6.866039639826017685e-03
3.651852493966156743e-03
1.778061121163297112e-03
8.963036146738445793e-04
3.802927265740294136e-04
3.149486814143139793e-04
2.214586485021493396e-04
2.297245208726064378e-04
1.538937946849511977e-04
9.117520368123589280e-05
1.206615647531689693e-04
1.193913112625240384e-04
1.685542699651549530e-04
9.346351972904109085e-05
7.238271922254299845e-05
9.742514462615956905e-05
8.656051657841680002e-05
1.684912467132599527e-04
5.630977512706259835e-05
8.947472333493244185e-05
1.430046942305719161e-04
3.536841985862793081e-05
