1.791071789638555174e+02
1.817901867389204256e+02
1.819347379965636264e+02
1.819836736765804801e+02
1.819164675529438000e+02
1.817475270710955897e+02
1.814586608191719677e+02
1.810488158095546964e+02
1.805648853687291933e+02
1.799295018361425491e+02
1.791847876383022538e+02
1.783059184793752081e+02
1.772793981772950076e+02
1.761536933305687569e+02
1.748976696696937552e+02
1.734920118605432435e+02
1.719718615151123231e+02
1.703286310808502719e+02
1.685786660323342403e+02
1.666961608543774673e+02
1.647431221243696200e+02
1.626608524951820129e+02
1.604811544491617212e+02
1.582104175440416611e+02
1.558916179744820454e+02
1.534724685504056083e+02
1.510471694063682264e+02
1.485204754691766311e+02
1.459994723537575680e+02
1.434308712070044010e+02
1.408332367287290197e+02
1.382697226288980517e+02
1.356774448087274152e+02
1.330798414611947464e+02
1.304958920304663650e+02
1.279304262108101540e+02
1.253886806885799245e+02
1.228560928220454542e+02
1.203582257248949787e+02
1.179172770220759219e+02
1.154823593375288482e+02
1.131191249123330920e+02
1.107751526193405027e+02
1.084658917875753872e+02
1.062269893045782823e+02
1.040173059883601354e+02
1.018809119062284481e+02
9.978226645821035845e+01
9.770480624498489419e+01
9.570312534924740078e+01
9.376493297591217413e+01
9.184891168500006131e+01
9.000734710855988396e+01
8.819308904283826678e+01
8.641956538096204099e+01
8.472252314089799086e+01
8.305967734499171229e+01
8.141246622848683501e+01
7.982289565305103451e+01
7.829010477523829081e+01
7.679498328105457006e+01
7.534361518531849811e+01
7.392539693044111004e+01
7.254003534369952888e+01
7.120928049379347158e+01
6.991466584651058724e+01
6.864930851829352321e+01
6.741066651721222058e+01
6.622425660479247256e+01
6.505132982758553339e+01
6.392987542438299897e+01
6.283572340322655236e+01
6.175924800162511019e+01
6.075564669720750999e+01
5.974544300781704464e+01
5.877491751354860838e+01
5.783037193436275913e+01
5.691110442131724056e+01
5.603291917895445096e+01
5.518627810102182707e+01
5.435047634609612288e+01
5.355088505076701466e+01
5.278392810700589166e+01
5.203837677971561959e+01
5.132908729933740943e+01
5.065156560470232705e+01
4.996466951930699452e+01
4.934217550834610932e+01
4.873473198537315199e+01
4.816828361908308409e+01
4.761071935204974181e+01
4.707618045658679762e+01
4.656302275201174012e+01
4.607759581783533775e+01
4.561849316888517336e+01
4.520000129036399983e+01
4.477958427650677464e+01
4.439126951410761279e+01
4.401980850860989136e+01
4.366240721441175054e+01
4.334288984986671522e+01
4.304262568656513821e+01
4.276485737836493684e+01
4.250601091128162068e+01
4.226223827804231803e+01
4.204185922156714383e+01
4.184679505044893943e+01
4.164833060736915371e+01
4.147827255160355264e+01
4.132560501176384093e+01
4.118403947711605184e+01
4.105333803764827394e+01
4.094433818978447448e+01
4.082681773103023204e+01
4.072486558239013021e+01
4.064340963218844394e+01
4.056141951677767565e+01
4.049837959989902458e+01
4.045269527275916488e+01
4.039719443232974072e+01
4.036458958701708610e+01
4.033033357765914673e+01
4.030693474293363465e+01
4.030246679860188408e+01
4.027690613691698474e+01
4.026522496065972945e+01
4.026113686331281372e+01
4.027922684637033512e+01
4.027817480548780793e+01
4.028062853431990220e+01
4.027233339834844372e+01
4.029122698806298786e+01
4.029744785994020617e+01
4.030874852886481818e+01
4.032163617110923326e+01
4.033996841901495856e+01
4.036353724651989694e+01
4.038491185161682751e+01
4.039181074232389790e+01
4.041783907636244066e+01
4.041735461241182747e+01
4.043421422232725604e+01
4.044762373191181126e+01
4.046669988583205679e+01
4.049132840579029136e+01
4.049297689178014537e+01
4.050778551553813855e+01
4.052592010684998058e+01
4.052784259105860798e+01
4.053633610185524105e+01
4.054718754689115201e+01
4.053703091972926131e+01
4.054377988226123364e+01
4.055263237180513869e+01
4.056583789869553414e+01
4.056527923405826641e+01
4.056479457361210450e+01
4.055283788895575015e+01
4.055048899114507321e+01
4.054014667856220200e+01
4.053720220308622402e+01
4.051815868774333040e+01
4.050815446919100538e+01
4.050070987471036688e+01
4.047689152726127304e+01
4.047041471019647219e+01
4.047174814083156491e+01
4.044667158852692523e+01
4.042832350400488650e+01
4.041079058672924162e+01
4.038509652931141147e+01
4.035621139180550898e+01
4.034466089920127274e+01
4.033079758900765910e+01
4.030163036332051973e+01
4.028381826310501168e+01
4.025664849263222322e+01
4.023903223253259398e+01
4.021931786787060048e+01
4.021262669382608124e+01
4.017144031724833297e+01
4.014928031416713594e+01
4.012955142347151138e+01
4.010389044722921170e+01
4.007963838285517255e+01
4.005500233792350429e+01
4.002840139423573618e+01
4.000309160459070057e+01
3.998337199593543545e+01
3.995788438389830333e+01
3.993536231920487012e+01
3.990384995024235337e+01
3.989661072822159582e+01
3.987579087852611792e+01
3.986502206806206061e+01
3.986052885109096877e+01
3.984777234409349234e+01
3.982857440703394047e+01
3.980909676385780216e+01
3.980410026205876761e+01
3.980128193069177911e+01
3.978985787500273830e+01
3.978868039241110210e+01
3.979179057407559128e+01
3.979865534604986976e+01
3.981458987033098396e+01
3.981755010151295693e+01
3.985000790566873974e+01
3.986547746883604049e+01
3.989240314029298418e+01
3.991386524944922343e+01
3.994611202295217822e+01
3.998096047428933986e+01
4.001825861640602966e+01
4.007248994605245684e+01
4.011750523294043802e+01
4.019451555700386791e+01
4.027017768831407807e+01
4.033158055810461207e+01
4.040323193177673033e+01
4.049959060714868286e+01
4.059546602335183962e+01
4.069986031583516706e+01
4.081413701541924155e+01
4.095749267111391134e+01
4.110868081760170867e+01
4.125339255546352746e+01
4.143619368499662414e+01
4.162898555000564471e+01
4.183389047804561756e+01
4.206247187744435934e+01
4.231685633585406237e+01
4.257927078089501549e+01
4.287976765026354542e+01
4.322009135422581494e+01
4.356131874306680629e+01
4.395983029623445049e+01
4.440858183347520338e+01
4.489735624075277087e+01
4.543580077092932612e+01
4.603578345661520643e+01
4.672291976217848486e+01
4.750176149854581809e+01
4.839124032707611178e+01
4.939705165308781432e+01
5.058107648254225808e+01
5.191779128579223368e+01
5.344043758716258452e+01
5.514134841655057073e+01
5.700486325473472249e+01
5.898489237867724455e+01
6.095920125049913452e+01
6.280281106986796402e+01
6.433431274766459751e+01
6.533135208806920957e+01
6.563159638517514338e+01
6.498371944971911773e+01
6.326259821107935011e+01
6.043857082503528488e+01
5.648120780856532974e+01
5.158062044378229416e+01
4.592364745660199787e+01
3.983882973263638405e+01
3.362730643285828336e+01
2.759053627161442535e+01
2.196626080284376670e+01
1.697271212863802958e+01
1.272237242577152472e+01
9.240205004057671090e+00
6.529246748693058322e+00
4.444329160131758272e+00
2.945821019646677197e+00
1.895456380778816730e+00
1.177021941563494600e+00
7.037120475896470051e-01
4.104226904139003929e-01
2.308000100523248388e-01
1.294070726390569581e-01
6.910889025892737181e-02
3.638069724193604415e-02
1.999932854385188044e-02
1.088263373897230268e-02
6.024625310062653102e-03
3.826527722501313258e-03
3.060717306394865334e-03
2.570861160171011243e-03
2.359953497233146721e-03
2.350142401288821559e-03
2.197377721294555691e-03
1.915632493254844099e-03
1.740575382340408530e-03
1.906867734297743294e-03
1.767550180905301267e-03
1.878091758254972835e-03
1.737358252878327481e-03
1.606847198844719559e-03
1.549895864575685485e-03
1.780615492589259028e-03
1.719794243936861779e-03
1.646295360064460979e-03
