1.791796243891170946e+02
1.819383125820871783e+02
1.821333428221339830e+02
1.822145545024005742e+02
1.821613638677209508e+02
1.820029818725680855e+02
1.817257435588417138e+02
1.813213870456667678e+02
1.808443814755318044e+02
1.802189609629420488e+02
1.794800449437938994e+02
1.786054516142744149e+02
1.775896587514177440e+02
1.764704665525688085e+02
1.752201576562194703e+02
1.738187016317528162e+02
1.723034597382931565e+02
1.706633256089061490e+02
1.689200481427463103e+02
1.670411073751525350e+02
1.650876386526476267e+02
1.630145043806440412e+02
1.608361730687802549e+02
1.585737165390206087e+02
1.562581474467194482e+02
1.538419300432309740e+02
1.514195539034690228e+02
1.488977835706066060e+02
1.463774124611221907e+02
1.438081385887264219e+02
1.412196828531956498e+02
1.386569859897620915e+02
1.360700165388553273e+02
1.334745530437081698e+02
1.308965921795115435e+02
1.283375768982584191e+02
1.257979143252479162e+02
1.232758267742491398e+02
1.207826512467440381e+02
1.183461717434021381e+02
1.159170397269474506e+02
1.135626929317147358e+02
1.112289767698901954e+02
1.089323644345023894e+02
1.067052975848161793e+02
1.045130476107668613e+02
1.023976271350678076e+02
1.003175865355549234e+02
9.826637711435428457e+01
9.629819251503940336e+01
9.439230957341888484e+01
9.251666748556857556e+01
9.071655452887219440e+01
8.896163910231621230e+01
8.724894128924087511e+01
8.562839561082449791e+01
8.405255419856212029e+01
8.250229776512196622e+01
8.102501897361266003e+01
7.961740050510654498e+01
7.827169669716799660e+01
7.697971262430019124e+01
7.574739220560078934e+01
7.456396152435959834e+01
7.344926473501409703e+01
7.239283116459779421e+01
7.139310202824216844e+01
7.044135884219016930e+01
6.955907220954965453e+01
6.871154306444530846e+01
6.794264175272567741e+01
6.721318852403767607e+01
6.652908750290302464e+01
6.593031995562631664e+01
6.535256095030739232e+01
6.482622295022206060e+01
6.433222136859292561e+01
6.388392477598042518e+01
6.349067302386084322e+01
6.312531645168814265e+01
6.278863975199682557e+01
6.248324821304582599e+01
6.221749520981344972e+01
6.197877409113931435e+01
6.176998158850624066e+01
6.160060703847898367e+01
6.140753843598299966e+01
6.128145340088347126e+01
6.115760481292946338e+01
6.106245592974760683e+01
6.096631886726368066e+01
6.087335976568576257e+01
6.079302731992348896e+01
6.072261003211825425e+01
6.066535710731690045e+01
6.062941930179312067e+01
6.057030496377397100e+01
6.053434121103313714e+01
6.048595423791284986e+01
6.044961588588267176e+01
6.042337555487049627e+01
6.037527265337650562e+01
6.035582372748293523e+01
6.031520009688796335e+01
6.027383256280392487e+01
6.024505216706336341e+01
6.020381223805583204e+01
6.014703428942365804e+01
6.010521537974766204e+01
6.005311393798844932e+01
5.999188261740558659e+01
5.992436296998234724e+01
5.985782672595782827e+01
5.977455366110929447e+01
5.969953257485319398e+01
5.960629955952788350e+01
5.951177715857529193e+01
5.941384495632735252e+01
5.932578600170091221e+01
5.920733637208589784e+01
5.911118938528352373e+01
5.899381905728392184e+01
5.886672912639544109e+01
5.874574717090849418e+01
5.861612496992529486e+01
5.848011062189097231e+01
5.833635847930596441e+01
5.819150245556599543e+01
5.804591947106622740e+01
5.789241986159455422e+01
5.770135145735263649e+01
5.755173614992347098e+01
5.738127448498511995e+01
5.720737809887086200e+01
5.702100059996500647e+01
5.686839572329167680e+01
5.669550467203202970e+01
5.651616762102779035e+01
5.633289824862875861e+01
5.614598415344447346e+01
5.595510745311618450e+01
5.576565237974217126e+01
5.556417190358492775e+01
5.538189795180223030e+01
5.519135063651120987e+01
5.498576110330819233e+01
5.478963485291996705e+01
5.459584149626864047e+01
5.439263373758173259e+01
5.419827249455238416e+01
5.399839257333621845e+01
5.378961042495886602e+01
5.358670692406175817e+01
5.338245587715579177e+01
5.319078164245279083e+01
5.298525322749706135e+01
5.279024880747717674e+01
5.258936517171280656e+01
5.239083361265797834e+01
5.218930885856743629e+01
5.198820028027549256e+01
5.177840003975551753e+01
5.158620856737459093e+01
5.139622580887454006e+01
5.120211656222461016e+01
5.100299520155616761e+01
5.081720348712794078e+01
5.063593938465270838e+01
5.043105828766064036e+01
5.024987291733553718e+01
5.006098873217593592e+01
4.987060308066354253e+01
4.969893349493663237e+01
4.953058440309586530e+01
4.933759174648666601e+01
4.917076021898800064e+01
4.899717391371314079e+01
4.882400799612562992e+01
4.865978079026404401e+01
4.849133042587441622e+01
4.832861125441825578e+01
4.816155872291155049e+01
4.799849483630428182e+01
4.785238392130314367e+01
4.769313852549379362e+01
4.753352161533630493e+01
4.738978086844038273e+01
4.724225965339437749e+01
4.709690505071278466e+01
4.695695686907298239e+01
4.681484996376667596e+01
4.667159969494044702e+01
4.654005964052188205e+01
4.642066066207443242e+01
4.629922325299865804e+01
4.618876271518740140e+01
4.606804653738662836e+01
4.595567862556340799e+01
4.584055284456411528e+01
4.573888992745150972e+01
4.563149654850200676e+01
4.552413006829605280e+01
4.542908011673671353e+01
4.533184854791695528e+01
4.526149892245554440e+01
4.518797867256505185e+01
4.511917213319041764e+01
4.505096986396941361e+01
4.498387122474478872e+01
4.494566772207583227e+01
4.489343661708360145e+01
4.484912836465407082e+01
4.482206155875404363e+01
4.480126699364327436e+01
4.477901151151386472e+01
4.476275630321250532e+01
4.475467511268181653e+01
4.475331125480447270e+01
4.475705598163172994e+01
4.477471394552883766e+01
4.481169756991388198e+01
4.485055398711485708e+01
4.490914185043097007e+01
4.497886471360015292e+01
4.506153608949264822e+01
4.515340572427086840e+01
4.525986194072504532e+01
4.539820860244817879e+01
4.554537558574218536e+01
4.569703286084889982e+01
4.587992145013267020e+01
4.608550902531587212e+01
4.631830742187727168e+01
4.657744069449598356e+01
4.688808298403775865e+01
4.721023757962247203e+01
4.759499983250587718e+01
4.802955190896414450e+01
4.850023928450499966e+01
4.903449965639877206e+01
4.963138615052635316e+01
5.031373611256647393e+01
5.108852902354867354e+01
5.199483997907245225e+01
5.303130845288502826e+01
5.423821648516298666e+01
5.560346508145320854e+01
5.716442578999690483e+01
5.892881593900277437e+01
6.087191034006774970e+01
6.293391942375547643e+01
6.497597397410028464e+01
6.689662290812665901e+01
6.846400171395320911e+01
6.946012134164017482e+01
6.972352268154961052e+01
6.901644595242369462e+01
6.718038611021185602e+01
6.409725535823157827e+01
5.986261168834072066e+01
5.467131805200416750e+01
4.868371764519661582e+01
4.226062925641956269e+01
3.565505440495930145e+01
2.923218061976444559e+01
2.326566711842406932e+01
1.795313749377705292e+01
1.345776105213597873e+01
9.780059762549299762e+00
6.890685844651393666e+00
4.705347758312247386e+00
3.116983048651606136e+00
1.996391920185710545e+00
1.245678875787909812e+00
7.441299017345095468e-01
4.383296095035484341e-01
2.458485128327502489e-01
1.359621049249828684e-01
7.166695027936072215e-02
3.853403465712666731e-02
2.075327210522737165e-02
1.077781029066245642e-02
6.321431067411462448e-03
4.105408428054984314e-03
3.132542583262400496e-03
2.396644816611462336e-03
2.372429063967086953e-03
2.231468715730432727e-03
2.121516814886066984e-03
1.888973686968193656e-03
1.836420358067959680e-03
1.738150803774210105e-03
1.781828033926662969e-03
1.599519726666141306e-03
1.634500470415783469e-03
1.616447925955640744e-03
1.524550025796879774e-03
1.547402013712628061e-03
1.625626639348566951e-03
1.788247230186003692e-03
