1.793364703017188901e+02
1.822337826549413080e+02
1.824806409332778401e+02
1.825814025797665181e+02
1.825429120327419810e+02
1.823977939618034725e+02
1.821319821199240607e+02
1.817393858383469478e+02
1.812687840834776978e+02
1.806535314869557567e+02
1.799214090411637414e+02
1.790587617217869365e+02
1.780438270237276299e+02
1.769309450478711199e+02
1.756886605594868058e+02
1.742919485707391800e+02
1.727838468714979285e+02
1.711499688949772633e+02
1.694172266837301493e+02
1.675439887544558530e+02
1.656019774446548070e+02
1.635386372290479073e+02
1.613740800347239599e+02
1.591283438331372508e+02
1.568247634293992121e+02
1.544303884979400436e+02
1.520250620137665578e+02
1.495373561747516078e+02
1.470536653734224330e+02
1.445277249709947114e+02
1.419827046459980977e+02
1.394859362056713792e+02
1.369656449009077335e+02
1.344670137825944778e+02
1.319917090727443565e+02
1.295516396894436468e+02
1.271690045956027717e+02
1.248102520443185455e+02
1.225222722555359809e+02
1.203172882811397528e+02
1.181583141576565907e+02
1.160989798951320040e+02
1.141220366497551595e+02
1.122063272636716960e+02
1.104147275905894503e+02
1.086944741860387040e+02
1.071034154470966229e+02
1.056000723629753253e+02
1.041751209774937621e+02
1.028634652983425184e+02
1.016715612636055397e+02
1.005467052645819308e+02
9.953358777443908423e+01
9.860156956880450707e+01
9.775359134316350662e+01
9.701154133618500452e+01
9.633962930920840506e+01
9.571271392348145923e+01
9.516874915358904730e+01
9.469672233590848975e+01
9.426993267388209574e+01
9.390140171578612183e+01
9.356753542909513044e+01
9.329147466287447799e+01
9.304654332325524990e+01
9.284823916363373542e+01
9.265531654626751390e+01
9.248686149292478831e+01
9.232960997578460649e+01
9.218095297153374190e+01
9.205597231542293457e+01
9.193767994135963306e+01
9.180039363561378707e+01
9.171305764115894021e+01
9.158904681176848328e+01
9.145575304500589198e+01
9.131745959087110975e+01
9.118856195037763257e+01
9.104188480616463153e+01
9.088814709966371197e+01
9.071736737419269048e+01
9.053999026775592540e+01
9.035303955812469212e+01
9.015263747161831986e+01
8.992824050372767886e+01
8.970023092885315918e+01
8.943341982463194029e+01
8.917998405868954137e+01
8.890676101805171072e+01
8.861991893330834102e+01
8.832502233578240691e+01
8.799922027985422801e+01
8.767234190142342243e+01
8.733364291726945794e+01
8.697211571493141946e+01
8.662748676343682064e+01
8.624807746524435004e+01
8.585522922180624050e+01
8.544201062258497359e+01
8.503604497032227982e+01
8.460993132937443306e+01
8.419990228096952478e+01
8.376531115009721873e+01
8.333005382657650273e+01
8.287037331206967394e+01
8.243085576173726281e+01
8.199060486913228374e+01
8.150778596678195242e+01
8.105816612010734445e+01
8.060699556012794176e+01
8.013427148770699660e+01
7.966464235745154099e+01
7.918654740933793335e+01
7.871720886762480518e+01
7.823122235625982057e+01
7.774056948339394069e+01
7.725370177534912841e+01
7.678061989224067929e+01
7.630134504621317149e+01
7.581023318277163980e+01
7.533123136983779489e+01
7.484304790915896888e+01
7.435315057996760402e+01
7.388058155069899158e+01
7.340614214308924090e+01
7.291952678100433616e+01
7.243963203149651520e+01
7.197529913088143871e+01
7.151480178998511406e+01
7.104426980684021942e+01
7.057113756657174974e+01
7.010468443714374587e+01
6.964126632105970316e+01
6.918759146570481278e+01
6.870866196403326853e+01
6.826808017905365489e+01
6.782668616520193439e+01
6.740238519480021750e+01
6.696444182326280270e+01
6.652640228951665335e+01
6.608057281558652107e+01
6.565239253910056050e+01
6.521620938407427559e+01
6.480411893810261859e+01
6.438097391747297138e+01
6.395407278452739774e+01
6.355282667546538988e+01
6.314677564849719715e+01
6.274813926493676064e+01
6.235201820827809627e+01
6.196779929085643346e+01
6.157510338049847576e+01
6.117852754827235628e+01
6.081000831760439240e+01
6.043687587882595835e+01
6.006642756305886621e+01
5.969419585373191239e+01
5.933319589445923725e+01
5.898637516974569905e+01
5.863116244907410390e+01
5.828760027093484553e+01
5.793632352118451223e+01
5.759354104470899216e+01
5.726655044924554261e+01
5.693528464686200863e+01
5.660528301201539136e+01
5.632102501308030895e+01
5.601338370863820160e+01
5.569579178405837894e+01
5.539781694325007066e+01
5.509381495513503069e+01
5.478910786633858265e+01
5.450613180156328497e+01
5.421839102612057815e+01
5.394063776704407331e+01
5.366614323224273164e+01
5.338621309237959878e+01
5.312153293280137234e+01
5.286167851461743084e+01
5.260345066856164209e+01
5.234478276144339048e+01
5.210094272345531863e+01
5.187295670720905605e+01
5.162534182320897003e+01
5.138274211568197813e+01
5.115535703320298921e+01
5.093502663827653976e+01
5.070502767625040264e+01
5.049129864673033552e+01
5.027917623797468138e+01
5.007531042511584474e+01
4.987249478738501551e+01
4.967153710809976985e+01
4.948784611561799807e+01
4.930663820650653406e+01
4.914025233015001248e+01
4.896506042623253308e+01
4.879358057714505748e+01
4.862428021486243779e+01
4.847635510133186898e+01
4.831250140196684129e+01
4.816412216930658019e+01
4.801723739000590285e+01
4.788112101613806715e+01
4.776342131950248415e+01
4.763223834913711840e+01
4.750234747828077531e+01
4.741008281593503426e+01
4.729844623852790875e+01
4.720220857667973036e+01
4.711115290374986131e+01
4.704416753758418679e+01
4.697094927376797813e+01
4.690642116494834113e+01
4.684962003380336881e+01
4.680497145328308761e+01
4.676163937220411526e+01
4.673159687131413875e+01
4.670287100545225201e+01
4.669341411414986709e+01
4.669524277160317638e+01
4.671333543431861557e+01
4.673932379420313055e+01
4.677245484412125620e+01
4.684177898020818986e+01
4.692422760151741556e+01
4.700063921798697208e+01
4.710086897864542976e+01
4.723810832701317963e+01
4.737586913980124592e+01
4.753935598923404626e+01
4.773487626873677669e+01
4.794977183012056088e+01
4.819237282920212095e+01
4.848409306528152740e+01
4.880516064225779616e+01
4.918298372435646826e+01
4.959160690403282956e+01
5.004533759019437866e+01
5.056756549595112915e+01
5.114800250793275893e+01
5.182990568775226592e+01
5.260354892630459744e+01
5.350249368252061544e+01
5.454791742899826801e+01
5.578164133048541373e+01
5.718963476597791384e+01
5.874851736533177160e+01
6.052426543389190527e+01
6.247337990979745825e+01
6.455042843829727417e+01
6.661261796451806561e+01
6.855125970511079458e+01
7.016252907001597805e+01
7.119228503020676158e+01
7.141841255845106673e+01
7.067183847769871363e+01
6.878180119524337499e+01
6.567259702978050484e+01
6.133614129379849800e+01
5.600401559594320133e+01
4.986010331913538352e+01
4.324746019517473172e+01
3.647065380110797861e+01
2.990652985811404108e+01
2.382435251181519220e+01
1.840324892336478158e+01
1.379787426291837171e+01
1.001213696602258452e+01
7.047733174874919015e+00
4.806011404359344930e+00
3.188176172517056095e+00
2.047575720010996747e+00
1.273561160801254699e+00
7.619825403708422318e-01
4.441251044458334185e-01
2.513651676335906249e-01
1.377772243133074670e-01
7.317613632352017172e-02
3.868722048675155706e-02
2.075187852499058364e-02
1.146143628303538005e-02
6.172103009031537635e-03
3.892069569833856921e-03
2.806532521430347722e-03
2.401349212410633892e-03
2.433976441370257638e-03
2.274832487752254453e-03
2.007369706657103226e-03
1.722071397907282359e-03
1.957097031015461990e-03
1.858310480421397279e-03
1.719525965686201753e-03
1.747110336350852187e-03
1.755784092368484857e-03
1.559531448668132012e-03
1.369033006393185646e-03
1.452961167552375629e-03
1.661666030470738574e-03
1.429690481389941535e-03
