1.792575239042345459e+02
1.820896563952474310e+02
1.823185767449880643e+02
1.824144153041645211e+02
1.823724089881861801e+02
1.822179195378263330e+02
1.819476883265348022e+02
1.815509723357913288e+02
1.810805343478970997e+02
1.804595126329781749e+02
1.797276501183233108e+02
1.788602916477233862e+02
1.778438044464089955e+02
1.767276881285970092e+02
1.754837355484032173e+02
1.740846072787619505e+02
1.725709066095035666e+02
1.709368170310229402e+02
1.691967697647156115e+02
1.673200532595532195e+02
1.653749740597660889e+02
1.633021216015776531e+02
1.611289483885972800e+02
1.588712267242589746e+02
1.565536392972022384e+02
1.541448513907975553e+02
1.517294210946873250e+02
1.492123093817325525e+02
1.467043389469260148e+02
1.441513037461617444e+02
1.415638338105983109e+02
1.390202554315286534e+02
1.364430796061850799e+02
1.338692745270063256e+02
1.313131135908328417e+02
1.287856404014575560e+02
1.262802310097440426e+02
1.237954670992091764e+02
1.213540618943704743e+02
1.189762597497527139e+02
1.166203719479517957e+02
1.143432432610125602e+02
1.121198363034569496e+02
1.099328818714740663e+02
1.078365888258484375e+02
1.057995262598317936e+02
1.038605972352193021e+02
1.019850963137779445e+02
1.001673644075884226e+02
9.845499899660596554e+01
9.683970709084974260e+01
9.528039181773019095e+01
9.383146377318331588e+01
9.245522001306444793e+01
9.115091153484293329e+01
8.996491300201890340e+01
8.885257543009771553e+01
8.778749652718157392e+01
8.682273242160842130e+01
8.594814468051836798e+01
8.514706019088743005e+01
8.441911166401986577e+01
8.374974727385828999e+01
8.314141549915750318e+01
8.260345024725324947e+01
8.212376365812117740e+01
8.168872581226206364e+01
8.129670239412078558e+01
8.096181710425861411e+01
8.065956521688056569e+01
8.040516909161441106e+01
8.017727259083561364e+01
7.995404368319867672e+01
7.981916499384502117e+01
7.966323250447899795e+01
7.952180399096062047e+01
7.939742625190281444e+01
7.928639382365579991e+01
7.918881995445264010e+01
7.911321388517491471e+01
7.901028102944053444e+01
7.892605320618302756e+01
7.883636813658389997e+01
7.875848134480237661e+01
7.867566023653736806e+01
7.860890054855599374e+01
7.847133388734030746e+01
7.838918847095528974e+01
7.828454599570132189e+01
7.817511905364629854e+01
7.806422753214769727e+01
7.791824875674356576e+01
7.778113114914461335e+01
7.763307618934722143e+01
7.746800228938647592e+01
7.730041443100036247e+01
7.711518422078825097e+01
7.693335673786060624e+01
7.671320494500061216e+01
7.649821928815681815e+01
7.627768694395346927e+01
7.605572440890063035e+01
7.581671792010092759e+01
7.555865806112610983e+01
7.529996116772939274e+01
7.503977781945492609e+01
7.477452725013390022e+01
7.449942540089209331e+01
7.422668217213545461e+01
7.393787685632875650e+01
7.363799554501687794e+01
7.331880582871407626e+01
7.300523307426189490e+01
7.267963292264846586e+01
7.236066778615121109e+01
7.201552646723584417e+01
7.168147467275791485e+01
7.135123834850077174e+01
7.100517030672716601e+01
7.064642737731850275e+01
7.031848300664387352e+01
6.996640817869871398e+01
6.960435530977548524e+01
6.925232254343268323e+01
6.890130555890389985e+01
6.853560472756075228e+01
6.818051857762513634e+01
6.782337473774306602e+01
6.746471122864413417e+01
6.710985407545994974e+01
6.672277502668620741e+01
6.636520304999538666e+01
6.600594391081003209e+01
6.564358820663086647e+01
6.527599498585655624e+01
6.492304751730884504e+01
6.456121291883941637e+01
6.422045677361703042e+01
6.384695224702922900e+01
6.350272934275033521e+01
6.314206069527909193e+01
6.278673707587629593e+01
6.242964463472670644e+01
6.207891560676044662e+01
6.174265333091945251e+01
6.139856083028131906e+01
6.104740879028998535e+01
6.070987003736593124e+01
6.036403157724627988e+01
6.002723521491246572e+01
5.969563895011550869e+01
5.936012905793533889e+01
5.902767577797084897e+01
5.869781312234682957e+01
5.839484784368750780e+01
5.807515569107772535e+01
5.775971213196129384e+01
5.745080092723464560e+01
5.714716772177215631e+01
5.683086377543565249e+01
5.653229924586170085e+01
5.622708045451019387e+01
5.592660607707266252e+01
5.564389712381185404e+01
5.533993426722031472e+01
5.505620141152108005e+01
5.477937334232446176e+01
5.451135371962127607e+01
5.423287373040399473e+01
5.397016478743694989e+01
5.369031273609647315e+01
5.341457260013908126e+01
5.316539058155848352e+01
5.290958216172805351e+01
5.265239844871585717e+01
5.241823152990520640e+01
5.216438908541316977e+01
5.192919837308485853e+01
5.170535789902257306e+01
5.147377238906012309e+01
5.124394779299782954e+01
5.103087988242216255e+01
5.080929634808398276e+01
5.059547819924051737e+01
5.038299548810059747e+01
5.017416439764659231e+01
4.996019641947967926e+01
4.976329347265549785e+01
4.957119995576039884e+01
4.937680282652893027e+01
4.919019570660979213e+01
4.900652412450702400e+01
4.883127123126566005e+01
4.866310512201533811e+01
4.849310161388886087e+01
4.834688858867916395e+01
4.816330499522749875e+01
4.801693423375482439e+01
4.786795361535581605e+01
4.772675582736179933e+01
4.758169487713482226e+01
4.745157869316965105e+01
4.732433363371993806e+01
4.719740239563328288e+01
4.708453047048748630e+01
4.698321110491815489e+01
4.688161114804142926e+01
4.678372606610195561e+01
4.668816835250247266e+01
4.660921575834164088e+01
4.654509512861100262e+01
4.646845287956111292e+01
4.640518851433494518e+01
4.633898185955207794e+01
4.628489364284072849e+01
4.624925237085740548e+01
4.620860462446205474e+01
4.618662968145911663e+01
4.617630068038765501e+01
4.617432762260002477e+01
4.619934641823065391e+01
4.621936596403595132e+01
4.624321218031565195e+01
4.629636906926852191e+01
4.636869253842743888e+01
4.645275634793534181e+01
4.652913710890585008e+01
4.664093354571853922e+01
4.677597942124464936e+01
4.691611163684591190e+01
4.708534907645607603e+01
4.728704053970400167e+01
4.750004477056351959e+01
4.775968757526580788e+01
4.805197821281603154e+01
4.838357504365146156e+01
4.875032407997920103e+01
4.917267119312847967e+01
4.963602052495006234e+01
5.015867987200588374e+01
5.075025396944175782e+01
5.143538732326050678e+01
5.220903991315032044e+01
5.312516781505425456e+01
5.416086822011912005e+01
5.539057239867620552e+01
5.675894334865990487e+01
5.833283930357418257e+01
6.008883528424274800e+01
6.204131249482004051e+01
6.411659317734685715e+01
6.618372039109689808e+01
6.812020702226968183e+01
6.971239382343560465e+01
7.073338283321369602e+01
7.097239493714856451e+01
7.025265981011574468e+01
6.833391234145423709e+01
6.524804745558627417e+01
6.097188220051598506e+01
5.565236295840088587e+01
4.954595055234740641e+01
4.300134422461379557e+01
3.626045552189183496e+01
2.973214988679404058e+01
2.368038170599312053e+01
1.828549943994894633e+01
1.369583718059222477e+01
9.951105340203806549e+00
7.008433295351379932e+00
4.774848950399544378e+00
3.155002194410118754e+00
2.033081172239199486e+00
1.267584441336776058e+00
7.592672048596772472e-01
4.432329004453859911e-01
2.477949770483287573e-01
1.381661905122764378e-01
7.421023418049775555e-02
3.955457737993860884e-02
2.106038321192631874e-02
1.150557363710215733e-02
6.455378578905861080e-03
3.948654284018257923e-03
3.256862973969847606e-03
2.630385726419052356e-03
2.534184986764605445e-03
2.295042873977468263e-03
2.076422910690037347e-03
1.886692767284678645e-03
1.889303180173912628e-03
1.936675175704046913e-03
1.626201001516575572e-03
1.616011437310221985e-03
1.628103808190296473e-03
1.625869499929068250e-03
1.741974300511513326e-03
1.608462841108831412e-03
1.747004473723355817e-03
1.426983431078895177e-03
