1.792241436914660255e+02
1.820239595756735582e+02
1.822414195414469020e+02
1.823325980301620177e+02
1.822877714204809365e+02
1.821294074124633084e+02
1.818567552898816189e+02
1.814560777780556009e+02
1.809856992267737894e+02
1.803607792329256370e+02
1.796271025396735297e+02
1.787582071432496207e+02
1.777419042702959189e+02
1.766225960760363307e+02
1.753757065799122472e+02
1.739788453937567567e+02
1.724642246897825544e+02
1.708267790917979880e+02
1.690860065720155774e+02
1.672072234582800832e+02
1.652605838259607367e+02
1.631856576252015429e+02
1.610131047107258837e+02
1.587507370334921291e+02
1.564328133813779118e+02
1.540217636915847379e+02
1.516023876924820968e+02
1.490798163583795883e+02
1.465646926462445663e+02
1.440048650313285918e+02
1.414139307712317475e+02
1.388616533756138836e+02
1.362759967703285895e+02
1.336888286026945423e+02
1.311166059146666782e+02
1.285652488842338812e+02
1.260410935623058037e+02
1.235291026702044803e+02
1.210563467284995340e+02
1.186397333081444003e+02
1.162340405830565544e+02
1.139037234335809643e+02
1.116153778571378439e+02
1.093563424442946399e+02
1.071766200681063594e+02
1.050398302733601668e+02
1.029880836443634564e+02
1.009930228052339345e+02
9.903590877931495129e+01
9.716634186021686048e+01
9.538889383129618693e+01
9.364109108399659931e+01
9.200346559519914535e+01
9.041977411654679031e+01
8.890175184864033042e+01
8.748948286475580005e+01
8.613970014100139849e+01
8.484439158444607187e+01
8.362688948555042145e+01
8.250020164605133743e+01
8.144536612640017381e+01
8.046935312870145651e+01
7.954923588181277694e+01
7.869787038816788538e+01
7.792858132269076066e+01
7.722124210702550329e+01
7.657761114752976539e+01
7.596712067408157054e+01
7.544192063329593623e+01
7.494003391466401354e+01
7.450220952609149094e+01
7.411546567420558063e+01
7.375466991853691923e+01
7.346692021438158804e+01
7.319163324916644342e+01
7.294905933032528367e+01
7.273184199763258562e+01
7.254013151971622619e+01
7.239094353358686362e+01
7.225804308632169182e+01
7.212089047537187980e+01
7.201103652588936654e+01
7.190725038578030137e+01
7.182174169979029443e+01
7.175186372341075014e+01
7.169711624222748014e+01
7.159800744589466603e+01
7.155554676132179281e+01
7.149378643594218374e+01
7.144102817968148145e+01
7.137381465952506687e+01
7.129570882668400600e+01
7.121789958550469635e+01
7.114808967550884233e+01
7.106682113389996402e+01
7.100367725326795210e+01
7.090735443715138331e+01
7.080298140829850695e+01
7.068593851242326309e+01
7.056375881159905816e+01
7.044435150596713413e+01
7.031204307294780165e+01
7.018487899677602115e+01
7.004325612693598657e+01
6.989218656622459491e+01
6.972703039634022559e+01
6.956989909722943821e+01
6.939394977307506451e+01
6.922515149297254311e+01
6.903329244881095406e+01
6.882855890724165704e+01
6.863090352965686236e+01
6.841559711551124678e+01
6.818963512103621838e+01
6.797700645764435023e+01
6.774524391546346180e+01
6.748751757257143424e+01
6.726338690319191471e+01
6.700826380527111326e+01
6.675094410973768788e+01
6.652120096439423946e+01
6.625034486888178265e+01
6.597513420627316805e+01
6.570941877285309829e+01
6.544954022465580579e+01
6.516303737891604442e+01
6.487623037341423071e+01
6.460459362007539141e+01
6.433467780728821594e+01
6.405213688599144461e+01
6.373922135128494659e+01
6.345817351339886159e+01
6.315958641446790267e+01
6.286254984365472609e+01
6.257315684915663212e+01
6.228136478542717214e+01
6.199097638266541566e+01
6.169683667741681177e+01
6.139970195323287783e+01
6.109070813547324974e+01
6.079838567026617824e+01
6.050233952570354745e+01
6.019468884246821005e+01
5.990422046838890680e+01
5.961970472056272285e+01
5.932447812206510918e+01
5.902744423343553848e+01
5.873972155330209688e+01
5.845355532553620037e+01
5.815545222203144959e+01
5.788045516567941462e+01
5.757456696209217029e+01
5.728993629843056823e+01
5.701259747797147526e+01
5.675244927845052700e+01
5.646276967514291556e+01
5.618617112932697211e+01
5.590498011497760444e+01
5.562892118061199653e+01
5.535502509437926477e+01
5.508206314787902613e+01
5.480782559572649149e+01
5.455087317570382055e+01
5.429483556459737770e+01
5.403249554399074128e+01
5.378468965573371463e+01
5.355395650384269146e+01
5.329026918553586256e+01
5.303673244837850120e+01
5.281068259635708273e+01
5.255221414134717861e+01
5.230946016576451285e+01
5.207109610953354917e+01
5.185218224744146909e+01
5.162700206580444728e+01
5.140972645475943636e+01
5.118723258806068799e+01
5.096831753292402567e+01
5.077427714454412921e+01
5.055601885831556075e+01
5.033836104761912367e+01
5.012863665615577702e+01
4.994029351167380071e+01
4.973627549771440215e+01
4.954196631252820993e+01
4.934864663631866222e+01
4.916492200316203309e+01
4.897827083164389705e+01
4.880266340459711927e+01
4.862818368948975234e+01
4.846683274034892719e+01
4.829622826015188508e+01
4.812514202082196135e+01
4.796796847169608213e+01
4.780185951346041406e+01
4.766864436444231501e+01
4.753152616744833381e+01
4.738496337180900042e+01
4.725087133015342289e+01
4.712287311507400744e+01
4.699088870597348233e+01
4.686919320015317680e+01
4.674968010227532744e+01
4.663972815579088405e+01
4.653971711456299687e+01
4.643874343503141233e+01
4.634187852147502440e+01
4.625220887825753380e+01
4.617634289931886826e+01
4.609408654519540960e+01
4.601666786950588772e+01
4.596505617426101509e+01
4.590518152323701884e+01
4.587721008247181231e+01
4.584170290251925195e+01
4.580305252937726834e+01
4.577219853332456978e+01
4.575309963731106677e+01
4.574193612767772521e+01
4.574811390539458955e+01
4.577085881568483927e+01
4.580237924058555166e+01
4.583647665134900251e+01
4.588794174371095380e+01
4.596062042156636096e+01
4.604441020770694593e+01
4.613162236023198659e+01
4.625478764547367660e+01
4.639370779085076180e+01
4.654635004011721122e+01
4.672509542205400379e+01
4.692535676321991644e+01
4.714660130918070280e+01
4.741425756396031943e+01
4.769700495331802870e+01
4.802005568203302488e+01
4.838172764769051071e+01
4.881089253332019240e+01
4.927353606669436203e+01
4.981005037030711691e+01
5.040213018869131645e+01
5.108956773165223808e+01
5.187160527001906729e+01
5.277466660760029527e+01
5.379449098567191356e+01
5.502912793590272855e+01
5.642018570815822187e+01
5.798947528684614383e+01
5.975581946588998505e+01
6.170084503926219810e+01
6.377193076005674044e+01
6.580924097772903281e+01
6.771270811406320433e+01
6.935383263268396092e+01
7.036654394313821115e+01
7.061689122584348866e+01
6.985979920167750379e+01
6.794587764484330705e+01
6.489165480651287510e+01
6.064002808468063677e+01
5.536455566267049022e+01
4.926191342935813822e+01
4.274149921391640561e+01
3.603439234468446273e+01
2.956390490706415264e+01
2.356356497125254634e+01
1.818081363011367912e+01
1.364047454320058606e+01
9.906330624915595351e+00
6.982201953230632085e+00
4.764865457492980738e+00
3.143823566200785624e+00
2.007857755702758595e+00
1.252839903305989600e+00
7.556473649297947848e-01
4.428623082792065846e-01
2.483350285940377489e-01
1.378481489074253608e-01
7.303805502495816504e-02
3.784274779466467731e-02
2.066091533511698816e-02
1.101292366847423689e-02
6.200378139347232850e-03
3.890732913853179372e-03
3.017536365425015684e-03
2.516132279584761509e-03
2.550653582688103011e-03
2.261811959409513930e-03
2.053749445386872461e-03
1.988357053533282900e-03
1.945642798265274660e-03
1.986119077540451222e-03
1.806871539494071637e-03
1.626579001470884354e-03
1.575602709182192954e-03
1.659822892902165000e-03
1.656912883788881673e-03
1.545747882268150991e-03
1.792748838811604201e-03
1.580471541024731702e-03
