1.292038868798150020e+02
1.304914064142438974e+02
1.303812574545542304e+02
1.302370263735453193e+02
1.299333357016245429e+02
1.295382232136196592e+02
1.290459127955966494e+02
1.283354236019982295e+02
1.275168369081285249e+02
1.265577692720625151e+02
1.254323290718926387e+02
1.241532277796003569e+02
1.226612878640492710e+02
1.210371145937177886e+02
1.192743738757239385e+02
1.173135198884540102e+02
1.151773926152123408e+02
1.129480348692999883e+02
1.105983031855689092e+02
1.080696754323111577e+02
1.054810229010052183e+02
1.028015253411398930e+02
9.999348153008355666e+01
9.715851215521495021e+01
9.426771467261843895e+01
9.133391043874952686e+01
8.840965276294284081e+01
8.545526854197184718e+01
8.252447244856092823e+01
7.961255660321977246e+01
7.671468467182583595e+01
7.386774408817291260e+01
7.107036941581301903e+01
6.833942596117655910e+01
6.566924769348568702e+01
6.307893925242953514e+01
6.051237242751651024e+01
5.807433226373460400e+01
5.569367049137751025e+01
5.341234130991829687e+01
5.118195125791761768e+01
4.905975151724285865e+01
4.699606892135408032e+01
4.501699541012445849e+01
4.314286864466137672e+01
4.132487573888566601e+01
3.959868233071433252e+01
3.795769235822889698e+01
3.635068242417441553e+01
3.483319419622421265e+01
3.339035649432076269e+01
3.199954595168431482e+01
3.068758534060584253e+01
2.943566965394549939e+01
2.822839494215117639e+01
2.707593265506956470e+01
2.597848560081587976e+01
2.493494333161248022e+01
2.394413257307476428e+01
2.298949134018685925e+01
2.207214055127567676e+01
2.122569751408364880e+01
2.040501243207189930e+01
1.960742286841074744e+01
1.886484776933987817e+01
1.815469858712620166e+01
1.747757154040866467e+01
1.682228028111987683e+01
1.620355793502595532e+01
1.560203637017144018e+01
1.504154366917080310e+01
1.449520208769374463e+01
1.397124358018239398e+01
1.347956676946746057e+01
1.300851284795337293e+01
1.255552953481674194e+01
1.211507271230220795e+01
1.170483204887973017e+01
1.131228366328610235e+01
1.092419235242737585e+01
1.056473223699463659e+01
1.021729823119110492e+01
9.879212197330263123e+00
9.566833611991670594e+00
9.245160164104568423e+00
8.969591385788387328e+00
8.666141524910926819e+00
8.400208021203676267e+00
8.139768607086605101e+00
7.890795729226535826e+00
7.651484494407971404e+00
7.415813427832391724e+00
7.194196320242351561e+00
6.986930943197673827e+00
6.770742442044946685e+00
6.582964657909339934e+00
6.387568861246109009e+00
6.205114258660210602e+00
6.030888465543587706e+00
5.859177829490767486e+00
5.684148631989955902e+00
5.530655425455835328e+00
5.378337750004397400e+00
5.233293193082015016e+00
5.094188046124246583e+00
4.954482205212116241e+00
4.826794002619054780e+00
4.694454809857739441e+00
4.569727184871832826e+00
4.448855758541160554e+00
4.334419493873913787e+00
4.223131625188721650e+00
4.116007253527641296e+00
4.016532433529694579e+00
3.918661217722627654e+00
3.817514165408081528e+00
3.724886983633041382e+00
3.629888959642913804e+00
3.550312386618720062e+00
3.464711017078823563e+00
3.384868556840552323e+00
3.299706063336796280e+00
3.221340959684716232e+00
3.145669424285491456e+00
3.074778178499804504e+00
3.006184268742799759e+00
2.936598999632729523e+00
2.875145130273368821e+00
2.806523027519384872e+00
2.746787564208110322e+00
2.680974348137775909e+00
2.628668804135587678e+00
2.567211735993623734e+00
2.512222946104076371e+00
2.462124892406993393e+00
2.404127719501654159e+00
2.357219509780406952e+00
2.307314829279979218e+00
2.257246716154946320e+00
2.212149546792109955e+00
2.168484133564763550e+00
2.122673471768697251e+00
2.077520951628684998e+00
2.032945038957728379e+00
1.997376319434907677e+00
1.957728693882624382e+00
1.921779815107584000e+00
1.886458964397509819e+00
1.847644159570336342e+00
1.814314337654246323e+00
1.777284497188197143e+00
1.744039631966087578e+00
1.711451838206913711e+00
1.678988245005408997e+00
1.653158470574352501e+00
1.622110975492331741e+00
1.591440423495239731e+00
1.563192341062757729e+00
1.535871783478392594e+00
1.510256212204694748e+00
1.482275297865271568e+00
1.452741997109519012e+00
1.428949192166328430e+00
1.407051991050441986e+00
1.380722231749031303e+00
1.359232165747218612e+00
1.339622898441221954e+00
1.315386574508415229e+00
1.294042013999488594e+00
1.273821283752719635e+00
1.253870742395520210e+00
1.229546912428405525e+00
1.213683757103151795e+00
1.190471141702599045e+00
1.175118547967738625e+00
1.155205051104227776e+00
1.138509568033946984e+00
1.122812094580796005e+00
1.107710522702998635e+00
1.089582614600658417e+00
1.070334755091203682e+00
1.054565828707483055e+00
1.040716170022885079e+00
1.026768085236350769e+00
1.013759257271885872e+00
9.987405624447597274e-01
9.864659694333871576e-01
9.714655281148023569e-01
9.563312648485103873e-01
9.433253494401773187e-01
9.291525291692879218e-01
9.179819932000504723e-01
9.048028719714946710e-01
8.962791583811243745e-01
8.851790402291549453e-01
8.710186510450310671e-01
8.583933811427818528e-01
8.489018033982979050e-01
8.411655307023061523e-01
8.304430369494689712e-01
8.204758247981468466e-01
8.109313896339800376e-01
8.008463451017936441e-01
7.927873036306765098e-01
7.833237044720186004e-01
7.758270897385146636e-01
7.663983206989036789e-01
7.596542307486137124e-01
7.509585218504071236e-01
7.413735297612018549e-01
7.342595455961095086e-01
7.256807649715079078e-01
7.203336624014708978e-01
7.134615775818625716e-01
7.064436268475320357e-01
6.986121470108628273e-01
6.928472924563620072e-01
6.881613353681232947e-01
6.847619065600965005e-01
6.783204952047930947e-01
6.735411769607000387e-01
6.662180308873454360e-01
6.587920100945565682e-01
6.533040933104025116e-01
6.475224380070964125e-01
6.461239874155985108e-01
6.430381642033656808e-01
6.401724994389547119e-01
6.379114145206080666e-01
6.355647351592779160e-01
6.322975172143843192e-01
6.311352367823322984e-01
6.279651416051719170e-01
6.252838295573989180e-01
6.236964413482282144e-01
6.243878551241424102e-01
6.264309411247571679e-01
6.270806850451562386e-01
6.301150675863027573e-01
6.333005363121628761e-01
6.381427211066087457e-01
6.438569253724482078e-01
6.488941576745774764e-01
6.576272401337822648e-01
6.671510449507169760e-01
6.756962791292203674e-01
6.869715131405327302e-01
6.980408035839597014e-01
7.133404011320736426e-01
7.287328213246332398e-01
7.522979426301188433e-01
7.721080800725353965e-01
7.914588071612848053e-01
8.032413154012627565e-01
8.103724331077601928e-01
8.112014237170418474e-01
8.085552462273173369e-01
7.828270504251122475e-01
7.425646950594253504e-01
6.926902451862891885e-01
6.315368511196639556e-01
5.625725222958458671e-01
4.853622105696963063e-01
4.100321735151939984e-01
3.331305926613923329e-01
2.614923488710903521e-01
2.009289944285733709e-01
1.546339943565221420e-01
1.085674277015237360e-01
7.637230801143839176e-02
5.331002202971527743e-02
3.690363944905231119e-02
2.287485071988410584e-02
1.502670357477597918e-02
8.983512444702017319e-03
5.696001961751228151e-03
2.784188102456002824e-03
1.372223075592889476e-03
8.458764592387998374e-04
4.062781220142142047e-04
1.859396159360729071e-04
6.373565014270197527e-05
4.276823218934379595e-05
5.454967872569543047e-06
7.222403137675649732e-06
1.325228400932903425e-05
2.921698510426217038e-05
2.237744921693923339e-05
3.136594495765617288e-05
8.798060018793623399e-06
1.524905644127253931e-06
2.796874856474889737e-05
1.319416392521939988e-06
1.468749052700878334e-06
8.816232842039855751e-07
7.131228996273521669e-05
1.338905120383691977e-05
1.151565042138239828e-05
3.694183064695266694e-05
4.590744124597121081e-07
