1.034179428048238833e+03
5.140246942936568075e+02
3.266411035565276393e+02
2.287651768516581967e+02
1.729232924807513143e+02
1.414202617950148522e+02
1.211363757112828381e+02
1.062144835400665102e+02
9.425221015215460341e+01
8.401690379146317866e+01
7.487637711853896860e+01
6.635194550987102957e+01
5.841749800545577642e+01
5.081345907046769383e+01
4.359010988570337020e+01
3.673796639896591643e+01
3.032870558158619545e+01
2.449232389786222797e+01
1.938845811965231292e+01
1.514944020288099935e+01
1.190341065906293672e+01
1.003723109560164062e+01
9.515399219908386996e+00
9.190682157416738107e+00
7.800936116976235901e+00
9.924865926279285988e-01
1.062489866301967734e+00
9.523469192248380510e-01
9.736265405445033716e-01
9.595512865446669259e-01
1.020768896867502606e+00
1.085264231274689628e+00
9.774524683597305419e-01
1.018290053356933234e+00
1.072066101197711063e+00
1.021117054099460075e+00
1.098197533411694460e+00
1.095080389472641080e+00
9.992715790510737772e-01
9.897351396520364109e-01
9.671211698376882548e-01
1.012675007038163155e+00
1.037129764898862438e+00
1.200479106699645415e+00
9.208522335466139408e-01
9.106448328231204759e-01
1.066952197574980721e+00
8.881436068737560419e-01
9.901857635338083830e-01
1.082259591952372091e+00
9.654036624381698850e-01
7.587393261106892828e-01
1.050327379510040515e+00
1.107256909204614059e+00
9.551277257768846507e-01
8.831478614147720840e-01
9.426805774845231634e-01
1.047686760258383920e+00
9.212208910252575045e-01
1.421047876103590957e+00
1.420909289609517012e+00
1.065175930323461584e+00
1.098923770434277802e+00
1.037875362278919411e+00
1.009924870729616453e+00
9.233545105077824999e-01
1.008857817223233866e+00
7.914437651402778107e-01
1.133698704750964126e+00
1.611299393461316676e+00
1.261975127076302661e+00
1.252308287219876526e+00
9.814531739680882882e-01
1.282661552904224012e+00
1.228577345650858854e+00
1.298045802702202822e+00
1.327126054493392715e+00
8.512947973869311458e-01
1.348479950716905407e+00
1.082018250312097196e+00
1.269966006659178248e+00
1.193683963317808239e+00
1.183450741486589131e+00
8.932350818859369213e-01
1.483333166867915942e+00
1.749616185885668251e+00
1.477706130761003767e+00
1.280750784278984034e+00
9.328959992882481789e-01
8.753073037206757778e-01
5.775510986483385345e-01
9.532125920890047732e-01
1.538257061211902199e+00
1.013106788970183025e+00
6.407337424766578193e-01
4.111468194269908838e-01
9.402964959507955633e-01
7.984676505846184380e-01
1.920059846716235530e+00
7.535585712943490000e-01
