1.127989514183051369e+02
9.556122645167678797e+01
8.168924366059464148e+01
6.966112442629604118e+01
6.022274336371241077e+01
5.343351920438626479e+01
4.785125441176704442e+01
4.272442250664162344e+01
3.781540682421552191e+01
3.311338734700229480e+01
2.862670179376211266e+01
2.436691751262923589e+01
2.045004675888883838e+01
1.693460688220420707e+01
1.387326596702141401e+01
1.125955759358901176e+01
9.082285762113269101e+00
7.305489268947702897e+00
5.879378858386971274e+00
4.751706787997329151e+00
3.871334474814748017e+00
3.251891924535960765e+00
2.989943633619538854e+00
2.861133315193656657e+00
2.659813742762036526e+00
9.687343675200706938e-01
9.125430417179246634e-01
1.028271681278125849e+00
1.063611804924699200e+00
1.037375753657908906e+00
1.045847822397388827e+00
1.103048282210865150e+00
9.062480644956437681e-01
9.675727267363849471e-01
9.985602182210401301e-01
1.037747417127004024e+00
9.794011485613466350e-01
1.087977263536078487e+00
9.624252794868700667e-01
1.036721918924433217e+00
1.128636187281777614e+00
9.136900653045632037e-01
1.125705686499330005e+00
9.029165832214542942e-01
1.121740198588036197e+00
1.067292728730330431e+00
1.002651369799755221e+00
8.816874046811209453e-01
1.021005194453185272e+00
1.036955643307290176e+00
9.931556889727259918e-01
9.684033687381689015e-01
1.093191247061081395e+00
8.812507352343643685e-01
1.192771153565339803e+00
9.181803232834392370e-01
8.772505316066554482e-01
9.183700749125888185e-01
1.035964630869949943e+00
9.427730893281497382e-01
9.249069602441181148e-01
1.109713522539006458e+00
1.076164054485723831e+00
1.179452585237945161e+00
1.201047448874195123e+00
8.376770416342931291e-01
8.438672859047375852e-01
7.295990674096853867e-01
1.017210077040732630e+00
1.178976844942066338e+00
1.147201468650438150e+00
1.096009690275984161e+00
7.334676521793213055e-01
1.048705003606806629e+00
1.000856371218689089e+00
8.832401440073652799e-01
1.018432541164534744e+00
1.047583932384025918e+00
1.267671487813575748e+00
7.947471888533863549e-01
8.087700190319333515e-01
1.292921902475302476e+00
7.656032307662345993e-01
7.317664726751276216e-01
1.094614691064855982e+00
1.210634656401067044e+00
1.345593474712301729e+00
1.074309304693749745e+00
6.995646603925804730e-01
8.190997961263692950e-01
1.268258294186697333e+00
1.033907119531725982e+00
1.442451669186286756e+00
1.203860895221965155e+00
6.844381026615112829e-01
9.642752239004085402e-01
1.127804482259609609e+00
1.453368176761899111e+00
1.279754932610854601e+00
8.249021306517875241e-01
