2.943603374489600810e+02
3.009470132329118996e+02
3.066010630279936890e+02
3.123955147276463435e+02
3.183360502526510913e+02
3.235503996217599934e+02
3.283695479454677297e+02
3.328768205249577932e+02
3.369946054842301351e+02
3.407866171004813509e+02
3.442836464265382688e+02
3.476584224161885004e+02
3.511196302445903825e+02
3.549594805324233562e+02
3.597694548438953461e+02
3.663143532016592872e+02
3.753532376601909277e+02
3.886218209867892597e+02
4.093845531435665066e+02
4.447162247745057471e+02
5.179362094509143617e+02
7.066876021737493829e+02
5.154070103543076584e+02
4.159664593335593707e+01
1.442014154461122577e-01
1.558780086741632168e-03
1.443410045115473429e-03
1.388083047878870381e-03
1.153496224227379668e-03
1.100026574680085462e-03
1.028831825399227065e-03
9.915420850341340187e-04
7.764897474677150005e-04
7.711922582007317084e-04
6.490332394601008685e-04
6.435137581679308515e-04
6.254339331993365994e-04
5.749791146902470847e-04
4.803125290021456823e-04
5.129536167798085617e-04
4.717718124344484447e-04
3.928834451808095466e-04
5.124039705159396741e-04
3.699989555395822097e-04
3.957788200191443887e-04
3.474436603474598327e-04
3.586076833284584779e-04
2.699429835029270057e-04
3.582648628355837540e-04
2.820710150431581832e-04
3.093645517211176458e-04
2.517982058443015824e-04
2.421898996719169567e-04
2.083209727443389200e-04
2.549384163337078697e-04
2.093915202492755594e-04
1.803272648861289375e-04
2.277033233613371354e-04
1.830821253443305026e-04
1.984388877174539888e-04
2.040597120516986695e-04
1.614995397255077829e-04
1.512732234363662785e-04
1.576172919042376848e-04
1.339170934353745891e-04
1.402391163194781755e-04
1.492549725649169249e-04
1.101231819150703039e-04
1.378366731814022368e-04
1.016746685225715184e-04
1.157388239331454339e-04
1.218605572804850121e-04
8.430232051187715051e-05
7.499559029191323230e-05
7.173902436136849847e-05
7.954928246570701356e-05
8.623779217247738986e-05
5.994857339202341943e-05
8.344142843075311687e-05
5.460197831164874741e-05
5.055914182533509442e-05
8.015639656472131071e-05
5.865043837782227233e-05
7.727305518219106854e-05
7.467184804165549826e-05
8.883768037620495047e-05
6.664704355007304017e-05
6.404490677727269312e-05
4.379575452623468788e-05
5.223937085876918291e-05
5.792832069380711337e-05
5.610239684122864633e-05
5.780717020971199734e-05
6.266039931120142735e-05
3.665441293714853053e-05
4.080264066330846934e-05
6.449384188081115198e-05
4.550485766200082358e-05
6.123812079857741150e-05
3.186848652251480113e-05
