2.943002550603295617e+02
3.008141725706417446e+02
3.063404389341276897e+02
3.120089237115307697e+02
3.178159576442021717e+02
3.228763582507591536e+02
3.275434655552467120e+02
3.319071192731950646e+02
3.358900724324454927e+02
3.395613009121134951e+02
3.429311248038389408e+02
3.461746834887259752e+02
3.494845063740787054e+02
3.531691158672421125e+02
3.578077466991803703e+02
3.641481925407404105e+02
3.729280469427500861e+02
3.858534381128503128e+02
4.061799519992279102e+02
4.408811156948289636e+02
5.129749676891395893e+02
6.994474901759342629e+02
5.114981248496306421e+02
4.137049545065771383e+01
1.435117895837459967e-01
1.567196103868460141e-03
1.418462176433293647e-03
1.260506157166641243e-03
1.118225039265183371e-03
1.035150536927515776e-03
1.003002607451833209e-03
9.412717773707488618e-04
7.629914963134022416e-04
7.679479414657198891e-04
6.512612859677907725e-04
7.482040530423319548e-04
6.854684842244531274e-04
5.973843441373184260e-04
5.202706276785266449e-04
4.919181744223540985e-04
4.673889582068330574e-04
4.544368472601037750e-04
4.704885550343084703e-04
3.535781363105330736e-04
3.618807794619461303e-04
3.145939402966559150e-04
2.993084901806143889e-04
2.991126841884943579e-04
3.183741869114401673e-04
2.813645127604631432e-04
2.858981570948929542e-04
2.316666869655864948e-04
2.120176391421806680e-04
2.215090768713246232e-04
2.224939753605711848e-04
1.854941970741006330e-04
1.851489705457760946e-04
1.751749665724179432e-04
1.628976964679304561e-04
2.173635907194500661e-04
1.998917897716322081e-04
1.525869485079925456e-04
1.264768374073184690e-04
1.323617238212488982e-04
1.114609458722640514e-04
1.561838677140590036e-04
1.248999753596437029e-04
9.041928753683344379e-05
1.369790474654234010e-04
9.933456842696778907e-05
1.013942042070057958e-04
1.269099520670270774e-04
9.380061637426670667e-05
9.958954308661148729e-05
9.048260401045323117e-05
1.140026993003800238e-04
8.638791024795140652e-05
7.785308890656678896e-05
9.710293353185337525e-05
5.435436267834393558e-05
5.148599930342820673e-05
8.839282982313932462e-05
7.091495811136054605e-05
8.230752458512586385e-05
7.422858954720830123e-05
8.669629749714064903e-05
6.326227324410631518e-05
7.663183743721860199e-05
6.129564902743525872e-05
4.732584150815809650e-05
5.504589819115558556e-05
6.971321461623462975e-05
5.430002999728166858e-05
3.721335794054148239e-05
3.725628715261732120e-05
2.373610493857643511e-05
4.796966163834011165e-05
4.646468288040430381e-05
6.346513150183627874e-05
5.840282130530785560e-05
