1.592032155569781116e-01
3.286230747286603693e-01
5.552449668419942030e-01
8.167561906746489964e-01
1.117826320296789522e+00
1.427209564490152127e+00
1.728860288182734184e+00
2.034143786701915424e+00
2.350085596465853133e+00
2.677535861158929720e+00
3.040755108294554088e+00
3.445842209070810291e+00
3.911307900167322771e+00
4.438820942833905825e+00
5.067787193501333221e+00
5.816119801546837387e+00
6.759020108031704055e+00
8.030352886184422445e+00
9.839959773955415656e+00
1.255718920482587997e+01
1.661822200792608939e+01
2.118410158991746073e+01
1.238234684652737450e+01
8.929074455453843706e-01
4.619727449849216593e-03
1.532968731225259600e-03
1.470884801463082960e-03
1.343267860258693693e-03
1.120193250607944783e-03
1.191240762865373396e-03
9.873164241389962952e-04
9.793827306282252339e-04
8.707203131425383328e-04
7.948811453544499337e-04
6.999013807118255152e-04
7.143624072348443320e-04
6.261379521753473835e-04
5.942135890939082140e-04
5.135622429802050347e-04
4.604190426108824307e-04
4.693998131855328638e-04
4.294854028190003359e-04
3.678136163532807882e-04
3.093382655122739900e-04
3.323703365521656571e-04
3.437957512957975849e-04
3.235834469069956312e-04
2.711109278196585843e-04
3.018363160834026579e-04
2.972747157395040011e-04
2.357498806851235644e-04
2.389306493137803870e-04
2.315164397773716344e-04
2.496953305700027681e-04
2.379080396134349549e-04
1.928276642193723636e-04
2.146681332514587209e-04
1.923672186303874857e-04
1.937905492187198733e-04
1.941078757054050578e-04
1.457849220335549062e-04
1.221230983140213623e-04
1.502172874225170631e-04
1.576361386441584164e-04
1.670225410707473030e-04
1.339363396430362431e-04
1.441749245356688128e-04
9.825610888595330268e-05
8.168806596464637799e-05
1.096733708291271626e-04
1.110887162051747202e-04
9.367672443223542026e-05
1.019343539386864547e-04
9.243788551099341199e-05
8.863306154214139500e-05
7.491281694447820183e-05
7.108177627654657606e-05
6.852416261647177132e-05
7.429323965037822487e-05
6.707429692133153141e-05
7.129121280103364964e-05
8.086191109968004598e-05
8.626760706955064069e-05
6.060200189533942891e-05
7.806569024900350843e-05
4.321774219848173345e-05
3.978029516829114423e-05
3.922433377576009864e-05
6.304663254645025616e-05
5.892238148311446891e-05
4.629316310755647200e-05
4.667397247861345024e-05
6.305116318628900215e-05
5.151929047660700714e-05
4.857437552992976347e-05
6.027664421104673444e-05
4.501920054193293754e-05
3.657648900274005109e-05
3.174029450590558143e-05
3.546387503179880541e-05
