1.787949234254242237e+00
2.279135144293765514e+00
2.826354599683035929e+00
3.491894719648812373e+00
4.220122673410155123e+00
4.906835176318581127e+00
5.613844553375230362e+00
6.413696783690739700e+00
7.374224632314447803e+00
8.555209784206434520e+00
1.005912217314841861e+01
1.200176469270788537e+01
1.455998744741184758e+01
1.794577728677427331e+01
2.244629278194398125e+01
2.853959678344113016e+01
3.676062637069966854e+01
4.798559422929040608e+01
6.372209500936853743e+01
8.683083175319505642e+01
1.256138732847700936e+02
2.059569403095187283e+02
1.640980634277194667e+02
1.386080157640660460e+01
5.253041309260523400e-02
1.554562545723555539e-03
1.598402517337026369e-03
1.317569565141339964e-03
1.049328776892467872e-03
9.844955992513355642e-04
9.492174673738808374e-04
8.827084226399818830e-04
8.098200113768336608e-04
7.385179085656852016e-04
6.775945264394247179e-04
6.906396884069036920e-04
6.126115090808867056e-04
5.403807794016661720e-04
5.029535864607324012e-04
4.629106468696630571e-04
4.074172120295283537e-04
4.141108239268008408e-04
4.257917770249174615e-04
4.676343157068498521e-04
3.369624630930876980e-04
3.243571384188896297e-04
3.334943095665668139e-04
3.736057489358515934e-04
3.174287164331751252e-04
2.515344643978352718e-04
2.634840592130751713e-04
2.699934681515555549e-04
2.289203005598839985e-04
2.533999805655915241e-04
1.954450535437616382e-04
2.244031094059348590e-04
2.164093416262073927e-04
2.560862175282088661e-04
1.922690423796974196e-04
2.259273880712407039e-04
1.672008228444717842e-04
1.550994911089102529e-04
1.185795949121571253e-04
1.195527560826562511e-04
1.376945476069737909e-04
1.808350213596397640e-04
1.885237593553704778e-04
1.467891249380749751e-04
1.185061215984533592e-04
9.066737357119618497e-05
1.092919133794828952e-04
1.115667973386794246e-04
1.482924203692825241e-04
1.283517639872110237e-04
8.955566746318264386e-05
8.886228511791632759e-05
9.267212453020389417e-05
6.350359989367057817e-05
6.797885108053112883e-05
6.981441687947030844e-05
6.943201641085091779e-05
6.362215408142624247e-05
7.642804194337083539e-05
9.580878207726900922e-05
8.927364798302831579e-05
4.881426179648778535e-05
4.410739254734609926e-05
4.024089145929899249e-05
7.626544554328227004e-05
6.120583078316428941e-05
3.705047741189992244e-05
6.043310072182830710e-05
3.426634528062808422e-05
4.062206558675336606e-05
3.741054847330194810e-05
5.533617026597922655e-05
6.931076084633893363e-05
5.392466842220020615e-05
6.266912753160886872e-05
3.627119934645205732e-05
