7.506847702578694452e+02
4.376888766454937354e+02
2.981674968705415836e+02
2.321207522951739577e+02
1.938108521619158466e+02
1.692528829228430141e+02
1.522205623207404415e+02
1.399455438500629612e+02
1.299419259006173490e+02
1.221846443061160556e+02
1.156873010175265506e+02
1.100078984484776328e+02
1.053365954556213921e+02
1.013827034395982167e+02
9.736675169080533010e+01
9.442157891125297908e+01
9.122511306376094353e+01
8.842095687650764546e+01
8.605207639686797449e+01
8.391133766841731756e+01
8.166709483253636392e+01
7.969963854224830868e+01
7.798761188423881663e+01
7.620213390122957264e+01
7.453379875189469317e+01
7.296559675788911647e+01
7.131933788231374649e+01
6.987034747225742137e+01
6.835033588321104503e+01
6.694423000786414946e+01
6.571812261478402206e+01
6.435391953074461924e+01
6.311430931337858397e+01
6.174997828132153899e+01
6.047533438268749961e+01
5.923428914894304143e+01
5.807895669649949610e+01
5.690997145163544246e+01
5.556486242975045542e+01
5.450775522067713297e+01
5.336928763790783847e+01
5.209660498507183490e+01
5.092450764842629951e+01
4.965043599435455235e+01
4.839345491608297323e+01
4.726187806623980237e+01
4.601607292406023220e+01
4.468519491489976758e+01
4.352854364176432256e+01
4.220895450248838188e+01
4.092741078876944982e+01
3.965907849580644040e+01
3.830662427587642327e+01
3.693764406928092825e+01
3.560965192683699598e+01
3.425683143578718415e+01
3.287578016222393273e+01
3.149372262848907411e+01
3.008351653955600113e+01
2.877903130439084833e+01
2.740878225684828706e+01
2.606164904437431673e+01
2.468811294809636792e+01
2.338513075921229500e+01
2.207964606883387759e+01
2.085020815699103025e+01
1.965627468697933367e+01
1.849051650585099793e+01
1.738546346453988889e+01
1.629255339489988685e+01
1.530347094815409115e+01
1.433140002649598976e+01
1.343160834775199142e+01
1.257675870391983786e+01
1.177055621120740447e+01
1.102218127779782009e+01
1.032269168652374702e+01
9.671805202898619669e+00
9.060321161246397637e+00
8.492172603081753479e+00
7.966332627409729028e+00
7.475166627481173443e+00
7.024489445564091383e+00
6.609526553044022812e+00
6.218544590629141666e+00
5.858551603467318181e+00
5.525088697108447633e+00
5.215578445403745711e+00
4.929482158529134850e+00
4.665347977930175638e+00
4.418128933794207569e+00
4.192558157199385960e+00
3.980525066767888198e+00
3.786947242568398764e+00
3.603733205533500072e+00
3.435837644416752212e+00
3.277874022892839800e+00
3.132049317046801118e+00
2.997175195432543848e+00
2.870215255741146443e+00
2.752080121159578674e+00
2.642260753322271061e+00
2.539339207659427000e+00
2.443352543684057299e+00
2.353946771266201221e+00
2.270075127950648142e+00
2.190468738348891442e+00
2.117740296365571151e+00
2.048449415141345042e+00
1.984433238787089993e+00
1.923312487557218953e+00
1.867143983054503131e+00
1.812808654616708148e+00
1.762705553277589043e+00
1.714985607304781112e+00
1.670179901919926602e+00
1.628673347633271540e+00
1.589150169806457402e+00
1.552986082900456699e+00
1.517861527199670268e+00
1.484951142421903514e+00
1.454089339236089851e+00
1.425067795761710165e+00
1.397513238072539243e+00
1.371965665950333424e+00
1.348004049599602405e+00
1.325087692403582373e+00
1.303881682740259729e+00
1.283730286332878556e+00
1.264740321707711557e+00
1.246772486648227485e+00
1.230178295166783897e+00
1.214192896702584346e+00
1.199991958039026585e+00
1.186004160729412504e+00
1.173217285747504279e+00
1.161254257674054546e+00
1.149948290458276068e+00
1.139768784941173507e+00
1.129935908052490223e+00
1.121046789460190984e+00
1.112412410617422687e+00
1.104269912551587352e+00
1.097217583842795774e+00
1.090563583486133581e+00
1.084197880812462822e+00
1.078296217670873247e+00
1.072970515354752630e+00
1.068088928200855214e+00
1.063697679673093477e+00
1.059335041399133370e+00
1.055739262744017637e+00
1.052559579251802546e+00
1.049382027594177202e+00
1.046703896765849295e+00
1.044243135922620747e+00
1.042104790335870890e+00
1.039801762333862012e+00
1.038331906058905352e+00
1.036819676177332950e+00
1.035614749436741588e+00
1.034555853200031184e+00
1.033929176300917074e+00
1.033174502252418359e+00
1.032595854959026394e+00
1.032019557085460892e+00
1.031700733474129272e+00
1.031650315173150867e+00
1.031577282326737066e+00
1.031559695483249550e+00
1.031727420145385876e+00
1.032121650845221339e+00
1.032355161323181392e+00
1.032686012564043132e+00
1.033199389291576287e+00
1.033837113362262583e+00
1.034319646350703392e+00
1.034942980054940787e+00
1.035550266614533532e+00
1.036211148784011327e+00
1.037104712363814629e+00
1.037894394700023648e+00
1.038674995401893231e+00
1.039564014990823626e+00
1.040262540731182073e+00
1.040984745122239374e+00
1.041865385595355908e+00
1.042724076838381864e+00
1.043333542020954186e+00
1.044212015376326130e+00
1.045013759065503756e+00
1.045635984416162678e+00
1.046408614292815287e+00
1.047085835076550397e+00
1.047975615172461961e+00
1.048816983660459723e+00
1.049356333239839456e+00
1.049895651573463429e+00
1.050584396450753077e+00
1.051435839873601230e+00
1.051979182390380574e+00
1.052432331069364846e+00
1.053131107571778635e+00
1.053555525932897030e+00
1.053833418843820313e+00
1.054191439311058298e+00
1.054266885873237580e+00
1.054804161586383238e+00
1.055084753520167284e+00
1.055287384480507518e+00
1.056066563618974996e+00
1.055828959047278248e+00
1.055694893536758494e+00
1.056192199866909709e+00
1.056353593374941502e+00
1.058388494183161388e+00
1.057539807566934442e+00
1.055003172684579216e+00
1.057932533380028239e+00
1.051837970435817393e+00
1.049026739946802289e+00
1.056151958838694060e+00
1.039582098183795988e+00
1.063079221009808339e+00
1.045031503495665204e+00
1.054272980536538729e+00
1.057999280324132707e+00
1.027916329185460720e+00
1.043521303806785205e+00
9.904142017596686554e-01
9.475109183895096265e-01
1.040693631921941087e+00
1.015094678059751399e+00
9.796702621346224937e-01
9.266452094588701893e-01
1.060956376211159569e+00
9.661837375164054054e-01
1.011950125509480714e+00
1.013959958366480452e+00
9.858436099915983686e-01
9.964181712858015683e-01
9.755408612174928384e-01
9.438848516852820225e-01
9.786759054150427906e-01
1.056208023064381996e+00
1.027247070900682457e+00
9.562072697280324940e-01
9.493297921695881270e-01
9.249403622609623232e-01
1.012461487361061785e+00
