4.886286073121122513e+02
2.864368964533968551e+02
2.037988097675059009e+02
1.649462825316868475e+02
1.409750061035368276e+02
1.261007614340937835e+02
1.151070190366721278e+02
1.066729823326673738e+02
1.001636165063358987e+02
9.455968410709017746e+01
9.009169765865044610e+01
8.604729635853976788e+01
8.271279923395016453e+01
7.976457579991577518e+01
7.697576002940431295e+01
7.467797061262014324e+01
7.238753293241994413e+01
7.036292148515232725e+01
6.846486101358192400e+01
6.664293081336724356e+01
6.496047644818973765e+01
6.364919027883649960e+01
6.209815566352377658e+01
6.057570679045837636e+01
5.914821266417569490e+01
5.781653915082280548e+01
5.638698078085687371e+01
5.512239565796290464e+01
5.377200044451909378e+01
5.245813351765769994e+01
5.114965764646183999e+01
4.975084123670992398e+01
4.847629642096154612e+01
4.706299576056425593e+01
4.576178988581678198e+01
4.437834959331928530e+01
4.296511240801267206e+01
4.155864862819995409e+01
4.010117028268050632e+01
3.866706802393175479e+01
3.719063091824170897e+01
3.572180132034645084e+01
3.421206497135553093e+01
3.271496815162206673e+01
3.119940181902892817e+01
2.972412282532777894e+01
2.823603959677440400e+01
2.678041584621038140e+01
2.532324101750296919e+01
2.389735244913945778e+01
2.256193668035776057e+01
2.121493811952761277e+01
1.994207259950885813e+01
1.869756160057277228e+01
1.752562702977808229e+01
1.640355691860568754e+01
1.532766175061611058e+01
1.433284074842567968e+01
1.338333118721614134e+01
1.250040309251601123e+01
1.166885106236026814e+01
1.088953248859302469e+01
1.015734391600831721e+01
9.486572318667834125e+00
8.857740705086715849e+00
8.284377105393549101e+00
7.747421490928134702e+00
7.257160113996982354e+00
6.795634937594788205e+00
6.370206935608185184e+00
5.979586302771195960e+00
5.618690584324318671e+00
5.287200188182218596e+00
4.979162301567331639e+00
4.694193549182783975e+00
4.432594652021393244e+00
4.189947476058500264e+00
3.965706354000892553e+00
3.760167019980490188e+00
3.567736123820498761e+00
3.390575981701292374e+00
3.226306586150704092e+00
3.073664942345219586e+00
2.932210129068684168e+00
2.801339652164057004e+00
2.679745194330298563e+00
2.566282180847724081e+00
2.460464105016106462e+00
2.362791333235197300e+00
2.271888803606423757e+00
2.186095457455581759e+00
2.107329019802712367e+00
2.032789722298701030e+00
1.964267140900196162e+00
1.899421132432259407e+00
1.839375400730002275e+00
1.782786267287405302e+00
1.730318814404431249e+00
1.681166989146822832e+00
1.634972516557552380e+00
1.591798898507064575e+00
1.551548617077699976e+00
1.513428606369690455e+00
1.478138012306794424e+00
1.445042349467796861e+00
1.413854907917454051e+00
1.384350785963467612e+00
1.357780844120995978e+00
1.331980556180866859e+00
1.308532198042212658e+00
1.286030736113680684e+00
1.265449746298748179e+00
1.245694056827637564e+00
1.227777816890951890e+00
1.210611668149399911e+00
1.195028845508627979e+00
1.180345971706868724e+00
1.166686244657864524e+00
1.154145234767804729e+00
1.141996721660790026e+00
1.131294133074949526e+00
1.121335950383854696e+00
1.111737000225376359e+00
1.103180123365344878e+00
1.095153432687050898e+00
1.087980971151086163e+00
1.081220684456365655e+00
1.075246368452439150e+00
1.069495060214345816e+00
1.064602823793178388e+00
1.060184596134234214e+00
1.055947635995002853e+00
1.052063481019314573e+00
1.048875404091544672e+00
1.045849146876588698e+00
1.043318671115386564e+00
1.041077170027546295e+00
1.039120414126273984e+00
1.037680030095578632e+00
1.035829044533444154e+00
1.034867944457490418e+00
1.033791606418877240e+00
1.032877622424026809e+00
1.032098594787321133e+00
1.031704278268333441e+00
1.031596353986548031e+00
1.031249157074168643e+00
1.031321874754236534e+00
1.031440827774756874e+00
1.031907165526857684e+00
1.032043294721845417e+00
1.032490103139479753e+00
1.033015747940869256e+00
1.033599846029873204e+00
1.034543296986987215e+00
1.035152811111604176e+00
1.035753520387513005e+00
1.036456568733149064e+00
1.037449569922999748e+00
1.038314527117421227e+00
1.039176307242351216e+00
1.040138482933753661e+00
1.041221078098819808e+00
1.041865004342455103e+00
1.042966264464062931e+00
1.043478813143167372e+00
1.044505633112612131e+00
1.045003757877544182e+00
1.045827475478774415e+00
1.046586496639921204e+00
1.047510112660923420e+00
1.048203760109861715e+00
1.048817318562564216e+00
1.049534476357498081e+00
1.050132781034395668e+00
1.051090262740187242e+00
1.051474256851703259e+00
1.052259267947945443e+00
1.052815637993298470e+00
1.053308405838799811e+00
1.054113376346008879e+00
1.054546354502999383e+00
1.054689651403147632e+00
1.055609754293411306e+00
1.055822529148252142e+00
1.056056966019624177e+00
1.056511975576539974e+00
1.056814039643880765e+00
1.056946835084713987e+00
1.057285960417357451e+00
1.057382807109257250e+00
1.057622431927515150e+00
1.057903417990121886e+00
1.057758172021396437e+00
1.057832020754962521e+00
1.057834055556906128e+00
1.057802584454600625e+00
1.057961884235168792e+00
1.057762587001786603e+00
1.057943152983261692e+00
1.058071061038590388e+00
1.058218824993162333e+00
1.058325770212828587e+00
1.058235775291266112e+00
1.058198791719325849e+00
1.058149538743989648e+00
1.058495370796514345e+00
1.058537709103934521e+00
1.058777836253721683e+00
1.058674805261192509e+00
1.058834788935609339e+00
1.059067011813936476e+00
1.058742092672348978e+00
1.058567160651383787e+00
1.059002680690397380e+00
1.059120949196801664e+00
1.059181477065536781e+00
1.060595239300047510e+00
1.061340316266504713e+00
1.064217528745945662e+00
1.069464362972236016e+00
1.070329859056135646e+00
1.039875999917542648e+00
1.030143914213900169e+00
9.927653172779715707e-01
1.027209610341600410e+00
1.002876306031490028e+00
9.958180157909292118e-01
1.052067870163273966e+00
1.028920841962629895e+00
1.009506582837703004e+00
1.007632163781677193e+00
1.026610303291382698e+00
1.032440821854451629e+00
9.488536813582671980e-01
1.037446571705007647e+00
9.754124222209363815e-01
9.773033820586188858e-01
1.045891319965182920e+00
9.903272071257771536e-01
1.057113490470470651e+00
9.945127613451992810e-01
9.588664937691085965e-01
1.053490910333259922e+00
1.019244299553206501e+00
1.092527362225952370e+00
9.687189406245063639e-01
9.607074737510775675e-01
1.010199199472142206e+00
1.165626304475411601e+00
