4.949515527696839712e+01
5.035290616588032719e+01
5.046507487621969545e+01
5.054398325570640793e+01
5.060446263231477104e+01
5.065173489338524604e+01
5.068197109005392775e+01
5.069679757060349345e+01
5.071398022422778240e+01
5.070486574890536247e+01
5.067162139693004264e+01
5.064239001374806293e+01
5.058737101223295696e+01
5.052475879532825331e+01
5.043781807767151548e+01
5.034719935680902836e+01
5.022802582884789047e+01
5.010875995674094696e+01
4.996234922834398162e+01
4.979744390270357002e+01
4.961657105796224698e+01
4.941369450267274033e+01
4.920144009305073496e+01
4.895975505079016443e+01
4.871154727632529102e+01
4.843870387899957564e+01
4.815736915616213309e+01
4.785223109886714354e+01
4.754013649696123167e+01
4.720405012170336079e+01
4.685109926995036034e+01
4.649052254696606923e+01
4.611698351073495417e+01
4.572298321642981023e+01
4.531818246994188826e+01
4.490398289028956214e+01
4.447518003745022952e+01
4.404568205727725427e+01
4.360292429428138661e+01
4.315047850733300550e+01
4.269030600423464250e+01
4.222927976050054610e+01
4.175084671751123722e+01
4.127179753510132088e+01
4.079080291039985440e+01
4.030519750967220460e+01
3.982101741583907284e+01
3.932834477931507422e+01
3.884848440102983602e+01
3.835946040916525845e+01
3.787032041820733497e+01
3.737968240026343381e+01
3.688600879829184009e+01
3.639906819753216638e+01
3.591953351008116613e+01
3.544947035544831948e+01
3.497081079374899559e+01
3.450286984071991725e+01
3.403577314059440084e+01
3.357623683168251461e+01
3.311957198735021990e+01
3.266606616119744899e+01
3.222662326490566187e+01
3.178159920906105285e+01
3.135172469901459991e+01
3.092229878410453026e+01
3.049870413643502332e+01
3.008708726139330381e+01
2.967796077006012112e+01
2.926789243959280995e+01
2.887264852092120293e+01
2.848630410105569055e+01
2.810655556188221738e+01
2.772540254590370878e+01
2.735777486581684670e+01
2.699014733797944032e+01
2.664086555869987194e+01
2.629257873781756771e+01
2.594955962072400979e+01
2.561424166273960523e+01
2.528117237352414648e+01
2.495512704405249949e+01
2.463846175201554800e+01
2.433020726034840209e+01
2.402327484712489181e+01
2.372216817518638265e+01
2.342806951421468398e+01
2.314773644524305141e+01
2.286338588820594353e+01
2.258937790604964491e+01
2.231608301680892126e+01
2.205356709089215173e+01
2.179441802943658857e+01
2.154789451332069206e+01
2.129913423606166489e+01
2.105925793434666105e+01
2.082254202703077794e+01
2.059675672187261952e+01
2.037211346678869006e+01
2.014991209773877401e+01
1.993457944311721874e+01
1.973141496800129246e+01
1.952962826552285946e+01
1.933230944413680419e+01
1.914472089274883970e+01
1.895607059485164569e+01
1.877091586286356417e+01
1.860178702313703880e+01
1.843246759613164798e+01
1.826822004351374318e+01
1.810343761398693019e+01
1.795447014075894998e+01
1.780179700584628222e+01
1.766131178082135733e+01
1.752527746464757996e+01
1.739464405671272473e+01
1.727226405506033302e+01
1.714827700261285059e+01
1.703386087481472799e+01
1.692134497020035511e+01
1.682081512315274452e+01
1.672223073616233435e+01
1.662649322988730205e+01
1.653735079784879503e+01
1.645548482926368550e+01
1.638078672746432574e+01
1.630612178933239775e+01
1.624337920058362172e+01
1.618470500091948949e+01
1.612830071818358491e+01
1.608033175426347938e+01
1.603486027641992706e+01
1.599213580454626538e+01
1.596396233816916599e+01
1.593516270816162539e+01
1.591403964885249778e+01
1.588982236976359985e+01
1.587895302135838449e+01
1.587312299813044625e+01
1.586963338093868714e+01
1.587144274288947976e+01
1.587696396496564333e+01
1.588455505727132078e+01
1.590240778316190351e+01
1.592340853628480346e+01
1.594602475178323608e+01
1.597358464423897750e+01
1.600443220112060416e+01
1.604030922158275985e+01
1.608455446256723320e+01
1.612918115525871343e+01
1.618033248714801431e+01
1.624222520522195623e+01
1.629610018878458888e+01
1.636309934235078956e+01
1.642878637033159350e+01
1.650059398348203388e+01
1.657499033346406847e+01
1.665980079738661956e+01
1.674445991985773219e+01
1.683175577108770682e+01
1.692452056417334916e+01
1.702872339217119446e+01
1.713226454220403028e+01
1.724371818516900134e+01
1.735716627269524182e+01
1.747686075117235305e+01
1.760648621558431159e+01
1.774166829260605383e+01
1.788082332950339648e+01
1.802605614138217049e+01
1.818200751069758780e+01
1.834555246967344289e+01
1.851581011065520599e+01
1.869366768626882092e+01
1.888363432445878942e+01
1.908150028259230524e+01
1.928765962212425933e+01
1.950884764390471204e+01
1.974620756838451641e+01
1.999469964653113863e+01
2.025955260820095205e+01
2.054332498452539113e+01
2.084482046026342417e+01
2.117181163194006288e+01
2.152649806604575389e+01
2.190652765096812260e+01
2.231923727532778301e+01
2.276992711197604535e+01
2.327062710667859236e+01
2.382085410746597987e+01
2.443848461950890893e+01
2.513968064792284451e+01
2.594497149767724409e+01
2.688063087945287677e+01
2.797365169874453628e+01
2.922917450363632241e+01
3.066130434835111274e+01
3.222419404126568310e+01
3.384213321586239687e+01
3.537655163433304040e+01
3.663938403285998646e+01
3.740125628937008884e+01
3.741597568506270477e+01
3.649313747776163552e+01
3.452723734833629265e+01
3.157850053143237545e+01
2.781303262258688136e+01
2.352547055097252482e+01
1.907621225473407733e+01
1.479568897775784997e+01
1.096203555126580476e+01
7.747625501256843350e+00
5.222137759538684421e+00
3.348811819283302960e+00
2.051395359288644027e+00
1.193717533930625407e+00
6.617965523986627518e-01
3.505618103400043872e-01
1.772263378740067674e-01
8.659431091822969440e-02
4.094120667843563488e-02
1.915710028339610155e-02
9.482108247617394847e-03
5.108658559847246983e-03
3.530493941902658733e-03
2.938704219071903295e-03
2.546302130481253694e-03
2.376380197350156601e-03
2.247245999928538553e-03
2.056279698043163035e-03
2.135701404076302632e-03
2.097375004344630839e-03
2.014629462940807202e-03
1.816232083137970773e-03
2.028093298113146925e-03
1.814693263676233227e-03
1.865015305252069096e-03
1.817516175794122238e-03
1.727826581128043054e-03
1.721839085946176139e-03
1.669594183166401040e-03
1.506732113951714811e-03
1.565448941297841422e-03
1.531084214475906050e-03
1.445820424293410306e-03
1.332880520984319967e-03
1.341331288225525772e-03
1.317924557140387910e-03
1.308293255995984262e-03
