4.951536702307887339e+01
5.039362333970928631e+01
5.052850387417987577e+01
5.062473785395032166e+01
5.069845608672556381e+01
5.075586612048552837e+01
5.079285560442940550e+01
5.081325282915158681e+01
5.083542342776129175e+01
5.082801482705035312e+01
5.079927313974404512e+01
5.077294146222942572e+01
5.072123558769589380e+01
5.066092343954507271e+01
5.057815118974513524e+01
5.049068545246133510e+01
5.037450659438179912e+01
5.025725201080528848e+01
5.011547032429956516e+01
4.995547781023649492e+01
4.977622252502933975e+01
4.957595509947850587e+01
4.936581944062578486e+01
4.912532052802599480e+01
4.888148398294493546e+01
4.860993243450509738e+01
4.833253200205142974e+01
4.802997482515206684e+01
4.772020516322646699e+01
4.738480834063397396e+01
4.703425451882081632e+01
4.667543496585739859e+01
4.630439143482756492e+01
4.591225120629923140e+01
4.551061818229553779e+01
4.509636507790387583e+01
4.467087214077161406e+01
4.424036300281577638e+01
4.380124784664464244e+01
4.334923650389340821e+01
4.289102206049330590e+01
4.243126473004516441e+01
4.195536639706867987e+01
4.147933422301556305e+01
4.099873245930687204e+01
4.051456707368724608e+01
4.003411096146707138e+01
3.954505059800264632e+01
3.906676173319826262e+01
3.858035965296131309e+01
3.809230189745606765e+01
3.760588126157198019e+01
3.711530112468805243e+01
3.663176470783151473e+01
3.615670454481836771e+01
3.569071028181223681e+01
3.521732999813614384e+01
3.475240073731553991e+01
3.429413869216855204e+01
3.384071634587080268e+01
3.338873359928486195e+01
3.294287169557210149e+01
3.251005409799616075e+01
3.207767069782898517e+01
3.165657473098531227e+01
3.124017588348605301e+01
3.083125866739158383e+01
3.043579033707305470e+01
3.004402536799782197e+01
2.965274949616627964e+01
2.927912502056824451e+01
2.891852123913215067e+01
2.856645768802548702e+01
2.821492460310365402e+01
2.788217484951179870e+01
2.754968956525549117e+01
2.724073970180017312e+01
2.693505216214734332e+01
2.664216922352579076e+01
2.636060574673887302e+01
2.608424883485762535e+01
2.581883290170078382e+01
2.556676349617694655e+01
2.532895428011709882e+01
2.509738679775043124e+01
2.487619028064552751e+01
2.466807278593443797e+01
2.447755610859712760e+01
2.428955394252423972e+01
2.411543213686134024e+01
2.394926229565705356e+01
2.379676762627825681e+01
2.365375439415441505e+01
2.352566782966828640e+01
2.339965931557326329e+01
2.328885499456084673e+01
2.318559111627568470e+01
2.309461481053964249e+01
2.300861099646337848e+01
2.293089458930542435e+01
2.286212681724795814e+01
2.280432110612207808e+01
2.275447255105432021e+01
2.271251128967645627e+01
2.267663430981558648e+01
2.264478030140852738e+01
2.261814267554036917e+01
2.260758440055311169e+01
2.259768177161815217e+01
2.259363369458159099e+01
2.258512486231352767e+01
2.259449017367578705e+01
2.259847354601204117e+01
2.261405876875674537e+01
2.262998469457923534e+01
2.264786093918316112e+01
2.267451614534707005e+01
2.269898962869722681e+01
2.273166610422698497e+01
2.275859222699662610e+01
2.279686530689342305e+01
2.283406656133880830e+01
2.287039603877592597e+01
2.291141796774717676e+01
2.295256861708726959e+01
2.299891127249667733e+01
2.304455242465810727e+01
2.309300230928246478e+01
2.313858227242328525e+01
2.318900970262475525e+01
2.324333022605426180e+01
2.329007287568680340e+01
2.333277721600395438e+01
2.339235318516360707e+01
2.344578510884346656e+01
2.349947813533815832e+01
2.354928959855459425e+01
2.360479052011353929e+01
2.365823256635499661e+01
2.371269440169813691e+01
2.377089606395009724e+01
2.382477099846725110e+01
2.387695600978112154e+01
2.393748801952137129e+01
2.399713637288066437e+01
2.405314886318454271e+01
2.411409041735771197e+01
2.416950362227845872e+01
2.422750562130070762e+01
2.428792447447948888e+01
2.434735198499320674e+01
2.440630362475565462e+01
2.447634970615900230e+01
2.454063875048474586e+01
2.460481045518173460e+01
2.467616923535589990e+01
2.474624750124311134e+01
2.481516643434674307e+01
2.489565764463673858e+01
2.497593625633033909e+01
2.505483819591038142e+01
2.513790013698762493e+01
2.522906960577564561e+01
2.531750080844279793e+01
2.541206132355105396e+01
2.551032415371919271e+01
2.561726529691300414e+01
2.572152145116267619e+01
2.584566949630362487e+01
2.596519592392483133e+01
2.609139918918024392e+01
2.623157927318706584e+01
2.637270639969446151e+01
2.652895995854899880e+01
2.668972245212619399e+01
2.686342931604033879e+01
2.704956301436470412e+01
2.724896772931904820e+01
2.745574297918567908e+01
2.768411965352189341e+01
2.793185951147919965e+01
2.819306843439331445e+01
2.847651651365692516e+01
2.878270649927033986e+01
2.912042757215987621e+01
2.949545816360516426e+01
2.989928347619127891e+01
3.034990540430316486e+01
3.084394285533457847e+01
3.139883244864885725e+01
3.201448134368443021e+01
3.271813766250716782e+01
3.352317048065652472e+01
3.446289910193490158e+01
3.556322641093624526e+01
3.685736395445737656e+01
3.835443229067310256e+01
4.006925844102703138e+01
4.196104716993777117e+01
4.392749154376648590e+01
4.578401695000913207e+01
4.730614278023792707e+01
4.818734154284619819e+01
4.811203893457337699e+01
4.686696665773473569e+01
4.429367320130219809e+01
4.046681900353813433e+01
3.561385179876538842e+01
3.011335069675380538e+01
2.440061304253389096e+01
1.891488655676738162e+01
1.400796567328145770e+01
9.897747012271334910e+00
6.660936213682310481e+00
4.282104575036738581e+00
2.616263541134848047e+00
1.522130759712824855e+00
8.447046961745766636e-01
4.462822175785609580e-01
2.256555630296110115e-01
1.097912280412627062e-01
5.098393598600976101e-02
2.395579569430421329e-02
1.154365713142856131e-02
5.743945541993830325e-03
3.814633853156518956e-03
2.905670513108211256e-03
2.608905368392381609e-03
2.474549059453317636e-03
2.175228302818787811e-03
2.216753730248448209e-03
2.067170011946876766e-03
2.082849044656203113e-03
2.077384270612167051e-03
1.857759644569383604e-03
1.967456654893856832e-03
1.836333585335751546e-03
1.827508904953671067e-03
1.757604915452404704e-03
1.828252303989788682e-03
1.540352928691449954e-03
1.620836047060157268e-03
1.485695156039016761e-03
1.479603891680123092e-03
1.454923719023099200e-03
1.486569364707351643e-03
1.377086276403574746e-03
1.376508462558552253e-03
1.443306461107100088e-03
1.338841921495687818e-03
