4.134552897818500883e-01
5.298401811227668734e-01
6.175888938111001591e-01
6.882977283258999712e-01
7.468597614531878870e-01
7.954571013944048419e-01
8.401160217652408058e-01
8.804839927434383595e-01
9.172264023168215097e-01
9.520632725583868528e-01
9.862351503919994933e-01
1.019004442201958405e+00
1.049798151358406040e+00
1.080526588530323462e+00
1.110283194254256145e+00
1.142478313811416291e+00
1.173667299449598245e+00
1.204911553595752860e+00
1.237640237052057168e+00
1.271553173192264463e+00
1.309099760638654741e+00
1.344131554506758031e+00
1.383406622866577340e+00
1.427360173607106875e+00
1.471070849582829076e+00
1.519234409281120524e+00
1.569881627315987904e+00
1.627567682079431810e+00
1.686615096496763666e+00
1.751256625837168013e+00
1.821264730914877727e+00
1.897756887299753448e+00
1.979651966633866111e+00
2.068624053769160032e+00
2.163001057454625897e+00
2.269274617928016102e+00
2.382746409056685444e+00
2.502859593683613326e+00
2.631714661727336146e+00
2.774488235342684739e+00
2.926830433846831170e+00
3.086934217996538887e+00
3.261089654716698760e+00
3.444826960568349250e+00
3.645556776698056556e+00
3.851558389173144192e+00
4.072875000834773829e+00
4.304043463785776957e+00
4.550804494375742415e+00
4.807889217938547510e+00
5.079064691228498241e+00
5.360626287352797448e+00
5.658475981685795908e+00
5.962294504104418635e+00
6.279530602429141517e+00
6.604281332939106797e+00
6.938975737960648260e+00
7.285824114064012313e+00
7.643062658646662122e+00
8.007401082791131941e+00
8.379705333570079517e+00
8.754286769793489853e+00
9.131801475029885040e+00
9.518914929998839369e+00
9.907431511080078579e+00
1.029924506044726051e+01
1.069446060539473464e+01
1.108350979500452738e+01
1.147727989263460024e+01
1.187110571792947944e+01
1.225827937271127155e+01
1.264234123579486102e+01
1.302430409943892897e+01
1.340589764964009412e+01
1.377630565596332168e+01
1.414524442774176904e+01
1.450848023311585600e+01
1.486356631823178986e+01
1.520726155641390598e+01
1.554775977676263743e+01
1.587686756006785949e+01
1.619699309833000100e+01
1.650640748830466009e+01
1.680991440150064520e+01
1.710254901344089262e+01
1.738602882906009839e+01
1.765757640836807596e+01
1.791830684212444069e+01
1.817191832344082059e+01
1.841494770110426060e+01
1.864999745263074260e+01
1.886791430241165912e+01
1.908489453509062272e+01
1.928725171478520650e+01
1.948316700099216092e+01
1.966600754210363888e+01
1.984293902230793094e+01
2.001184362879883594e+01
2.017573429727698553e+01
2.032500100921668462e+01
2.046949387177810920e+01
2.060456680770716176e+01
2.073348818337909094e+01
2.085410224060143847e+01
2.096808816235333595e+01
2.107673594996862931e+01
2.117388195267180251e+01
2.126679152965311914e+01
2.135654815533860429e+01
2.144247113529597826e+01
2.152212942626137959e+01
2.159776937075884362e+01
2.166222962853785816e+01
2.172447805513150243e+01
2.178905307435590899e+01
2.184324491681594083e+01
2.190280846352550626e+01
2.195424587829423757e+01
2.200359711724619771e+01
2.204817016387992723e+01
2.208913702109734700e+01
2.213208258553324725e+01
2.216952726765223147e+01
2.220748558399388273e+01
2.223958979904642419e+01
2.227503314545207047e+01
2.230868712778825014e+01
2.233997008412782037e+01
2.237437628099299047e+01
2.240844160207567981e+01
2.243755422003293987e+01
2.246776386482399701e+01
2.249655482829589559e+01
2.252241039446332849e+01
2.255246440426904897e+01
2.257807719010499170e+01
2.261354129727365603e+01
2.264137695981688125e+01
2.266776878674127360e+01
2.270133881638439632e+01
2.273344609564711050e+01
2.276503507909486856e+01
2.280328673159293373e+01
2.283284056607821810e+01
2.286279579626422276e+01
2.289685133259081695e+01
2.294027536632193787e+01
2.297909232851315409e+01
2.301503132629463622e+01
2.305611041316846510e+01
2.310149019088747835e+01
2.314077665282148644e+01
2.319267903247406792e+01
2.323926540179805755e+01
2.329423564994137053e+01
2.334991949945685619e+01
2.340981136107707883e+01
2.347231195613636956e+01
2.353586325458723394e+01
2.360285048211424552e+01
2.367204501047383758e+01
2.374635383538142719e+01
2.382966749000536666e+01
2.390732853791027779e+01
2.399321415632643451e+01
2.408473455769606275e+01
2.418413211524324424e+01
2.428632068717537962e+01
2.439584554750445733e+01
2.451057362650498916e+01
2.463252271540984850e+01
2.476366964957389527e+01
2.490779597721470040e+01
2.505258221523751772e+01
2.520676507462708571e+01
2.537564025029576342e+01
2.555705181864558639e+01
2.574784444058880695e+01
2.595059054846510804e+01
2.617327748577699609e+01
2.641698741056136512e+01
2.667183288462788227e+01
2.694923413457530259e+01
2.725666227788381590e+01
2.759064558800548994e+01
2.795089433859637396e+01
2.834729959796624144e+01
2.878452122526169532e+01
2.926458317466670067e+01
2.980109027048983705e+01
3.039883544536157345e+01
3.107968183190844869e+01
3.185895753595064761e+01
3.275813003529540879e+01
3.382157409105381163e+01
3.506477988407355184e+01
3.650961638945206289e+01
3.817260597404315803e+01
3.999352946383388741e+01
4.188332524118890632e+01
4.367992216088014601e+01
4.514580025044912759e+01
4.599069015660213466e+01
4.592494597612645180e+01
4.472044763711600268e+01
4.227767318687006792e+01
3.863897780481462263e+01
3.399380655733196477e+01
2.873829452659019879e+01
2.330434850147950243e+01
1.806197871019649170e+01
1.337691558326033459e+01
9.447207378099710340e+00
6.362560225196475017e+00
4.091698839411320954e+00
2.501710633148739760e+00
1.455217663054678701e+00
8.078578428229301611e-01
4.276967249191721554e-01
2.146902284133014316e-01
1.040904991717441636e-01
4.903420430146753634e-02
2.244227874602986589e-02
1.087211613320356388e-02
5.646647574032892698e-03
3.548893002274297950e-03
2.721393640958957687e-03
2.429234419385323078e-03
2.444904800958305237e-03
2.306443512013408702e-03
2.294121710838066021e-03
2.097001294932842284e-03
1.919800713675333826e-03
2.037619469986478617e-03
2.024538021326279056e-03
1.998562290530873833e-03
1.818805805019647892e-03
1.875775827732495925e-03
1.838664167688533252e-03
1.902752889450668025e-03
1.583292534947194430e-03
1.619350691800391364e-03
1.602390872984199880e-03
1.553123034390934114e-03
1.380653087393698963e-03
1.446234819315498493e-03
1.509299397571366641e-03
1.349544141618927570e-03
1.353193488841953826e-03
1.358570647117536773e-03
