5.985399359260059476e-02
1.045349321019781175e-01
1.542032904279209138e-01
1.988941543425671310e-01
2.384234059034559261e-01
2.735670930581589055e-01
3.044788059921043066e-01
3.312924142885749768e-01
3.570390380503842831e-01
3.801438923303214756e-01
4.009487840032290307e-01
4.223034451515622067e-01
4.404683485243639507e-01
4.564279902081614382e-01
4.756959351608051612e-01
4.896170006531643804e-01
5.060680156951565811e-01
5.213595675465854118e-01
5.336568903390224161e-01
5.454103547132741481e-01
5.602311364870951049e-01
5.717957188552523773e-01
5.816413069688196602e-01
5.932217350739974471e-01
6.036168902992059548e-01
6.135825219821916532e-01
6.252751281401556227e-01
6.351829716829752170e-01
6.456319176452893771e-01
6.556853606118956401e-01
6.619261526137755203e-01
6.718498442344343902e-01
6.803402667861211395e-01
6.901346570201529751e-01
6.993442347270174553e-01
7.082177692412032766e-01
7.167832660132771316e-01
7.242486258139217981e-01
7.354923697507433911e-01
7.412160424274623072e-01
7.501412557987122698e-01
7.600580079237104769e-01
7.697124819346554681e-01
7.803773928060708798e-01
7.914576514903415294e-01
8.014125684463653254e-01
8.121910409834705025e-01
8.252183880064425381e-01
8.368115822733308562e-01
8.518970406288549624e-01
8.668000756762195280e-01
8.816830544549953963e-01
8.998400967411508411e-01
9.190005403829409891e-01
9.392049243442659456e-01
9.615797178422125224e-01
9.861794026394917756e-01
1.014162335724649644e+00
1.044510689415896643e+00
1.075533025490851946e+00
1.112007015100354934e+00
1.151520167513907733e+00
1.196429274253511199e+00
1.244469598847581793e+00
1.299079739527511768e+00
1.354922752467742519e+00
1.416484589225149415e+00
1.486689403558721922e+00
1.559426063285063391e+00
1.641945778231087782e+00
1.725518723460529813e+00
1.819310463719487458e+00
1.917374888704566294e+00
2.021231515484781749e+00
2.135010356398022058e+00
2.253920995375050751e+00
2.378817151300669952e+00
2.510682796322644794e+00
2.652443918172114223e+00
2.797783004808937601e+00
2.951422525171019551e+00
3.111373123962539733e+00
3.276871330523023040e+00
3.446467572088639741e+00
3.627404560736821271e+00
3.810947081038360995e+00
4.001334006557101475e+00
4.195111583201191152e+00
4.395227080260202257e+00
4.599485787760529298e+00
4.807602160463066987e+00
5.018296239005267445e+00
5.233285909050406026e+00
5.448554938172804896e+00
5.671490765299015635e+00
5.891995369590775411e+00
6.117747255804454554e+00
6.345320440756642810e+00
6.570817365442480629e+00
6.798963713826298161e+00
7.024119355415077592e+00
7.252151513194434962e+00
7.478276792185461375e+00
7.706231847369569010e+00
7.932310923303914407e+00
8.153403761148657836e+00
8.374870920014378939e+00
8.595051010001697023e+00
8.812761389984588689e+00
9.027734007747417522e+00
9.241805659289882513e+00
9.450939708038209375e+00
9.660021209160367661e+00
9.863700129700063712e+00
1.006751095331915558e+01
1.027000993473503776e+01
1.046466729404745166e+01
1.065698004834846380e+01
1.084137313868687613e+01
1.102422795389746391e+01
1.120655644204744483e+01
1.138386518332795383e+01
1.155549847576661193e+01
1.172735048681214209e+01
1.189414561425092742e+01
1.205717528443748776e+01
1.221616388552369159e+01
1.237141574029149105e+01
1.252394197966207656e+01
1.267508387272823001e+01
1.282344925980519257e+01
1.296375317332965338e+01
1.310714103065892822e+01
1.323934253736598698e+01
1.337544446391421360e+01
1.350709613980161272e+01
1.363444595204075682e+01
1.376027710729888121e+01
1.388097834567242117e+01
1.400159333101418646e+01
1.411547656775806914e+01
1.423088967567857921e+01
1.434824952086055738e+01
1.445370120680776438e+01
1.456558473528837006e+01
1.467683046829325022e+01
1.478637381770495907e+01
1.489228162713292214e+01
1.499864858222559327e+01
1.510057708304570667e+01
1.520537468737985520e+01
1.530931399652453706e+01
1.541153002185065368e+01
1.551504772218777894e+01
1.562207632549455560e+01
1.572507938621180656e+01
1.582510928347535462e+01
1.593368625617666723e+01
1.603415141049148929e+01
1.614042397403338569e+01
1.624427077220135374e+01
1.635616460432781238e+01
1.646766913590757753e+01
1.657895330856489480e+01
1.669823738907298250e+01
1.681871414257227926e+01
1.693876224287757992e+01
1.706067599474571850e+01
1.719014226818686808e+01
1.732978176645501378e+01
1.746824631069965861e+01
1.760996077600083609e+01
1.776043277572591705e+01
1.792012215986144597e+01
1.808495739918349443e+01
1.825938818642664074e+01
1.844252981746145181e+01
1.863438459321480067e+01
1.884026208219850318e+01
1.905566808528924838e+01
1.928317927693640499e+01
1.952376049924068724e+01
1.978207994149773441e+01
2.005980824594208300e+01
2.035603076221184793e+01
2.067866469281510433e+01
2.102941613345381811e+01
2.140882984040482384e+01
2.182460541908409013e+01
2.228420669992827285e+01
2.279531031160875543e+01
2.337136977345501521e+01
2.403046934902668852e+01
2.478120370023853880e+01
2.565784877705463884e+01
2.667711594130371822e+01
2.785912016178068384e+01
2.920242176987851224e+01
3.067664932408924727e+01
3.218770980854892372e+01
3.363710425335101917e+01
3.483246112778927994e+01
3.552520772985548092e+01
3.552029203790130651e+01
3.463324060669292948e+01
3.276789414799885947e+01
2.995273822614329617e+01
2.637105645192006875e+01
2.230005480573671761e+01
1.807380345012344591e+01
1.401851339979931765e+01
1.038134909740302980e+01
7.337137414378656075e+00
4.944184232070109708e+00
3.171412265251989826e+00
1.936835372048630877e+00
1.129415097706606641e+00
6.285725547900830046e-01
3.317275866686723584e-01
1.691390870091963872e-01
8.291264091924931134e-02
3.904056944095711523e-02
1.864419573860513421e-02
8.916608368470451546e-03
4.944661277467681144e-03
3.355733705686505391e-03
2.760579997001107525e-03
2.466964754327481430e-03
2.400220014065087854e-03
2.270860225270661913e-03
2.108775670907355945e-03
2.048256789379969411e-03
2.133114999273068562e-03
2.078351470805084138e-03
2.036120492145914070e-03
1.893628116371976139e-03
1.876630963581117466e-03
1.786972655088182437e-03
1.691630189209324814e-03
1.825277613562680196e-03
1.718464180779974383e-03
1.626834289768833890e-03
1.699270658996832701e-03
1.641973743315995691e-03
1.488286614464063955e-03
1.398051152089701925e-03
1.448738729957385748e-03
1.416446641172946141e-03
1.498713080129511141e-03
1.402638144084890825e-03
