7.004012566418439292e+02
4.585632956070318755e+02
3.165164123451694991e+02
2.417455599601283325e+02
1.959496775308448093e+02
1.687980807834771042e+02
1.479170819357006224e+02
1.336178609597092475e+02
1.229063852537802575e+02
1.144153323353259282e+02
1.076364611306756274e+02
1.022155353612964461e+02
9.727807227679900848e+01
9.364888027669816495e+01
9.018582058759972142e+01
8.730660042420946354e+01
8.463153936608109973e+01
8.243278967384901534e+01
8.027981952033061930e+01
7.811093556894223866e+01
7.645087223810084254e+01
7.458017168947780817e+01
7.337294079549791093e+01
7.169836707594053848e+01
7.053648288423723045e+01
6.932279977419361217e+01
6.794005002485110367e+01
6.703348117809464668e+01
6.590312920762755766e+01
6.481951726816072323e+01
6.391993769508609091e+01
6.290056928488267829e+01
6.209529068035610067e+01
6.123116868686862091e+01
6.037237552701402166e+01
5.957113790885405535e+01
5.871084917047296159e+01
5.790413756672140977e+01
5.717610481576125636e+01
5.642584534742800173e+01
5.560490035860422608e+01
5.499953863030089707e+01
5.422294720141779578e+01
5.365223929557782867e+01
5.294462993315190147e+01
5.232821471622969511e+01
5.173831319937730910e+01
5.109022346188177011e+01
5.043665780388920439e+01
4.979004453457330470e+01
4.924684857244695024e+01
4.863607165921727926e+01
4.791441727371431369e+01
4.740235927962220330e+01
4.688446255165767695e+01
4.623315550666053042e+01
4.566340998247856930e+01
4.506027098243389162e+01
4.446555678756418928e+01
4.392300831889408386e+01
4.330950851158772252e+01
4.271016141311233838e+01
4.226729575274156758e+01
4.172301430609082473e+01
4.105771952706945171e+01
4.043130437479740635e+01
3.990106066717476807e+01
3.933745382209634300e+01
3.886432387793153254e+01
3.827724466612582432e+01
3.771463592452820279e+01
3.721521789499203692e+01
3.654908426478262840e+01
3.593962429553664606e+01
3.540271625626358798e+01
3.485540552713667495e+01
3.424676250078270812e+01
3.369601896594904389e+01
3.310833924475563350e+01
3.254320144856877306e+01
3.191870574845118824e+01
3.135206907407822641e+01
3.074182753664454282e+01
3.012655126902013336e+01
2.959924858156026062e+01
2.892532544281496598e+01
2.828457205432907173e+01
2.764120164228252818e+01
2.703107675704956137e+01
2.639041041174877478e+01
2.576602173644329596e+01
2.510113583281284377e+01
2.447036066564266932e+01
2.385581997891056361e+01
2.320325458987239386e+01
2.252622195499428770e+01
2.188930717050588370e+01
2.124766220565829400e+01
2.060027958241700574e+01
1.996951108134446073e+01
1.933960002433387260e+01
1.868260726325644328e+01
1.809671910177610243e+01
1.747039320765613013e+01
1.686898787387931620e+01
1.625890345866636366e+01
1.566944010413732968e+01
1.510227150680499086e+01
1.455485655054014416e+01
1.400658374407780826e+01
1.348632847889935782e+01
1.294270299379939004e+01
1.247235304944507917e+01
1.197154264221923547e+01
1.151243822260624228e+01
1.105599341500309407e+01
1.061748658630102327e+01
1.020165366307800525e+01
9.813488851172500915e+00
9.418208440030731765e+00
9.042901990404070389e+00
8.690230355127084749e+00
8.350521359098113550e+00
8.025316311447758366e+00
7.708572711006315359e+00
7.406752822391531765e+00
7.122660645097279364e+00
6.848536257698261132e+00
6.588853984564631894e+00
6.339766723735079879e+00
6.103149499769359387e+00
5.874295560837780705e+00
5.660000561501117744e+00
5.454308978904332861e+00
5.256586281248988968e+00
5.071079579380014302e+00
4.891984460755222308e+00
4.723785216617935490e+00
4.561374900915886599e+00
4.406701830207423676e+00
4.260741718950880497e+00
4.120873381410304681e+00
3.987167685638153269e+00
3.857153326223387690e+00
3.735775230754477150e+00
3.618644307204488708e+00
3.509502849565620863e+00
3.404078302477788309e+00
3.303451696846035013e+00
3.207639237642141428e+00
3.114647173773532618e+00
3.025794586559158006e+00
2.942203772573764642e+00
2.862622164268276759e+00
2.785932306941481862e+00
2.712162426329846276e+00
2.640859222908018111e+00
2.574503917359572291e+00
2.510310326170995143e+00
2.448869399028136939e+00
2.389607360253900303e+00
2.331944362935750359e+00
2.279521084560248934e+00
2.226971248740177156e+00
2.177758282141077029e+00
2.130407591204861895e+00
2.084299425962630625e+00
2.039623705418389221e+00
1.998121365134253091e+00
1.958454283689121000e+00
1.919473362470345945e+00
1.882285479974287412e+00
1.846172044914730748e+00
1.812724033253352962e+00
1.780251426199511045e+00
1.748190304147261731e+00
1.717928500307670303e+00
1.688163240873517434e+00
1.660544303581868553e+00
1.632999511256335801e+00
1.607068416609030548e+00
1.582791132052794092e+00
1.558879444691626093e+00
1.535729573376028778e+00
1.513737500561784799e+00
1.492119196407822646e+00
1.472045018872324862e+00
1.451973540594433176e+00
1.433711109477208812e+00
1.414720848696839228e+00
1.396983074304292138e+00
1.380522466747093668e+00
1.364138107305556291e+00
1.348649190160577716e+00
1.333750540068302071e+00
1.319852466307747774e+00
1.306256767683655395e+00
1.292811483942250428e+00
1.280107418952876941e+00
1.267598073851150975e+00
1.256082100269748647e+00
1.244635174485010154e+00
1.233831964509769286e+00
1.223725037262628046e+00
1.213571938277887563e+00
1.203955982481510478e+00
1.195073355272333826e+00
1.186291611314521433e+00
1.177866919785253375e+00
1.169953502432386827e+00
1.162058296871445684e+00
1.154570262055623964e+00
1.147486443665955980e+00
1.140320704121849715e+00
1.134379064750358435e+00
1.127893144246927992e+00
1.121978324288891660e+00
1.116463261179168498e+00
1.110762059654985201e+00
1.105715682272088385e+00
1.100952700017582497e+00
1.096095000042518475e+00
1.091653042075788616e+00
1.087426494009909428e+00
1.083137649294131366e+00
1.079353854112039768e+00
1.076201846474343915e+00
1.072525700766630674e+00
1.069298250033925202e+00
1.066435847159262540e+00
1.063189417356464439e+00
1.060398292564362466e+00
1.057669133976488318e+00
1.055721661800555600e+00
1.053176522232466938e+00
1.051048499528346891e+00
1.048758054005450191e+00
1.047038190076866382e+00
1.045387797208118252e+00
1.043958838075688789e+00
1.042293274806744385e+00
1.040696051056684279e+00
1.039355255664117239e+00
1.038520955628953191e+00
1.037197515370716916e+00
1.036359737784873225e+00
1.035296167689908398e+00
1.034936201339399675e+00
1.033752962529798758e+00
1.033261157997704016e+00
1.033188179172354060e+00
1.032655056032435681e+00
1.032036231598709497e+00
1.031718434876163215e+00
1.031253534892327739e+00
1.030835854367861515e+00
1.031059728893948702e+00
1.030520435098113863e+00
1.030239559159425111e+00
1.030151741197755211e+00
1.029901523319491696e+00
1.030169853890457787e+00
1.030234703243720240e+00
1.030093368269447973e+00
1.030414062871164660e+00
1.030204963583568833e+00
1.030591057679744571e+00
1.030572858842164763e+00
1.030828176760741677e+00
1.031446435247933113e+00
1.031713324932330256e+00
1.032293612779805025e+00
1.032658263176361446e+00
1.033050192105999132e+00
1.033361788700544182e+00
1.033627244665725309e+00
1.034000378367307293e+00
1.034680240197678902e+00
1.035083685875137105e+00
1.035582323991758535e+00
1.035850868839499173e+00
1.036354397867218502e+00
1.037145361881298911e+00
1.037658688208719981e+00
1.038090220023791366e+00
1.038624206647065451e+00
1.039064912914715144e+00
1.039661941845456683e+00
1.040362209321385789e+00
1.040560813355189351e+00
1.040963912972794558e+00
1.041672759849547436e+00
1.042120425470779432e+00
1.042600261516748006e+00
1.043381102742516164e+00
1.043659887244431816e+00
1.044098269062390116e+00
1.045013367877616339e+00
1.045288197097009819e+00
1.045751130590267586e+00
1.045785813797672992e+00
1.046263227642805216e+00
1.046911643996996544e+00
1.047385500075775466e+00
1.048012429866530981e+00
1.048343694385477587e+00
1.048501400498050407e+00
1.048882281427789387e+00
1.048996435229895052e+00
1.049600587262794260e+00
1.049948947616342831e+00
1.050072919159883655e+00
1.050618755593039966e+00
1.050992136223585227e+00
1.051145704338143805e+00
1.051250285360905146e+00
1.051583308371701220e+00
1.051759059687136233e+00
1.052371107971104225e+00
1.052524393692332749e+00
1.052724497918226421e+00
1.053006849528425048e+00
1.053222005999054911e+00
1.053538687899416848e+00
1.053856056054138346e+00
1.053238065518248057e+00
1.053704395627519608e+00
1.053781687945532397e+00
1.054113582896162304e+00
1.054914274153058606e+00
1.055511416169043315e+00
1.055657725582107576e+00
1.055499023991160801e+00
1.055678490252849766e+00
1.055617736472945323e+00
1.055055779540386318e+00
1.055459398913137559e+00
1.055008891423997008e+00
1.054981516682954146e+00
1.054780636564632390e+00
