4.921188764608517658e+02
3.103510172606996207e+02
2.162905039266821916e+02
1.689773888622508480e+02
1.410969750788570707e+02
1.230985518488519546e+02
1.106800980211428254e+02
1.008396003026110748e+02
9.393906217550667748e+01
8.839010468890487005e+01
8.384560219342405674e+01
8.000272078559795830e+01
7.673517822375413289e+01
7.403540152875740432e+01
7.160960648542196338e+01
6.953365499528686655e+01
6.757250437972618329e+01
6.573305531105440025e+01
6.425908709179840628e+01
6.288883476007808326e+01
6.147498796756556061e+01
6.010616386287129131e+01
5.910394182402297503e+01
5.798900135797390476e+01
5.697813604605631355e+01
5.593171147766958740e+01
5.522663794668537918e+01
5.425536053876952991e+01
5.338321174804973879e+01
5.257010135620466684e+01
5.194514591081584598e+01
5.107892308389939728e+01
5.041780507721087190e+01
4.975466940659810433e+01
4.895499637455492348e+01
4.830601490515189766e+01
4.765755925760895906e+01
4.707815862414361163e+01
4.654337740227585130e+01
4.597702376730551777e+01
4.525844604950798100e+01
4.476141791088650734e+01
4.405943495106583185e+01
4.350918975126818822e+01
4.292627707546613181e+01
4.234453071865159757e+01
4.175825751747262871e+01
4.106627471810855923e+01
4.052736017314303751e+01
3.994539245623306556e+01
3.937169504535591358e+01
3.875059696700989065e+01
3.811328088067052278e+01
3.765384079208853763e+01
3.700167741449539704e+01
3.636033104543562899e+01
3.572647193476620231e+01
3.514608495981241276e+01
3.451351026000599376e+01
3.384102599361943930e+01
3.317349115320203623e+01
3.257305446961927231e+01
3.189152757154734985e+01
3.116109565699397166e+01
3.050697120364512926e+01
2.980224060437620892e+01
2.913131928376027346e+01
2.843949551018777200e+01
2.773190273759753666e+01
2.700525763560226622e+01
2.633430777386439914e+01
2.561592334634755375e+01
2.487643675450493674e+01
2.420305162958166534e+01
2.344312593594944971e+01
2.273415209412478077e+01
2.202148230968469278e+01
2.131031729168858035e+01
2.060859056246156484e+01
1.991181307752865948e+01
1.923772871546993812e+01
1.853649300366937425e+01
1.787427347709334313e+01
1.721320613462810201e+01
1.657615697597661253e+01
1.595346956074003408e+01
1.530388100241436788e+01
1.470971355783142265e+01
1.412611928658020588e+01
1.356061821726701133e+01
1.299354277266233204e+01
1.245613587451367721e+01
1.196159184390658581e+01
1.146688595606436856e+01
1.098604819309049851e+01
1.052601828583722643e+01
1.008666165517372626e+01
9.658238427294946860e+00
9.259048039124092355e+00
8.877100142618292722e+00
8.501071645264280718e+00
8.153877427337516082e+00
7.815607469586755229e+00
7.488632367641955945e+00
7.180641444272524154e+00
6.884711880755279623e+00
6.606903689406623315e+00
6.337261124041898341e+00
6.084900738512210694e+00
5.844276953857712620e+00
5.617831512576284325e+00
5.398159836694558678e+00
5.191436483150907222e+00
4.994874661240975122e+00
4.805484450087509352e+00
4.630349005941038598e+00
4.462587785442042154e+00
4.301095009264144231e+00
4.146545470163896852e+00
4.003494635915014754e+00
3.865028848317734411e+00
3.733870560775625957e+00
3.608241933304800586e+00
3.490494807433920599e+00
3.376683776574428641e+00
3.269215722467649687e+00
3.165475600450944338e+00
3.068493139001099657e+00
2.976090709926601630e+00
2.887370714416515050e+00
2.803743203668748851e+00
2.724177370558856115e+00
2.646470141059077186e+00
2.573110279521782395e+00
2.503363672150252128e+00
2.436528784873715381e+00
2.373777231031074741e+00
2.312638622835076152e+00
2.254387926907804651e+00
2.199075545538339949e+00
2.146808791306520359e+00
2.096378172967022113e+00
2.047964493853611678e+00
2.001162419203322607e+00
1.957533908673506629e+00
1.915760323440936608e+00
1.875949102445248817e+00
1.837111406831690497e+00
1.800020942857108119e+00
1.764996810543392858e+00
1.730166757408095668e+00
1.697838251743215343e+00
1.666081941767969532e+00
1.636754919493957683e+00
1.608332540559301638e+00
1.580943360113870044e+00
1.554951399557744418e+00
1.529466926533214588e+00
1.506285582270846524e+00
1.482888937439543975e+00
1.461029801350517188e+00
1.439225086471620507e+00
1.418714184387754873e+00
1.400402255456060674e+00
1.381658529306946770e+00
1.363976175755067244e+00
1.347003270844761902e+00
1.330117785010173526e+00
1.314813739709863816e+00
1.299897558686021526e+00
1.285666438088979291e+00
1.271676706962115544e+00
1.258603476279796851e+00
1.246397447926067104e+00
1.234570472589430201e+00
1.223191475611043355e+00
1.212079544290316502e+00
1.201647104913570629e+00
1.191200504365960589e+00
1.181860422048253589e+00
1.172348802195074313e+00
1.164211866809888640e+00
1.155830449934897253e+00
1.147591176267068303e+00
1.140445197626857698e+00
1.133397238340665414e+00
1.126768936367205320e+00
1.120054568358503921e+00
1.114201658212863544e+00
1.108272142927829274e+00
1.102672154394727988e+00
1.097599596971332359e+00
1.092357802907892861e+00
1.088088549102023794e+00
1.083364205620166221e+00
1.079301156099152781e+00
1.075363331786299170e+00
1.071425302969338356e+00
1.068065240232668245e+00
1.064944240672853315e+00
1.061986901314139198e+00
1.058631045805857873e+00
1.056096203230127095e+00
1.053471634773658794e+00
1.051322097805519995e+00
1.048888979943678912e+00
1.047040958532987176e+00
1.045184828219215323e+00
1.043424782900996606e+00
1.041650805621184839e+00
1.040277080161950529e+00
1.038734440923733349e+00
1.037698246112852996e+00
1.036506164099594285e+00
1.035810376610184269e+00
1.034701111581495914e+00
1.033908470788079681e+00
1.033263121497658421e+00
1.032418463902214700e+00
1.031889280644276319e+00
1.031375459009379325e+00
1.031287320317857192e+00
1.030756180813063194e+00
1.030708555866052922e+00
1.030175227056157716e+00
1.030593381246972084e+00
1.030441547975345262e+00
1.030389635832619666e+00
1.030419056337326111e+00
1.030610395181903227e+00
1.030358394444236714e+00
1.031021338131419496e+00
1.031176572921929990e+00
1.031490970960625475e+00
1.031912378079038461e+00
1.032133320667244281e+00
1.032078484090199533e+00
1.032460145626751036e+00
1.033354390353397934e+00
1.033811176237222185e+00
1.034227911663860633e+00
1.034801808919604715e+00
1.034731557181757244e+00
1.035758131539875171e+00
1.036167963173381112e+00
1.036726318456548501e+00
1.037398707202438874e+00
1.037732705466538397e+00
1.038220418279249824e+00
1.038778173068516386e+00
1.039468811410193760e+00
1.039982391511857562e+00
1.040767542057083217e+00
1.041145675266043957e+00
1.041646032710892733e+00
1.042075299135710731e+00
1.042838464258499132e+00
1.043409523485064661e+00
1.043926935914452514e+00
1.044403172902863997e+00
1.044888454503921427e+00
1.045763229828229779e+00
1.046209484861631900e+00
1.046537627842661911e+00
1.047173287971845168e+00
1.047875009277487779e+00
1.048037316436809752e+00
1.048773411105478948e+00
1.049318529143019818e+00
1.049459372468827700e+00
1.050278468647876995e+00
1.050765031693431828e+00
1.050825647325527523e+00
1.050982928660570304e+00
1.051757126703663170e+00
1.052027299782705150e+00
1.052487117569128161e+00
1.052829224121075047e+00
1.053203532014105992e+00
1.053714872611235087e+00
1.053897550457055798e+00
1.054310012837471167e+00
1.054643571509590760e+00
1.054930588347158027e+00
1.055118403329941001e+00
1.055541243339360502e+00
1.055433775214126513e+00
1.055752928734066343e+00
1.056091962156748165e+00
1.056194380053603110e+00
1.056268848007949623e+00
1.056327469738221225e+00
1.056554750468651438e+00
1.057005194056567232e+00
1.056772800403235069e+00
1.056811687473560690e+00
1.057122625565150464e+00
1.057264614970028438e+00
1.057185975179892878e+00
1.057042099658874301e+00
1.056935064784073397e+00
1.057094162922186831e+00
1.057312527850138961e+00
1.057205025950432642e+00
1.057497519962907084e+00
1.057422666380372966e+00
1.057465586134987756e+00
1.057353098789258761e+00
1.057309283039575831e+00
1.057546776735966754e+00
1.057172171391432824e+00
1.057139685806450347e+00
1.057239590171736632e+00
1.057146600156638971e+00
1.056824667298980280e+00
1.056708794706029408e+00
1.056774087501090698e+00
1.056761461764569976e+00
1.056643408091381797e+00
1.056776399097471009e+00
1.056734739840815784e+00
1.056273710648988562e+00
1.056210674023963625e+00
1.056456207427864502e+00
1.056323812838030562e+00
1.055640328307126286e+00
1.055785340069231637e+00
1.055949336826254026e+00
1.055955496853492548e+00
1.056122758492357594e+00
1.056194914173819388e+00
1.056887482821463831e+00
1.057012901107056591e+00
1.056760827757848187e+00
1.056367924980245787e+00
1.056712056517986609e+00
1.057362165816538635e+00
1.056969911502614323e+00
1.056845113458638519e+00
1.056920624830993916e+00
