2.249865597330917311e+01
2.301604431866100597e+01
2.307546554272785500e+01
2.310690372204416221e+01
2.312720356860024751e+01
2.314409810546531432e+01
2.316197465903519159e+01
2.317048266922973099e+01
2.317325362928798427e+01
2.317528029344698837e+01
2.316697209629584009e+01
2.317056778050970323e+01
2.316285965655475465e+01
2.315284607416491625e+01
2.313797654810471727e+01
2.312092161128605738e+01
2.310691257682423938e+01
2.308529901949135166e+01
2.305500571721402281e+01
2.302554240505659422e+01
2.299726492630174235e+01
2.296325542264990816e+01
2.292617066685296479e+01
2.288762993806392387e+01
2.284246037634299853e+01
2.279622127293084688e+01
2.274351688765345614e+01
2.269026747893563467e+01
2.263084947770672528e+01
2.257064219728561127e+01
2.251442957099010300e+01
2.243675877119037665e+01
2.236872224559559896e+01
2.229725659220758871e+01
2.221543705805641267e+01
2.213544072082861547e+01
2.205054648747596957e+01
2.196215710464027993e+01
2.187286523280111794e+01
2.177641214715443496e+01
2.168108986958151974e+01
2.158065023200000354e+01
2.147246531899165944e+01
2.136846519885438411e+01
2.126388599340393171e+01
2.115081589365156134e+01
2.103596230497323205e+01
2.091434605015497894e+01
2.079721397914428849e+01
2.067007482435341359e+01
2.054766006230322617e+01
2.042183723464216882e+01
2.029036307897663605e+01
2.016047676730583049e+01
2.003086603146589795e+01
1.988981485608773880e+01
1.975579819610417687e+01
1.961503425583651250e+01
1.947639435604092739e+01
1.933700381516523237e+01
1.919186027058599109e+01
1.904900171668011311e+01
1.890313214055067803e+01
1.875147657725201000e+01
1.860978526399173560e+01
1.845823562455269240e+01
1.830930259500200208e+01
1.816360084734499836e+01
1.800842238913084259e+01
1.786449229075103773e+01
1.771111438736068422e+01
1.756145925470370273e+01
1.740826541528601012e+01
1.725876483166831932e+01
1.711011013178704587e+01
1.695806945541555422e+01
1.680482062161655321e+01
1.665568024370844924e+01
1.651016107239610875e+01
1.635934641160419645e+01
1.621279769133679949e+01
1.606167560159131824e+01
1.591670417655628533e+01
1.576737955190363394e+01
1.562656367344465203e+01
1.547924403327520793e+01
1.533678200173011952e+01
1.519043004077825820e+01
1.505294328953135263e+01
1.490707713064128548e+01
1.476554786441629297e+01
1.462864339451377305e+01
1.449364229836862883e+01
1.435594157632038836e+01
1.422562660861926354e+01
1.408639444638986049e+01
1.395150829011973848e+01
1.382394753169637269e+01
1.369359308928441799e+01
1.356258591718950157e+01
1.343706848181474101e+01
1.330668576590625385e+01
1.318660404142857523e+01
1.306147527851587142e+01
1.293769715042077983e+01
1.281524830799201808e+01
1.269552425411775154e+01
1.257403892300850856e+01
1.245557621499911427e+01
1.234150719439004718e+01
1.222737980647189460e+01
1.211279712482613924e+01
1.200034619354712007e+01
1.189193511643505552e+01
1.178325499203569748e+01
1.167651071577043353e+01
1.156946537489150373e+01
1.146265179966144565e+01
1.135654994309196653e+01
1.125399217864968548e+01
1.115650805001561530e+01
1.105588354011419305e+01
1.095090395163494890e+01
1.085600873473550898e+01
1.076262037149971995e+01
1.066732431708118867e+01
1.056949408889858866e+01
1.047949267431744680e+01
1.038487736528366590e+01
1.029846222010336554e+01
1.020846483138400451e+01
1.011986301568945201e+01
1.003189807176866388e+01
9.947374898151759126e+00
9.865582499077866885e+00
9.781396193196464139e+00
9.699011437668062285e+00
9.620073171181264371e+00
9.536552877714212784e+00
9.459687056180117182e+00
9.380853673565811235e+00
9.307720470975109350e+00
9.231230477183936856e+00
9.157798616780599588e+00
9.086771572856461532e+00
9.011364857411143348e+00
8.941602959623786262e+00
8.870513628902967795e+00
8.801909683248979377e+00
8.733178110883121903e+00
8.666651893291428266e+00
8.602426471445690837e+00
8.536012453382308962e+00
8.473729097084682138e+00
8.410793383907066101e+00
8.350433861480340170e+00
8.288352494026684170e+00
8.226693368701635478e+00
8.168358501712235764e+00
8.110404375321301984e+00
8.054499707166046463e+00
7.993979670178792851e+00
7.941172533760436636e+00
7.887928950387685489e+00
7.835686563482748390e+00
7.784829658827589149e+00
7.733770868046525138e+00
7.681081256103413857e+00
7.633349663410713859e+00
7.587100923792332807e+00
7.538259120909911459e+00
7.492097982090399455e+00
7.448384891767840799e+00
7.402834114078695293e+00
7.362432634309370449e+00
7.320583776731466763e+00
7.278452294655898491e+00
7.237474054049670258e+00
7.197665364936185917e+00
7.159096290714696664e+00
7.122274251924008759e+00
7.086647855091564807e+00
7.052705533217286771e+00
7.018261600464887451e+00
6.983519396555284864e+00
6.950912042017479031e+00
6.919028810814092267e+00
6.886954215836848192e+00
6.860050284418694133e+00
6.830337591670691211e+00
6.800507693417450206e+00
6.776735351393885942e+00
6.748930299131528088e+00
6.725166455473876148e+00
6.703822251690346512e+00
6.680970121125445971e+00
6.658943857418988088e+00
6.637472702220879484e+00
6.617337366395328324e+00
6.597717800385699327e+00
6.578419327838393116e+00
6.560092936947109266e+00
6.543344884684465512e+00
6.527861710535590056e+00
6.511775210136343084e+00
6.499922609457509104e+00
6.485532882571055424e+00
6.473584917756157964e+00
6.464372673076798748e+00
6.452255176535703463e+00
6.441475198272085478e+00
6.430723613431826635e+00
6.424530030032888028e+00
6.415679947103327230e+00
6.411113462162163934e+00
6.400355214513502311e+00
6.395703520009239362e+00
6.392599200744116139e+00
6.387105615003823900e+00
6.385795532924572804e+00
6.383360985658334208e+00
6.383162683417803684e+00
6.383362888735015339e+00
6.383360516899507786e+00
6.382619736464405946e+00
6.381943406621777726e+00
6.385091022339263844e+00
6.383426602890074797e+00
6.386310397264088223e+00
6.392533721856723083e+00
6.395948346851987765e+00
6.402292929880043282e+00
6.407029690837268809e+00
6.414477818721217695e+00
6.422665306149002440e+00
6.431255595245585432e+00
6.441379383555967841e+00
6.448662885499195419e+00
6.457241540765511267e+00
6.469303198455081727e+00
6.479800726852095849e+00
6.488087777795184863e+00
6.498452880249346642e+00
6.512328469289347943e+00
6.524276487517311374e+00
6.538620408607204837e+00
6.551668779969164191e+00
6.568144233969418266e+00
6.581253530578332622e+00
6.597535263996745059e+00
6.615749300395102672e+00
6.633223078754706847e+00
6.648519543326533388e+00
6.667596064581320370e+00
6.685207911280047988e+00
6.704089343596836947e+00
6.726743128265288085e+00
6.745057688604890522e+00
6.766574990956690350e+00
6.789451467991756139e+00
6.809006365155278573e+00
6.833774796221351089e+00
6.856314423150266180e+00
6.879065496013523351e+00
6.904572427726717088e+00
6.931571911018296284e+00
6.957714475986817249e+00
6.986950802109532788e+00
7.015191217846348692e+00
7.044491964256664573e+00
7.075147107149375003e+00
7.107367380010679803e+00
7.137315976019113606e+00
7.169424857305754628e+00
7.200473615489166868e+00
7.234683740451514744e+00
7.271776747732750401e+00
7.308533320176884729e+00
7.344896038496961488e+00
7.386793354338386131e+00
7.425970519686573290e+00
7.468041781057426221e+00
7.509011122005342820e+00
7.553970434364434716e+00
7.601641687515765078e+00
7.647796600132508615e+00
7.697292275092602942e+00
7.749488610357198048e+00
7.806164846505720512e+00
7.861999981638385648e+00
7.922399545827569334e+00
7.981995156790523183e+00
8.047843103359447525e+00
8.115523971913154000e+00
8.184390040558424673e+00
8.258495397084173462e+00
8.334736289914772556e+00
8.416385611834479974e+00
8.502458059087988573e+00
8.594161582119177467e+00
8.687310939139310406e+00
8.788915771940700949e+00
8.897204715527092134e+00
9.014071952050180414e+00
9.139716729612292312e+00
9.275036519841963312e+00
9.419783474362905196e+00
9.576424316818407334e+00
9.749598750357955979e+00
9.942635623515165832e+00
1.014885142331131007e+01
1.038015894847851150e+01
1.063408709614253844e+01
1.091595887041239976e+01
1.122208713150025616e+01
1.155313988830323524e+01
1.190682408284531490e+01
1.227530299128840241e+01
1.265645703279094469e+01
1.302543656378028381e+01
1.337283525710688536e+01
1.367344005899856363e+01
1.391456077616714992e+01
1.406660467068641296e+01
1.411179271986816097e+01
1.400374645970028276e+01
1.376458517883012256e+01
1.336118972261384741e+01
1.280259015518979204e+01
1.209525888310979447e+01
1.125733561878031175e+01
1.029946423045764270e+01
9.274144819862840450e+00
8.211840712118050334e+00
7.137445880619419647e+00
6.094320507827674760e+00
5.107036591438607331e+00
4.197467071526036264e+00
3.381909829537161460e+00
2.670031585741169167e+00
