2.250944947173101340e+01
2.303358803161582102e+01
2.310388750775679512e+01
2.314641275970102896e+01
2.317452051452555750e+01
2.319889510052232851e+01
2.322284213890166171e+01
2.323611483353591112e+01
2.324267688033775059e+01
2.324802357618166937e+01
2.324240235905433849e+01
2.324763980316249601e+01
2.324148691355903296e+01
2.323276810812487270e+01
2.321928488694170056e+01
2.320310333274697356e+01
2.319050463147321750e+01
2.316931405565830815e+01
2.313924771166463756e+01
2.311291554214055211e+01
2.308446101990423571e+01
2.305166829500246806e+01
2.301448452718006976e+01
2.297639233555153737e+01
2.293255699951206594e+01
2.288700699879105827e+01
2.283575374181285866e+01
2.278341225505315748e+01
2.272562247619008957e+01
2.266658992096095560e+01
2.261075310189334076e+01
2.253338075214939096e+01
2.246712550565511890e+01
2.239625811092169627e+01
2.231441467664175349e+01
2.223670714469532683e+01
2.215379616099730953e+01
2.206442119039992633e+01
2.197621698015865022e+01
2.188072275036287095e+01
2.178696693381425931e+01
2.168743550344586879e+01
2.158010947159461068e+01
2.147706131993636447e+01
2.137372531204575665e+01
2.125994186237940653e+01
2.114646906144786342e+01
2.102521835627607416e+01
2.090810892019647582e+01
2.078116543822308415e+01
2.066115498797674732e+01
2.053616636393388006e+01
2.040384645815463927e+01
2.027359138141806483e+01
2.014549763046399278e+01
2.000576692045611793e+01
1.987243071111516812e+01
1.973284333020703230e+01
1.959249745976170232e+01
1.945410656674895833e+01
1.931039484035694542e+01
1.916828135910667541e+01
1.902313721262369128e+01
1.887186532533979744e+01
1.873080725763394128e+01
1.857985707337635972e+01
1.843079241210002905e+01
1.828626602984222416e+01
1.813168846977828252e+01
1.798838690737387225e+01
1.783523626020865294e+01
1.768693335243429132e+01
1.753379628191208894e+01
1.738518124490980910e+01
1.723726035255033651e+01
1.708547834966184098e+01
1.693283198205056905e+01
1.678260198551167193e+01
1.663875930981689066e+01
1.648968143853483070e+01
1.634301881002724954e+01
1.619363958366471223e+01
1.604909806494920588e+01
1.590046537574864338e+01
1.576040805557686220e+01
1.561423709759776024e+01
1.547188744196565224e+01
1.532712497151758058e+01
1.519091590243129097e+01
1.504649865860994851e+01
1.490705011117109180e+01
1.477111424249923566e+01
1.463753151614952586e+01
1.450180783991667433e+01
1.437380017240541008e+01
1.423531474433236532e+01
1.410376124474005977e+01
1.397799711556446312e+01
1.385002022425856616e+01
1.372308803091057605e+01
1.360054492675096505e+01
1.347227060341175253e+01
1.335612997527714363e+01
1.323441717216771352e+01
1.311537981363913019e+01
1.299851767200039987e+01
1.288219680191354399e+01
1.276572673415771852e+01
1.265369599282818491e+01
1.254482416086028884e+01
1.243850547103267701e+01
1.232932098298416257e+01
1.222638301526258786e+01
1.212472741834123369e+01
1.202522436181409482e+01
1.192833330903438949e+01
1.183259386036496785e+01
1.173587504507697332e+01
1.163991193200820362e+01
1.154903919908113963e+01
1.146378325132548781e+01
1.137713813274535291e+01
1.128596744098418192e+01
1.120565735227914494e+01
1.112829454839564924e+01
1.104964715678640630e+01
1.096919551042135765e+01
1.089735885436808971e+01
1.082264111787290872e+01
1.075659975161442183e+01
1.068756773092327528e+01
1.061975561082758723e+01
1.055450646013446026e+01
1.049367502294980525e+01
1.043566833698239549e+01
1.037529171337194533e+01
1.031877320059823511e+01
1.026686263122708631e+01
1.021149200471864482e+01
1.016355540432320304e+01
1.011287413968426740e+01
1.007032732242256579e+01
1.002479826070303659e+01
9.984270381736484623e+00
9.945370931099089873e+00
9.904227057857406535e+00
9.867716047807832069e+00
9.830870190277249066e+00
9.798554016777194065e+00
9.765840669404495245e+00
9.733359622775124009e+00
9.707332247908569300e+00
9.679709004425768981e+00
9.656033664612833078e+00
9.629764011590678408e+00
9.609552521718271123e+00
9.587462337586041272e+00
9.566382495174250877e+00
9.547837126633380578e+00
9.529319324273394898e+00
9.516172486301959665e+00
9.496887511312952057e+00
9.484832621258775021e+00
9.473000044050946755e+00
9.461221689935600310e+00
9.455282066240439320e+00
9.443710119529404423e+00
9.433318657036881660e+00
9.427063966554795726e+00
9.421446884089350604e+00
9.414285161514367672e+00
9.408570781403991390e+00
9.404687913045039593e+00
9.401449132071050485e+00
9.402004660434894134e+00
9.402250032243529176e+00
9.400037035275381925e+00
9.397751051758110208e+00
9.398872020606793498e+00
9.399012654966741209e+00
9.397612584185070617e+00
9.402594093003868281e+00
9.405027507243476137e+00
9.404381956826950884e+00
9.408140096031669231e+00
9.409347381655743803e+00
9.413538604452238445e+00
9.413791917265308840e+00
9.421331921506505225e+00
9.425380485817257181e+00
9.427376999654278222e+00
9.435854384083457447e+00
9.439071104766235010e+00
9.446522300948982931e+00
9.452323977939158794e+00
9.455997723823168499e+00
9.459631110562002121e+00
9.467072360157878563e+00
9.474781978972595553e+00
9.479581971792585549e+00
9.484891514999718609e+00
9.490089436557482827e+00
9.497546067637342659e+00
9.502890753175190497e+00
9.509742666524264365e+00
9.515040280627852454e+00
9.523015270724176418e+00
9.525576991976359764e+00
9.535951402691937417e+00
9.539552514674664252e+00
9.547825330846634984e+00
9.553475763723040970e+00
9.561360159675238890e+00
9.567988667143103143e+00
9.573717575066901020e+00
9.575538025716920032e+00
9.582733350070725464e+00
9.590768216952707093e+00
9.596515648680766120e+00
9.603824752757166294e+00
9.610163239585590489e+00
9.615966679494455605e+00
9.621735414155706323e+00
9.628394536179195384e+00
9.632992438365292287e+00
9.638259726006397798e+00
9.643356980575326531e+00
9.646575451053097439e+00
9.653920099502391494e+00
9.659531764139094534e+00
9.668111000500061891e+00
9.673626652413876315e+00
9.679686333317604863e+00
9.686875513688725903e+00
9.694893379781184706e+00
9.701554979018199631e+00
9.709731182572987507e+00
9.714701523959973883e+00
9.722651391907346508e+00
9.730247487832222930e+00
9.737950439320947282e+00
9.746301629727353699e+00
9.749373264444127329e+00
9.758971930430726971e+00
9.768628040263793721e+00
9.775136368965492650e+00
9.782336930027932809e+00
9.789225834162603945e+00
9.797955288489571757e+00
9.807588669399386561e+00
9.816261465030422073e+00
9.827247881451439682e+00
9.835579003774357787e+00
9.847315915503996209e+00
9.858025861724483363e+00
9.867332987827138524e+00
9.882811145677075970e+00
9.892254721884453872e+00
9.906287889001257341e+00
9.916395445574528011e+00
9.930971955944347229e+00
9.945525590619002543e+00
9.958912103002299787e+00
9.974150800834481245e+00
9.990129690576145194e+00
1.000717735684907872e+01
1.002129994763491361e+01
1.004003518197087352e+01
1.005846144302250877e+01
1.007828744912428043e+01
1.010157840039883581e+01
1.012139399413355711e+01
1.014420103749486302e+01
1.016562328719915875e+01
1.018881461913364994e+01
1.021446956316587951e+01
1.024112537816100144e+01
1.026841544631020398e+01
1.029800917771593838e+01
1.032774360045428175e+01
1.036034785785581214e+01
1.039519355773638942e+01
1.043154563063778006e+01
1.046958942076078181e+01
1.050544635806270932e+01
1.054620792525024164e+01
1.059036470892223214e+01
1.063902878716456613e+01
1.068905540832996692e+01
1.073784522911777906e+01
1.079063415846345464e+01
1.084639362180855215e+01
1.090657972280922827e+01
1.096988156006043802e+01
1.104022668436770438e+01
1.111056916709254594e+01
1.118540680806814791e+01
1.127055944874929061e+01
1.135755264308934542e+01
1.145072622570702059e+01
1.154688448507766374e+01
1.165446378658602455e+01
1.176870175160034648e+01
1.189555802151393848e+01
1.203436221883966084e+01
1.218199149875713694e+01
1.234270392988335274e+01
1.251701693991187980e+01
1.271083487969961823e+01
1.292898820259767234e+01
1.316740301818650138e+01
1.343791553148338203e+01
1.373328006863256334e+01
1.406253536109003122e+01
1.442361664263552967e+01
1.481447158527959118e+01
1.523081893929603936e+01
1.566792607100556722e+01
1.611354230958600198e+01
1.655439493385699734e+01
1.696026591304204700e+01
1.731673039471056441e+01
1.759040666362142247e+01
1.776136149556299770e+01
1.779137617869602650e+01
1.765072122795326237e+01
1.732291690768392556e+01
1.679866843858240699e+01
1.607803567144354062e+01
1.518444151795094221e+01
1.411834252097382425e+01
1.292028239633687292e+01
1.162910135957462998e+01
1.028836746475326791e+01
8.938031223477263865e+00
7.627132410023644837e+00
6.391873539097297829e+00
5.258388390438152094e+00
4.240170823343408557e+00
3.347288383772927034e+00
