3.067330349634881867e-02
4.810605806225416031e-02
6.985839695208981293e-02
9.172154371393032024e-02
1.132680305875867349e-01
1.313479522320055715e-01
1.503124602967858825e-01
1.665139362941927825e-01
1.810841274318867322e-01
1.944703343446300137e-01
2.068673758180548938e-01
2.180339291374849831e-01
2.286338097754346266e-01
2.373869233357227826e-01
2.465262166011766565e-01
2.543078559635686964e-01
2.623652239447335499e-01
2.688259880227239496e-01
2.758621621688899794e-01
2.837003649370823388e-01
2.892485122528004604e-01
2.961198319282448699e-01
3.004939634033729212e-01
3.071472078328800759e-01
3.112059136923366331e-01
3.168452631336305392e-01
3.222908749095828584e-01
3.257873286976393223e-01
3.309173040202952887e-01
3.349001251017626468e-01
3.393824609416771221e-01
3.439543042543207196e-01
3.471576684155845971e-01
3.510783757640765224e-01
3.547955142736647360e-01
3.579653165030694528e-01
3.619065946738488360e-01
3.654671797047927551e-01
3.694436466202269953e-01
3.723988026959842990e-01
3.769110139896701406e-01
3.786612480069572739e-01
3.834809611254665351e-01
3.851188988966861571e-01
3.884048247838033374e-01
3.906924034252184375e-01
3.931239820692410403e-01
3.962251862208412967e-01
3.992154295033413791e-01
4.021343203700259994e-01
4.048901748323130989e-01
4.066342511935109871e-01
4.104686244541606022e-01
4.124534765522012703e-01
4.145231606216377429e-01
4.170785148436860768e-01
4.196669798517340677e-01
4.223161369126081643e-01
4.257576810238884457e-01
4.279147280960534649e-01
4.306188953640858186e-01
4.342296040854359274e-01
4.344684095121815748e-01
4.375815242633840918e-01
4.405664506292349958e-01
4.446940840421952923e-01
4.464538910895312074e-01
4.493480277709310244e-01
4.511054747547255661e-01
4.542910684525108267e-01
4.576342393227785244e-01
4.595707805983404448e-01
4.639054038022791260e-01
4.680160855294153710e-01
4.704916153176110782e-01
4.742644324780320719e-01
4.780438387274631440e-01
4.815586189314110532e-01
4.855282619865839422e-01
4.897409447645565961e-01
4.946089817708106962e-01
4.983004272903665544e-01
5.035072892804353106e-01
5.087553250519172288e-01
5.128988182798306372e-01
5.204389783927204638e-01
5.267754182256293438e-01
5.329120667099196407e-01
5.405909136331540354e-01
5.486008354336890935e-01
5.564521608779000594e-01
5.649153471773313839e-01
5.733345023562479437e-01
5.825950179595836831e-01
5.932950532113724362e-01
6.051803727967157709e-01
6.154962194544097986e-01
6.289343605231905165e-01
6.419940797757546225e-01
6.553543270297151890e-01
6.704965566427221191e-01
6.873850186107234306e-01
7.028323236278360975e-01
7.207342744942004664e-01
7.392345258041467249e-01
7.599166513181726534e-01
7.807429385636516228e-01
8.027745858558547054e-01
8.252030026117057604e-01
8.495254012545477851e-01
8.744085642377928957e-01
9.026717902513677894e-01
9.280059109767239134e-01
9.579039214167830441e-01
9.872528251820033018e-01
1.018944790294900704e+00
1.052050692538551102e+00
1.085228094454382619e+00
1.118612045088983598e+00
1.156533761536929328e+00
1.193957568823229787e+00
1.231058578572706397e+00
1.270609810560225039e+00
1.311607121311862079e+00
1.353960185503851887e+00
1.396850235774471427e+00
1.441314627395530845e+00
1.486163253641912041e+00
1.532410052272822787e+00
1.580676823801886899e+00
1.627874704555176910e+00
1.679122580776500229e+00
1.727951919197673547e+00
1.779056162513427797e+00
1.831438044392570408e+00
1.883909529633947200e+00
1.936231429178508545e+00
1.990332815557171786e+00
2.046168056716360262e+00
2.102275050247863319e+00
2.156529250422669630e+00
2.214173104297919359e+00
2.269954551975168044e+00
2.327625140215565658e+00
2.386580485318222866e+00
2.445203829428200137e+00
2.504032289454050986e+00
2.561452179245421235e+00
2.620685750385171264e+00
2.681271012180564295e+00
2.741250782642183470e+00
2.801288299171988516e+00
2.860147414072757410e+00
2.919747828185764060e+00
2.979474591403081352e+00
3.038005545130782359e+00
3.099072064661398063e+00
3.155029416857818791e+00
3.214107491857403076e+00
3.272208095600452893e+00
3.330925571914733929e+00
3.388474255171305849e+00
3.446564563879150445e+00
3.506350705036364257e+00
3.563268762425869429e+00
3.620734557309090995e+00
3.677362438490255236e+00
3.731378056297902646e+00
3.788251581005894320e+00
3.841855647373056293e+00
3.894901841183292746e+00
3.948486142581467018e+00
4.002517466729061724e+00
4.053913680590176760e+00
4.105828007783148159e+00
4.157623875840512184e+00
4.207606134112618967e+00
4.258715817452890740e+00
4.306095988602477220e+00
4.356335094406646569e+00
4.405430542401648886e+00
4.452517186979901176e+00
4.500639946592472462e+00
4.547532846007017682e+00
4.592821321893167053e+00
4.638147075982051781e+00
4.681458659469423189e+00
4.725434951341567213e+00
4.765479707962002820e+00
4.810025749666008821e+00
4.850048976095608033e+00
4.890158801255401144e+00
4.932347299249259187e+00
4.970441166003507938e+00
5.009211234323744932e+00
5.044404254452459213e+00
5.081701083026316290e+00
5.119035312341861044e+00
5.155040187654907236e+00
5.191380485878246631e+00
5.225050609567096771e+00
5.258217946160824496e+00
5.289990895802629822e+00
5.322315236314637765e+00
5.352798876066803047e+00
5.389547469635918020e+00
5.417553945942441551e+00
5.448108401319008642e+00
5.476968928309205786e+00
5.504088800570433371e+00
5.533211294069413810e+00
5.560771433281272991e+00
5.589488782808381906e+00
5.619764711779497546e+00
5.644339271159803495e+00
5.668196039200764424e+00
5.695129738649454154e+00
5.720860477772581554e+00
5.747327586779474196e+00
5.771051643891395244e+00
5.794274338985490935e+00
5.819912140720872706e+00
5.841254059406248089e+00
5.864793504662050516e+00
5.887328974186658570e+00
5.909432558594533980e+00
5.929026833002612129e+00
5.951112868253572330e+00
5.973970159939313795e+00
5.995429637970542736e+00
6.015313171825611427e+00
6.036485421949600472e+00
6.056036044936894847e+00
6.074220820905580354e+00
6.096055851855886054e+00
6.115692415050069108e+00
6.135737161864532219e+00
6.156083288911487372e+00
6.174573414203647026e+00
6.194156685487528513e+00
6.215876424659346533e+00
6.232612723347172867e+00
6.252984459628844860e+00
6.268913589148930932e+00
6.289949188616590803e+00
6.308042935138637120e+00
6.326590138494619708e+00
6.344179768774012906e+00
6.365941977984324929e+00
6.383128980721621382e+00
6.403813662262841433e+00
6.422613241296709852e+00
6.442956672701027898e+00
6.461958411613220044e+00
6.481286705255220326e+00
6.502030907078158783e+00
6.523454010354353905e+00
6.544652333173518244e+00
6.567913018061709352e+00
6.589686859855567569e+00
6.611861124327941042e+00
6.636486736162592770e+00
6.656873334341359971e+00
6.679701385185930818e+00
6.700628182338254746e+00
6.729737458162671437e+00
6.753106380611096249e+00
6.779052462404088431e+00
6.804792542714238834e+00
6.829718229991152967e+00
6.858284523505674635e+00
6.883834053448856238e+00
6.911250103255080823e+00
6.938589890627854473e+00
6.969582937746157114e+00
7.000963024940018542e+00
7.032766395556446781e+00
7.063599430660365108e+00
7.097581825843266579e+00
7.132080585493494773e+00
7.169568994469563528e+00
7.203939283248534053e+00
7.239899121341634824e+00
7.281437551823810139e+00
7.322284717888382310e+00
7.363480133138831540e+00
7.406961878214070261e+00
7.454296731059708137e+00
7.502240474357869893e+00
7.555514806353007984e+00
7.610143852487552429e+00
7.664802151593314683e+00
7.724136865956619857e+00
7.784896275974333868e+00
7.847642729950508489e+00
7.912335961419159958e+00
7.981034665140963824e+00
8.055545732714818996e+00
8.135920810576081408e+00
8.218106315310077292e+00
8.307934372915092069e+00
8.398947033620537184e+00
8.501296017037809349e+00
8.607365263717644766e+00
8.721493884455558288e+00
8.849925152900562253e+00
8.987419514394277442e+00
9.133212306480945841e+00
9.297556612434274115e+00
9.474960100330322987e+00
9.668150056989414765e+00
9.885499683838865792e+00
1.012471327537449994e+01
1.038874028890525025e+01
1.067621025739492779e+01
1.099200296838353630e+01
1.132627087942814903e+01
1.167384392582321162e+01
1.202631926109481597e+01
1.237910788516089156e+01
1.270612325134478660e+01
1.299078823313419484e+01
1.322315550122814010e+01
1.336156893138649515e+01
1.338931119969856276e+01
1.329527981588397623e+01
1.305814716491405036e+01
1.268127919756857125e+01
1.215004883664734692e+01
1.146243987999054248e+01
1.065807074878667216e+01
9.755195601510251890e+00
8.781200309470445831e+00
7.772543492870424231e+00
6.759990287422198207e+00
5.775133263557692409e+00
4.837455226897459326e+00
3.977961303627334466e+00
3.208310990742102575e+00
2.536628492034080473e+00
