1.667294189290010331e-01
2.193091476394172235e-01
2.650140865369418064e-01
3.042784635064116894e-01
3.370198238229557552e-01
3.665237116669867734e-01
3.915442045623005463e-01
4.140120557509811006e-01
4.347108949933418676e-01
4.511506721052708224e-01
4.690291648578922001e-01
4.838775035218480514e-01
4.990467443496952593e-01
5.124711449240150207e-01
5.253218987423587949e-01
5.373528108627217970e-01
5.485039200315922070e-01
5.593319554964470974e-01
5.693151071583075762e-01
5.810457633541168398e-01
5.930102830128640701e-01
6.012353022795137170e-01
6.106156244561641300e-01
6.189961691487205764e-01
6.298928434914191632e-01
6.397003778782822669e-01
6.490377119034307363e-01
6.579298653980112377e-01
6.682984483975923373e-01
6.798032174299457608e-01
6.887857664465930618e-01
6.995835545883276607e-01
7.097145694750196521e-01
7.200651477358680497e-01
7.316095382849603368e-01
7.441467564452074468e-01
7.543815576248616983e-01
7.688818191675642622e-01
7.805345548316825477e-01
7.938733890992962783e-01
8.080206860086885934e-01
8.243682057421005682e-01
8.392354348050379276e-01
8.564867391445986078e-01
8.736667231771202413e-01
8.917997168674928199e-01
9.099952559261652585e-01
9.308287411502362829e-01
9.496847080662477181e-01
9.717732348173119261e-01
9.966402904100256643e-01
1.021288383182814119e+00
1.045666154234955680e+00
1.071183879362123559e+00
1.101456626293901397e+00
1.131467986064938591e+00
1.162029774820595884e+00
1.194549541592666353e+00
1.230528100255203539e+00
1.267373771200898780e+00
1.306959353907935606e+00
1.346754428793335734e+00
1.390252716924221588e+00
1.432622165663824942e+00
1.478359597025273420e+00
1.525883209565274345e+00
1.579153629475254839e+00
1.629477882296537450e+00
1.686640051043384991e+00
1.742974325786470491e+00
1.801270761831845313e+00
1.863416078129916276e+00
1.926075569720276714e+00
1.992315338560227689e+00
2.060187763180739484e+00
2.131793742661702851e+00
2.203212387223020041e+00
2.278117084855296515e+00
2.353704122423537104e+00
2.433531086449726377e+00
2.512373206659983538e+00
2.597597894813135966e+00
2.682953064401112808e+00
2.770134535311553847e+00
2.859719387930888868e+00
2.950708437483319457e+00
3.043363353830127238e+00
3.138207746981242607e+00
3.237688751994558078e+00
3.334545161095524790e+00
3.431035786832057344e+00
3.534854602526254386e+00
3.634339316488017779e+00
3.737607387480240906e+00
3.841498756403737058e+00
3.945969763392647156e+00
4.051785104418581085e+00
4.159557409742745016e+00
4.264418656640371452e+00
4.371414283226355835e+00
4.479025213947099182e+00
4.587033552898788891e+00
4.692820616988703009e+00
4.799794171295022061e+00
4.906541926493841466e+00
5.016570975050202996e+00
5.120478410525392654e+00
5.229043156627982469e+00
5.335373530222515370e+00
5.440815366373865203e+00
5.545801720319091466e+00
5.646478360164699062e+00
5.751228977319481572e+00
5.853140346349012368e+00
5.954752153372638190e+00
6.051510901672469522e+00
6.147935813655725390e+00
6.247364472646193434e+00
6.345606301147895145e+00
6.435624838146630999e+00
6.529498778488718180e+00
6.620715266233762719e+00
6.711304811902054190e+00
6.797059363085078409e+00
6.884459501621015498e+00
6.967699638604115897e+00
7.052553412732669003e+00
7.132968687030089683e+00
7.212481968397590926e+00
7.286715967363623925e+00
7.361583544670369683e+00
7.432810303801756113e+00
7.504241800185734945e+00
7.573116181962348037e+00
7.641557913435439886e+00
7.708403137608748068e+00
7.773675721009117190e+00
7.833742880590760294e+00
7.893445352407469251e+00
7.955895055823853035e+00
8.013339394258304438e+00
8.067624974827502626e+00
8.119364986830266417e+00
8.169836889462404272e+00
8.220531600074307832e+00
8.268275888785781902e+00
8.313907669515295140e+00
8.358186231434855173e+00
8.404297006003874415e+00
8.442233317624820543e+00
8.480723975074019094e+00
8.521367034763583703e+00
8.559817103947224837e+00
8.593672754043428341e+00
8.625424689939492850e+00
8.659401115788178060e+00
8.686648959033156814e+00
8.717607033405855077e+00
8.746468649636474524e+00
8.771616212031922544e+00
8.798690615684956029e+00
8.820465727531635380e+00
8.847191371218222855e+00
8.868663745112137065e+00
8.888952463716522701e+00
8.909538050479639537e+00
8.929124275652373655e+00
8.949711807601236302e+00
8.963511934728972008e+00
8.978370206253089236e+00
8.993839548405100359e+00
9.008962754476346646e+00
9.020524641106710817e+00
9.032889918874589696e+00
9.045549964061983417e+00
9.056111756154633596e+00
9.067568984852723446e+00
9.076842816846490081e+00
9.090489683982957203e+00
9.094840300885236317e+00
9.106000270373675320e+00
9.111432946901938834e+00
9.121078981626082438e+00
9.126255588700379562e+00
9.132194836773999569e+00
9.137637718241048645e+00
9.141644665385269874e+00
9.149090199637893051e+00
9.152083126663255186e+00
9.155609683862598658e+00
9.160939285503493679e+00
9.163540515502585748e+00
9.165566410484240478e+00
9.168486710554191177e+00
9.171519574389318308e+00
9.175552480862997129e+00
9.176590205911665521e+00
9.181398339639589068e+00
9.181682612790563525e+00
9.184968306959460094e+00
9.182750018844233253e+00
9.181724499158942621e+00
9.188042473747927374e+00
9.188266187041213229e+00
9.187208545334874188e+00
9.189870827851233770e+00
9.192292007555263211e+00
9.192815122365210811e+00
9.195908461574118675e+00
9.194016276645708530e+00
9.195293644117212395e+00
9.198712547408785412e+00
9.200520744266279749e+00
9.195833974508254016e+00
9.198282329371345156e+00
9.197898985783405479e+00
9.199515726422431428e+00
9.199128575377324424e+00
9.197622660269976436e+00
9.199480742654849053e+00
9.199370865906377759e+00
9.199201198251225620e+00
9.200060774184580126e+00
9.207153630286832424e+00
9.205215841614457162e+00
9.208986130860559172e+00
9.208660097837409353e+00
9.208515481945200420e+00
9.210622706026070361e+00
9.212381690624740216e+00
9.213330882716611825e+00
9.220030114569405910e+00
9.221724807972824678e+00
9.221250400418213644e+00
9.228790226996123280e+00
9.228872058051619476e+00
9.232826539315796666e+00
9.234694422699407212e+00
9.238079056766437702e+00
9.243243104072297101e+00
9.249647144067569826e+00
9.253190764603635543e+00
9.254595489215200033e+00
9.260570796704524099e+00
9.267424085871111217e+00
9.273617585712827349e+00
9.279430125960612230e+00
9.283645468009948942e+00
9.292355980967110796e+00
9.299538694327589283e+00
9.305683427377445582e+00
9.312541316409751246e+00
9.321538062007750369e+00
9.333044053431411413e+00
9.339815497376134701e+00
9.350773718361789832e+00
9.361649056973398331e+00
9.371910356999006098e+00
9.380653311315413134e+00
9.392100839180651306e+00
9.405690095076282731e+00
9.420645018970686735e+00
9.431665107529184411e+00
9.449115495041116475e+00
9.463078788171534583e+00
9.480157845531163474e+00
9.495528662895088345e+00
9.510950353278021296e+00
9.529918857134557442e+00
9.549662582286590151e+00
9.567595062688877050e+00
9.587980932691555935e+00
9.610479122466850654e+00
9.634366427197935678e+00
9.658886729896531520e+00
9.683660331189180681e+00
9.708307855902292616e+00
9.737416534008271896e+00
9.767910106470873544e+00
9.798298641424631583e+00
9.831791300009669499e+00
9.862699562084090488e+00
9.902257221140843058e+00
9.936432777085819623e+00
9.976568091339359512e+00
1.001811828057603826e+01
1.006409661245358933e+01
1.010550980400237187e+01
1.015486201503163954e+01
1.020577991624063685e+01
1.025971563410893417e+01
1.031495542661956577e+01
1.037459538013288629e+01
1.043642471325531140e+01
1.050397471345281097e+01
1.057617601531277352e+01
1.065301162443844873e+01
1.073193605477145063e+01
1.082317844783551308e+01
1.091441718253384252e+01
1.101234070334204951e+01
1.111502948945616431e+01
1.122838998488660778e+01
1.134805007256985299e+01
1.148343767626684198e+01
1.162715738797422205e+01
1.178606986320715855e+01
1.195813066076094877e+01
1.214835303418730028e+01
1.235981046433968267e+01
1.259500882778154995e+01
1.284990731376256790e+01
1.313717259288564421e+01
1.345701552142960189e+01
1.380532983097099020e+01
1.418407829094186745e+01
1.458540315000680643e+01
1.500570226103115168e+01
1.543929471038641310e+01
1.586528050814256297e+01
1.626104414038983137e+01
1.661185464813405588e+01
1.688597711191362905e+01
1.705089333312817956e+01
1.707983298002574557e+01
1.694750457852916270e+01
1.663722147365554704e+01
1.614933985320210041e+01
1.545970754852343632e+01
1.458571267208222544e+01
1.355916784198510605e+01
1.241086902698564742e+01
1.117657655212206969e+01
9.889078563812960354e+00
8.589622051199071961e+00
7.329487604361739628e+00
6.135825784694270091e+00
5.044084944949972282e+00
4.064354047744614284e+00
3.214747947056248112e+00
