5.151410223210434181e-01
5.167969237610677835e-01
5.212075607427448798e-01
5.296766036436635350e-01
5.431871776075685165e-01
5.628049664343708347e-01
5.888763836709497435e-01
6.219966025595294878e-01
6.622377337910376749e-01
7.092800641447802867e-01
7.635786205799093285e-01
8.243128793509997276e-01
8.910687817372047181e-01
9.643720220409246480e-01
1.042620783585634259e+00
1.126330456165924865e+00
1.215162443214569343e+00
1.308360334516980306e+00
1.406161320634603085e+00
1.507762343834981866e+00
1.614334339562439435e+00
1.725234555298673200e+00
1.837861150407097632e+00
1.956664348146425425e+00
2.076817437519556719e+00
2.203837238677721189e+00
2.331331377377845016e+00
2.464562817044558152e+00
2.601153376495377589e+00
2.743840846892475316e+00
2.888361919511293507e+00
3.033088761184201232e+00
3.183197010185780051e+00
3.328487791974860777e+00
3.495117602292993286e+00
3.659620870478049515e+00
3.837521716053900800e+00
4.023899418873021716e+00
4.206005982337758908e+00
4.355252872224200544e+00
4.582898775989511897e+00
4.708087311755884130e+00
4.947789400606596111e+00
5.216301602433241591e+00
5.312485225491579754e+00
5.586550690161947053e+00
5.886372374426496634e+00
6.012689888078353917e+00
6.311617119848303759e+00
6.465833051452738012e+00
6.613656273951534104e+00
7.226532834675569283e+00
7.486392011743958186e+00
