2.182702431283117335e+02
2.211511801587309378e+02
2.215747246562374073e+02
2.218095624401195209e+02
2.218747724139478237e+02
2.217589838908769480e+02
2.214801304445906567e+02
2.210238621005117352e+02
2.203310574019346006e+02
2.194803047933524738e+02
2.183398684729810384e+02
2.170407607515476514e+02
2.154778214976963682e+02
2.137023459167872659e+02
2.116778205105520954e+02
2.094169029605594687e+02
2.070116855918829515e+02
2.043883804141639189e+02
2.015640423784988116e+02
1.985686336841877448e+02
1.954460914819560742e+02
1.921702417151705333e+02
1.887656064564075109e+02
1.852772797291885922e+02
1.817103510835240456e+02
1.781041680749539466e+02
1.744463752196379573e+02
1.707716096524168563e+02
1.670527334956009895e+02
1.633788347912272911e+02
1.597094873713495815e+02
1.560540083322867417e+02
1.524552939184281399e+02
1.489267181493763417e+02
1.454448079988773372e+02
1.420100612436756649e+02
1.386828132217956693e+02
1.354073883091354844e+02
1.322189392851784646e+02
1.291329156544640000e+02
1.260964081137210542e+02
1.231699154683388144e+02
1.203163116568391615e+02
1.176026849952650792e+02
1.149650341581224495e+02
1.124212592189700501e+02
1.099764743623666874e+02
1.076366572371337753e+02
1.053986184233266243e+02
1.032503496710339448e+02
1.012347912544510109e+02
9.928920489074290856e+01
9.748503356759781013e+01
9.578478054523178287e+01
9.418841477443679366e+01
9.266646584067588321e+01
9.127239355906372964e+01
8.999565994123256019e+01
8.881897092067855226e+01
8.772290951058084829e+01
8.675670359113986763e+01
8.585999389985165919e+01
8.506500562437427959e+01
8.437227197539142765e+01
8.373630380463040979e+01
8.320725846567216877e+01
8.273206562143113274e+01
8.234581702830863037e+01
8.201132277721411867e+01
8.173033588572450014e+01
8.151420419398132822e+01
8.133669532828591286e+01
8.122917879841196509e+01
8.116308978068046542e+01
8.112676648544719171e+01
8.112077182436138401e+01
8.112555904414378460e+01
8.116531252567746435e+01
8.125127386470704494e+01
8.133009926836135151e+01
8.144094798934403912e+01
8.152905233882191283e+01
8.166259166475749964e+01
8.180530704464818825e+01
8.195237916744096651e+01
8.208628478293742603e+01
8.221386469253531004e+01
8.235399619241583480e+01
8.246781241873713952e+01
8.260430339045331039e+01
8.272246847997273278e+01
8.285233421635861362e+01
8.296492725785655864e+01
8.308042229437367610e+01
8.318450314934433720e+01
8.328198840455640095e+01
8.336519401543760921e+01
8.346470516626055769e+01
8.355860979323387028e+01
8.361345056441219015e+01
8.367894068661533424e+01
8.372484250138026596e+01
8.378530646501594958e+01
8.382618959508910450e+01
8.386538129018374832e+01
8.391762880582189155e+01
8.396649593179347448e+01
8.400398057760850179e+01
8.406093305367681978e+01
8.411215930402160268e+01
8.415786104735077799e+01
8.421522620713940910e+01
8.427239234492184039e+01
8.431619329008786679e+01
8.436356111782720291e+01
8.446323099923397137e+01
8.455404769216836769e+01
8.463412186930307257e+01
8.473203015400643778e+01
8.483440160680972042e+01
8.495824977282556745e+01
8.511873097463842441e+01
8.529050701552891667e+01
8.547363303890956843e+01
8.565386555233972388e+01
8.588283565683977372e+01
8.613638164509184492e+01
8.640039293306020340e+01
8.671143596165272527e+01
8.706566273605022843e+01
8.744546839879929223e+01
8.786637688833216941e+01
8.835618879929641878e+01
8.890295326929357600e+01
8.949534893591791729e+01
9.017441345234733774e+01
9.092132044470484686e+01
9.179783054301506695e+01
9.276968533835758990e+01
9.385226694087343446e+01
9.503943267872342915e+01
9.634438312710086905e+01
9.786248708131822127e+01
9.957930797632018027e+01
1.015781413318930078e+02
1.039139504936762961e+02
1.066858834879380993e+02
1.100807091378949707e+02
1.142590824088571111e+02
1.194221749780556792e+02
1.257650404952623120e+02
1.332074449798798810e+02
1.412711480584738979e+02
1.489287367119670193e+02
1.544445472138953335e+02
1.556476050030403258e+02
1.507107355803775306e+02
1.387597860569691761e+02
1.205285894257766586e+02
9.799979331458214915e+01
7.427612721723839684e+01
5.221744558753442078e+01
3.401241434326880864e+01
2.042612704861985762e+01
1.134067217550413176e+01
5.802280970150103911e+00
2.730249530975926486e+00
1.187308809196111925e+00
4.752760469481649430e-01
1.772540712553797304e-01
6.324580272818083881e-02
2.236638347839030663e-02
8.131575084701744144e-03
4.522869168990254624e-03
3.017401501351252464e-03
2.843940209776911650e-03
2.715689667544405033e-03
2.534901547622949586e-03
2.383035532558861087e-03
2.669906329404357626e-03
2.113083623300804608e-03
2.346008432289203253e-03
2.055602963349650609e-03
2.288485571411885949e-03
2.081505355885479060e-03
1.855849107357648506e-03
1.918919228648180517e-03
1.727189305827952874e-03
1.910821407531855531e-03
1.610296075753394653e-03
1.705503536433335392e-03
1.526441871749797258e-03
1.741296091477339408e-03
1.406859121755226014e-03
1.529531588270525598e-03
1.568955828140535663e-03
1.572176509342096710e-03
1.464413668821946957e-03
1.220443742553563868e-03
1.448233224828954224e-03
