2.182114878856912412e+02
2.210258936001336281e+02
2.214039887273996214e+02
2.216081220984093534e+02
2.216629800338500615e+02
2.215336131018224535e+02
2.212389166849139883e+02
2.207741549388171052e+02
2.200675270430771775e+02
2.192021584316362066e+02
2.180530622904196605e+02
2.167401928571916017e+02
2.151668556176533968e+02
2.133844311717376740e+02
2.113510236535909996e+02
2.090873407036421838e+02
2.066682176417561436e+02
2.040378192519372362e+02
2.012023117766410110e+02
1.982036574927389836e+02
1.950784901149115456e+02
1.917988085283624855e+02
1.883891210889201773e+02
1.848980254077562222e+02
1.813171890061753402e+02
1.777123097102348481e+02
1.740435309983005254e+02
1.703647712070491025e+02
1.666357515634626623e+02
1.629568536401868641e+02
1.592835657049132294e+02
1.556132927076903059e+02
1.520045298899934210e+02
1.484656729203724410e+02
1.449643090835655244e+02
1.415201891833220316e+02
1.381735030298902984e+02
1.348799275184337603e+02
1.316657039140914947e+02
1.285514749274507551e+02
1.254797005244429329e+02
1.225163345442484939e+02
1.196164503653726285e+02
1.168395559543786248e+02
1.141262712315076868e+02
1.114963617545042638e+02
1.089473295438554743e+02
1.064819857886952263e+02
1.041037535370304994e+02
1.017884037603704570e+02
9.956409559209251370e+01
9.739515740305509439e+01
9.532169053726737218e+01
9.331687372940008629e+01
9.138427647597066539e+01
8.948512472048966515e+01
8.768599128706283352e+01
8.595038044055303317e+01
8.427072114446922058e+01
8.264616684162636773e+01
8.110763130832896195e+01
7.961384193799456455e+01
7.818878236861387165e+01
7.684110547168934602e+01
7.552306461582148245e+01
7.428906486413559662e+01
7.310203209652732426e+01
7.198925164369639162e+01
7.092242215513256554e+01
6.990958094454779825e+01
6.896496566172257303e+01
6.805473205775788870e+01
6.723079612400663052e+01
6.645957835663143953e+01
6.573944118573808737e+01
6.507996996033961068e+01
6.445880923117341865e+01
6.390407306415472277e+01
6.340957043838354679e+01
6.296147769649299875e+01
6.256772746301684407e+01
6.219997936976226782e+01
6.189647174716819933e+01
6.164239594916536902e+01
6.141578508036616313e+01
6.123201759412899747e+01
6.108476160233352914e+01
6.098173358023888824e+01
6.088887538739027860e+01
6.085419724043361356e+01
6.083564306538345079e+01
6.085433943009068258e+01
6.089431278293174188e+01
6.096389543727440952e+01
6.105682746799512728e+01
6.117092460868071413e+01
6.129897468011603223e+01
6.144577988203079144e+01
6.160385941525089493e+01
6.178418987798186635e+01
6.197625740066123967e+01
6.218066412699063505e+01
6.238937792245423708e+01
6.260256396900356179e+01
6.283782045889032730e+01
6.310546692331495677e+01
6.336799487473476944e+01
6.363581038131744094e+01
6.391148708713270565e+01
6.419437155838092224e+01
6.448401700922798341e+01
6.477207842835304064e+01
6.506470496726105068e+01
6.537950208261069918e+01
6.568178349905845437e+01
6.602194743877412009e+01
6.635912431347097140e+01
6.671593654674235552e+01
6.709063214300030609e+01
6.746617023286054859e+01
6.785006917769923973e+01
6.825922530540513833e+01
6.866553885545893365e+01
6.909638865219980630e+01
6.952542929371001890e+01
6.998105864543964572e+01
7.047809633345703162e+01
7.096649001589555894e+01
7.150704415531623681e+01
7.206986967266811916e+01
7.266697987902301747e+01
7.329386000778276866e+01
7.396531904729677365e+01
7.469581079415034708e+01
7.547158430900076098e+01
7.629921121215645030e+01
7.720665905290110231e+01
7.821634900240168520e+01
7.931274243161421111e+01
8.049741601192771157e+01
8.178970352450048154e+01
8.320211336603216523e+01
8.474888657205288212e+01
8.651135181736108848e+01
8.851523346907407586e+01
9.085037770806555102e+01
9.353937396446920616e+01
9.679100371357787935e+01
1.007760163849424089e+02
1.056536457514426104e+02
1.115674880397318134e+02
1.184795989120374884e+02
1.259677773116828376e+02
1.330733682647853300e+02
1.382059945107094165e+02
1.395239630633358843e+02
1.352673707105251992e+02
1.247255664712455427e+02
1.084099442441091412e+02
8.821101657944045371e+01
6.685959605370962322e+01
4.704688720168805105e+01
3.065270912922832380e+01
1.843596890609537908e+01
1.025475833879125531e+01
5.246267315062267400e+00
2.474340719647202036e+00
1.076723410900993994e+00
4.290610505290590182e-01
1.618182391901891726e-01
5.744850283940362151e-02
2.050326729875873166e-02
7.969039860735036007e-03
4.135207571117338436e-03
2.828221044090921572e-03
2.681981192192261186e-03
2.785314683031613579e-03
2.545671864497499846e-03
2.687166236740102295e-03
2.564019807018150070e-03
2.343799185573956952e-03
2.398918451382368432e-03
1.862795334281000005e-03
2.083064442778342559e-03
1.978462522368613051e-03
2.003443408618429174e-03
1.907903381143783057e-03
1.947910193322862455e-03
1.974655962553705218e-03
1.780782827100229953e-03
1.860883208540942135e-03
1.587726691071689048e-03
1.786404242639493684e-03
1.457037367753053056e-03
1.548185126648858817e-03
1.442495548230480129e-03
1.534418802035866607e-03
1.453367433254786978e-03
1.326965789970309699e-03
1.439985761375611175e-03
