1.577977114687664937e+02
1.593618958047519527e+02
1.594050589064790984e+02
1.592950408015337018e+02
1.590316669813142312e+02
1.585221176422370775e+02
1.578078592221322083e+02
1.568510323685186449e+02
1.556391721589445467e+02
1.541358613478223560e+02
1.523445956210829024e+02
1.502723026940802811e+02
1.478862336518100733e+02
1.452282041996804764e+02
1.423105081513608070e+02
1.391034465897343182e+02
1.356990729243261740e+02
1.320994658147731968e+02
1.282766765542894234e+02
1.243037346971379691e+02
1.202380209322711551e+02
1.160468696778746818e+02
1.117841261851976356e+02
1.075233221697999397e+02
1.032531075357126440e+02
9.902414493158640596e+01
9.483872769329497032e+01
9.073632222865126096e+01
8.667384417060787882e+01
8.270860721931805415e+01
7.887986766407912853e+01
7.518812851599392388e+01
7.159938881672375999e+01
6.817111276224993333e+01
6.486820063317362894e+01
6.170314735674441664e+01
5.870471508647379721e+01
5.584246140548040671e+01
5.310281481556012295e+01
5.051890727034898987e+01
4.802789943584421906e+01
4.570918382936442015e+01
4.350461751394646370e+01
4.143913113542819815e+01
3.948013347290624608e+01
3.763209998613779561e+01
3.589117843828798016e+01
3.427385227838466619e+01
3.273699209368916740e+01
3.129076869487633061e+01
2.995789525430235756e+01
2.871985975336347963e+01
2.755363488598636224e+01
2.646313005089501047e+01
2.547266453810799192e+01
2.454616999751306139e+01
2.370091214471419150e+01
2.292854010355141270e+01
2.220924380478552607e+01
2.155921399559722218e+01
2.098152794513670472e+01
2.044191298814904201e+01
1.996100813712433109e+01
1.952647698759877315e+01
1.912451835460443306e+01
1.879684257196883479e+01
1.849806812219321728e+01
1.822572698450595396e+01
1.799232442101411777e+01
1.778792214090935886e+01
1.760071213755549735e+01
1.745258375658239913e+01
1.732476554252207279e+01
1.723226437808221334e+01
1.713843595694440225e+01
1.707120505697093904e+01
1.701095620930815855e+01
1.697635136914646381e+01
1.693992167333554733e+01
1.692661429248336447e+01
1.690398564763988176e+01
1.688425264041870832e+01
1.687782881879765284e+01
1.686474841641675937e+01
1.685739456525900337e+01
1.685079649825476977e+01
1.684827133278465894e+01
1.686566125353177270e+01
1.685063519535793120e+01
1.684613043949421751e+01
1.684248366134448105e+01
1.683073380589485168e+01
1.681477449627386278e+01
1.680530737609499070e+01
1.679026833456009626e+01
1.676523724291473627e+01
1.673134941286924970e+01
1.670511329950143775e+01
1.665918049971676496e+01
1.661778498854901898e+01
1.656568818084067729e+01
1.651190711206032091e+01
1.646682879690908763e+01
1.641503473919712874e+01
1.636269411299791443e+01
1.630789317790832627e+01
1.624085039790305984e+01
1.616743283398035658e+01
1.610108383413817990e+01
1.602872344644533342e+01
1.595509472220308211e+01
1.588853601738810539e+01
1.580599525632957558e+01
1.573243582517736527e+01
1.565860027074813843e+01
1.559394847436083609e+01
1.552420741961234185e+01
1.544077822752296925e+01
1.536187918649779505e+01
1.528142708788315396e+01
1.519672367390659140e+01
1.512081840489473628e+01
1.505435742582711889e+01
1.498755293794804189e+01
1.493492626688546565e+01
1.485660280018216994e+01
1.478873042576014996e+01
1.472598458681669520e+01
1.466233205733199974e+01
1.461336901742551042e+01
1.455570466795729345e+01
1.451506316765314963e+01
1.448932747936083132e+01
1.445977937078310305e+01
1.443633309689660926e+01
1.442926573111779120e+01
1.442953121393091109e+01
1.446312547268139070e+01
1.450080820628338429e+01
1.453374262857768251e+01
1.459233440851999575e+01
1.468238180213504407e+01
1.478147772306369490e+01
1.491589795404838270e+01
1.509753180046876331e+01
1.531251831745935732e+01
1.558210294424659637e+01
1.591722508975201222e+01
1.636292369125617796e+01
1.695390936049322406e+01
1.769729529859291262e+01
1.855063455945087725e+01
1.951253653441866120e+01
2.039155149397750577e+01
2.103434586131738371e+01
2.107538226598666853e+01
2.033998880907893181e+01
1.863920471258461475e+01
1.615212602934075647e+01
1.311658345763054179e+01
9.903176653095417947e+00
6.948428545043700666e+00
4.492084883101698622e+00
2.722203232270354878e+00
1.515846602431136336e+00
7.687952309659320527e-01
3.603019208150470831e-01
1.541139294062404685e-01
6.126882690965805567e-02
2.254437180138866084e-02
7.816096932054091700e-03
3.203398318349303612e-03
1.073890988055363092e-03
4.201748988893896724e-04
2.110583734482758544e-04
1.391983994441958912e-04
1.589094959910944882e-04
2.042139909937963193e-04
1.274532974072868955e-04
1.843066737583752026e-04
1.460799823637770980e-04
1.000425162033687619e-04
1.091043803299360606e-04
2.310763786268248338e-04
1.121187440096665515e-04
9.212525001356863460e-05
2.614376013625764324e-04
7.319924644525836732e-05
7.552399194980883440e-05
9.661408228388445219e-05
1.063430124480390000e-04
4.441197170066350758e-05
8.671704681969592365e-05
3.274033494432239459e-05
7.615152406727066880e-05
1.379496364704024813e-04
1.040116913966138747e-04
7.810543503593435810e-05
1.073273904770546592e-04
1.386038501727804295e-04
