1.577620810402764278e+02
1.592891004880269463e+02
1.592998576694064639e+02
1.591682416598002021e+02
1.588904934989081426e+02
1.583679595788320000e+02
1.576420879364013672e+02
1.566761282020144961e+02
1.554539730019039609e+02
1.539431547323862617e+02
1.521420927842458184e+02
1.500611679024166563e+02
1.476706463760799863e+02
1.450036545594533379e+02
1.420792444811926885e+02
1.388666155868106387e+02
1.354526805347866514e+02
1.318462068504757383e+02
1.280198188092973623e+02
1.240440075927310488e+02
1.199731081856621699e+02
1.157757239474190669e+02
1.115069634914398193e+02
1.072421445316738584e+02
1.029669641653696743e+02
9.873447989092932175e+01
9.454392215940687549e+01
9.043684183226690720e+01
8.636815408865611232e+01
8.239846681223974656e+01
7.856516836749182175e+01
7.486524552769131446e+01
7.126999223232269287e+01
6.783569949203067040e+01
6.452446566687689256e+01
6.135193782382540917e+01
5.834488721688588697e+01
5.547237416770722973e+01
5.272038126654095436e+01
5.012172832091649610e+01
4.761542620261510450e+01
4.527557828028997022e+01
4.304745182063844311e+01
4.095811200141906738e+01
3.896784928109910595e+01
3.707886341545317066e+01
3.529039416710535448e+01
3.361947543753517920e+01
3.202056770192252344e+01
3.050191204415427393e+01
2.907763070530361560e+01
2.774200473560227209e+01
2.646602653132544702e+01
2.525408660703235242e+01
2.412360840373569104e+01
2.303948994808726880e+01
2.202598267462518322e+01
2.106911094321144873e+01
2.015329238110118482e+01
1.928846946358680725e+01
1.848230166898833460e+01
1.770022478368547070e+01
1.696802852220005420e+01
1.626960091458426660e+01
1.560245103968514258e+01
1.498562031984329224e+01
1.439398641056484607e+01
1.382227161361111456e+01
1.329021585981051068e+01
1.277739505635367578e+01
1.229014522333939929e+01
1.182990270025200275e+01
1.138703455196486658e+01
1.097158519758118445e+01
1.057198699480957416e+01
1.019403732154104425e+01
9.835976387063661619e+00
9.501038822862836852e+00
9.170389102564918460e+00
8.862638023164537415e+00
8.561334939466583194e+00
8.271394959754413634e+00
8.003293491072124510e+00
7.745549269848400087e+00
7.494547332326571443e+00
7.248292358385191925e+00
7.017320971522066131e+00
6.806687422924571962e+00
6.589014882014857299e+00
6.392562903463840485e+00
6.200544331636693940e+00
6.021860514250066743e+00
5.843218665983942017e+00
5.676113232970237732e+00
5.513639513817098603e+00
5.358504012227058411e+00
5.204745619661277800e+00
5.064467677639590271e+00
4.923930473625659943e+00
4.790567219257354736e+00
4.664013596044646270e+00
4.540925306578476928e+00
4.426355810628996856e+00
4.316402369075351686e+00
4.206833240886528991e+00
4.104511544936233491e+00
3.999642642835775863e+00
3.906565659575992111e+00
3.815189060237672791e+00
3.728545132610532775e+00
3.640226896852254868e+00
3.558953382074832916e+00
3.473120057748423584e+00
3.392346831245554917e+00
3.313653409481048584e+00
3.249112149493561752e+00
3.185673819647894867e+00
3.126577168289157882e+00
3.063382039881414887e+00
3.003941430813736435e+00
2.943922371086147294e+00
2.889753968351417068e+00
2.835856934388478745e+00
2.784752743939558517e+00
2.736229725595977769e+00
2.690040742357572068e+00
2.643949766539865021e+00
2.601555875606007096e+00
2.563910551783111558e+00
2.534947690036561951e+00
2.499290411671002854e+00
2.463201090279552474e+00
2.434608054243855957e+00
2.400761076559623231e+00
2.370858425067530639e+00
2.349968440830707550e+00
2.325992223289278016e+00
2.309797310994730957e+00
2.293738586207231034e+00
2.272609681304958329e+00
2.265934547616375916e+00
2.263302743020984664e+00
2.260162928866015442e+00
2.263508301642206177e+00
2.277190455132060531e+00
2.293468660778469559e+00
2.314913189659515869e+00
2.346532737629281051e+00
2.392198224862416733e+00
2.459553785208198562e+00
2.553068158113294128e+00
2.672701030141777512e+00
2.786900071220265396e+00
2.885806758370664582e+00
2.960287575092580781e+00
2.955782675908671386e+00
2.837893631309270859e+00
2.606583291457758911e+00
2.248049505054950714e+00
1.830922051229410652e+00
1.377725778975420479e+00
9.717000851200686684e-01
6.245369620931645605e-01
3.794673228015502109e-01
2.136421099486243425e-01
1.088408811160156281e-01
5.017388557765419671e-02
2.094696739159146101e-02
8.337732053365356014e-03
2.677845939760654589e-03
1.018463324062413022e-03
4.792434770998592049e-04
1.457817745895953108e-04
7.842550921053102276e-05
3.848006779882950923e-06
1.580941893347367666e-05
5.897000770637027722e-05
4.752717457121333433e-05
9.738073322829166045e-06
9.543916920959659295e-07
3.232140709745941887e-05
1.944440046150772383e-05
5.206756185523649794e-05
2.327078779609495263e-05
7.326567426416824569e-06
5.057411195015977703e-06
4.590225045404770082e-05
1.803528232555448818e-05
2.183882718516846115e-06
2.242973337729381456e-06
1.018181118400068227e-05
2.135329451233600587e-06
9.272020127484539662e-07
1.192414660838241789e-07
1.633239653995064281e-06
1.313927971264345432e-05
2.275820171525487691e-06
4.325960698720660830e-06
3.167690851708155253e-05
1.440689413180330664e-05
