2.182075189654584619e+02
2.210156199865617168e+02
2.213899387030533319e+02
2.215917676911058152e+02
2.216448755970836260e+02
2.215131923321202407e+02
2.212200001263977356e+02
2.207520744436457107e+02
2.200451962361134690e+02
2.191785029937470028e+02
2.180274773793273653e+02
2.167150768316193421e+02
2.151392653246125235e+02
2.133580951138739010e+02
2.113236122400556383e+02
2.090574530229127106e+02
2.066351234962648107e+02
2.040073074954046035e+02
2.011725792263112282e+02
1.981705089648525302e+02
1.950423412142119730e+02
1.917628533120573024e+02
1.883558729424671583e+02
1.848613900314316538e+02
1.812837637549486374e+02
1.776747554041730268e+02
1.740070403637427319e+02
1.703264348917753352e+02
1.665966144094134904e+02
1.629203354510775057e+02
1.592463290717802522e+02
1.555748304297312359e+02
1.519649827221292639e+02
1.484236675702057369e+02
1.449249694268740711e+02
1.414792009162486579e+02
1.381275408951833299e+02
1.348382300713728057e+02
1.316218449036315974e+02
1.285076799989252265e+02
1.254355768828885118e+02
1.224685397609927691e+02
1.195678238023343596e+02
1.167929900820954003e+02
1.140783426336563480e+02
1.114420945172885382e+02
1.088961888202571942e+02
1.064297021409159356e+02
1.040445798279749710e+02
1.017291183991062553e+02
9.950155165488966702e+01
9.732892643731591420e+01
9.525367681344583559e+01
9.324267065105433971e+01
9.129930438303431117e+01
8.940234926348608724e+01
8.758834933885698604e+01
8.584552245153774663e+01
8.415763596698081983e+01
8.251751525349826011e+01
8.096331055819921119e+01
7.945082839929484919e+01
7.800735818610982619e+01
7.663565730090058992e+01
7.529088637131930284e+01
7.402868444836792605e+01
7.280338344080095681e+01
7.165793551983846044e+01
7.055127829136930018e+01
6.949896648416391542e+01
6.850541441668384834e+01
6.754661098333086500e+01
6.667186256053784632e+01
6.584674907848176417e+01
6.507593704817531943e+01
6.435357021764910712e+01
6.366768527995358085e+01
6.305001695048495236e+01
6.249670508164863492e+01
6.198252443460958006e+01
6.153362954597132983e+01
6.110607530543450849e+01
6.074156552266870079e+01
6.042457475646118326e+01
6.013512435561198544e+01
5.989256608282233429e+01
5.968986780264659586e+01
5.952532155081927812e+01
5.937576158817297056e+01
5.929145743713245764e+01
5.922099835621916242e+01
5.919778745131617370e+01
5.919739302706689443e+01
5.921902613431912243e+01
5.926596786651715831e+01
5.933729788451819331e+01
5.943633855743593841e+01
5.955927199453765297e+01
5.969726826426514776e+01
5.984516719706998344e+01
6.001882574978621676e+01
6.019752679617547386e+01
6.039227768744765257e+01
6.059693246270916944e+01
6.082291613276548503e+01
6.107343027054820794e+01
6.132880688390235946e+01
6.160008308557156198e+01
6.187346890247120967e+01
6.216612222004294352e+01
6.245663842091223472e+01
6.275677207820250203e+01
6.304824322402509296e+01
6.335356842404464572e+01
6.367054359006393582e+01
6.402298403550149430e+01
6.437176350919496315e+01
6.473361800652345721e+01
6.511134150736005211e+01
6.549902280733537907e+01
6.589726756279364395e+01
6.632501525619453275e+01
6.675173771722415950e+01
6.719792546251265719e+01
6.764077962451081305e+01
6.811236876382253058e+01
6.861754731878075120e+01
6.913328654959731523e+01
6.969580178560296702e+01
7.025921497845713759e+01
7.086088849600155015e+01
7.150528611377882271e+01
7.219532166039059007e+01
7.294056330533170751e+01
7.371748658029139278e+01
7.457824021706608164e+01
7.549546405671954119e+01
7.649241844424464887e+01
7.759068557323276139e+01
7.877804217104907991e+01
8.006969334746943900e+01
8.148692551828351327e+01
8.306412715055120088e+01
8.481114933241345000e+01
8.681522173880269122e+01
8.914051179826226701e+01
9.182408214131305613e+01
9.503399677901681741e+01
9.897270589662448970e+01
1.038015907375944096e+02
1.096743601751095554e+02
1.165112624337033509e+02
1.238970602903209084e+02
1.309158841398845254e+02
1.360304184947489716e+02
1.373103593892254821e+02
1.331330217293131568e+02
1.227441324054647680e+02
1.067114780737804551e+02
8.684994250465103960e+01
6.591812248486033354e+01
4.635817089650937106e+01
3.021553359779266756e+01
1.816529715760276176e+01
1.009342472662612877e+01
5.167847349109061739e+00
2.433142863841262216e+00
1.058875223887959072e+00
4.216964209064233970e-01
1.592234967786956001e-01
5.722608664828351260e-02
2.021285078084383846e-02
7.820108603791302640e-03
4.097798917965573932e-03
2.820472133416052594e-03
2.869680068379652955e-03
2.526645762019775945e-03
2.280445115691598530e-03
2.561271485827559119e-03
2.710929722574150196e-03
2.278233561342081492e-03
2.441763337773152770e-03
1.928407601811319349e-03
2.178237504522382174e-03
2.079220690362695943e-03
1.959496582457787971e-03
1.859424664288225918e-03
1.890721048720450572e-03
1.794448345989983979e-03
1.729790635111384854e-03
1.918040725304605201e-03
1.538466225077597454e-03
1.802796922331158019e-03
1.507734154846778352e-03
1.371090090040129805e-03
1.421088922386624367e-03
1.527951844668584041e-03
1.331833505599809998e-03
1.418414308491293494e-03
1.249959234406722904e-03
