2.182427766385176824e+02
2.210917903889410354e+02
2.214957765949512236e+02
2.217179821986460979e+02
2.217806430193570861e+02
2.216586851691322977e+02
2.213712506158928761e+02
2.209079757682677041e+02
2.202138615028231357e+02
2.193537498667770933e+02
2.182103332392690049e+02
2.169051411209549087e+02
2.153375329613082840e+02
2.135622217779803123e+02
2.115302866208459420e+02
2.092744635277830980e+02
2.068538493121768909e+02
2.042317310705677187e+02
2.014013061070062065e+02
1.984094922572448638e+02
1.952812437590195032e+02
1.920028804048546078e+02
1.885984776118575610e+02
1.851068817955421366e+02
1.815367253228539539e+02
1.779279294094448858e+02
1.742659135683781244e+02
1.705874184748892333e+02
1.668623591064301479e+02
1.631888016161461223e+02
1.595129906936102486e+02
1.558509168973395447e+02
1.522492408400047452e+02
1.487122227936823435e+02
1.452226912417371523e+02
1.417788984092575788e+02
1.384397764055857181e+02
1.351515221710508854e+02
1.319418459632969984e+02
1.288439101880653368e+02
1.257774675897464505e+02
1.228209472909174451e+02
1.199348841909676224e+02
1.171746040299647973e+02
1.144823771756595931e+02
1.118667095069353934e+02
1.093462259101467851e+02
1.069177833704453207e+02
1.045710678983561763e+02
1.022952823588517504e+02
1.001270811505627449e+02
9.801567305258610929e+01
9.601834550481417807e+01
9.410175711399185161e+01
9.226599128608610556e+01
9.049050435720394603e+01
8.882153506861192227e+01
8.724163351697087876e+01
8.574208713057895181e+01
8.431276886280787153e+01
8.299323659380463880e+01
8.173992680324663240e+01
8.058165103482686220e+01
7.951117277475276524e+01
7.850061955668186897e+01
7.758993084153301822e+01
7.674113134098851674e+01
7.598854138163930827e+01
7.529910422239960610e+01
7.466738196368139313e+01
7.410968391168127312e+01
7.360119802435366410e+01
7.317532026589960026e+01
7.281498547192180126e+01
7.250295906096395981e+01
7.225194491596003843e+01
7.202086577721877347e+01
7.185730822907420645e+01
7.174321097536886782e+01
7.166732847342190382e+01
7.163725451257057841e+01
7.161910434835324679e+01
7.165212433505132594e+01
7.170527582252893239e+01
7.177303346631892111e+01
7.185340469964889110e+01
7.196707494801701444e+01
7.208881091061574864e+01
7.220531369059773397e+01
7.237537073832440626e+01
7.252369446182191837e+01
7.270210637961824318e+01
7.288367966801952491e+01
7.306369208060387166e+01
7.323192898466442102e+01
7.342276324366088147e+01
7.359599236031800729e+01
7.378590144274814122e+01
7.397183465858449836e+01
7.415448210504702331e+01
7.434123343418514196e+01
7.453004142130920684e+01
7.470522526463362567e+01
7.488497820227779300e+01
7.507351665850829647e+01
7.527870046633424295e+01
7.546029599267184551e+01
7.565137618928157792e+01
7.583025356757532620e+01
7.601688778866743235e+01
7.619371387569356102e+01
7.638596193504753273e+01
7.656807836606260764e+01
7.675487346044627657e+01
7.693693544516297322e+01
7.716534778501224423e+01
7.738586921385221729e+01
7.760331749157087700e+01
7.785436441532618801e+01
7.810200638000952722e+01
7.835569524666578900e+01
7.864108572031848610e+01
7.892052294995231421e+01
7.922494838875478251e+01
7.954068848196045849e+01
7.989036712417404829e+01
8.024973929241848225e+01
8.062901830790961810e+01
8.105267670645848455e+01
8.149356749986174009e+01
8.194844429282984777e+01
8.246610516203850239e+01
8.303778394303220978e+01
8.365729293701993186e+01
8.433348425696502204e+01
8.509022397756251621e+01
8.591745869263145607e+01
8.683791252346422596e+01
8.784060062071297637e+01
8.896921141220636287e+01
9.020563606788758193e+01
9.158973296073629911e+01
9.311986959637698646e+01
9.486388311229391945e+01
9.686182537600377884e+01
9.920713853221725742e+01
1.019772896728526490e+02
1.053186822988458715e+02
1.094343272651458392e+02
1.145321820284624863e+02
1.207314762349173520e+02
1.280222069159149783e+02
1.358605109477702513e+02
1.433176223444547475e+02
1.486723767940567882e+02
1.499390053495332040e+02
1.452251994448748462e+02
1.337393817134948222e+02
1.161961642757278099e+02
9.457555390205362755e+01
7.170147911739364588e+01
5.043277213057015018e+01
3.285084635937174369e+01
1.973780298327016780e+01
1.094620502997856271e+01
5.596475138654957604e+00
2.641013347723549121e+00
1.152230017941507034e+00
4.598774216816334803e-01
1.695991263719109632e-01
6.112410145558856700e-02
2.151534475943367095e-02
8.072594857054063780e-03
4.609419515612249961e-03
3.370697035520816079e-03
3.050469382738350659e-03
2.813211631630913295e-03
2.601435270011221747e-03
2.440965119417670432e-03
2.344649758819691409e-03
2.443428427344387401e-03
2.168437654575880967e-03
2.094810620745505246e-03
2.023778546894988446e-03
1.989053059951115428e-03
1.939282918045171639e-03
1.964133155716689828e-03
1.917855599671822175e-03
1.881656689414656219e-03
1.544059366141144066e-03
1.757763198049251338e-03
1.655730335356569126e-03
1.718943128558992998e-03
1.493358568002684352e-03
1.772171073064224712e-03
1.494977712239022082e-03
1.380338218394816822e-03
1.368446536482351974e-03
1.223575316216473112e-03
1.379274768796300054e-03
