2.182054291490051980e+02
2.210109330206239520e+02
2.213831857723322400e+02
2.215838275098187466e+02
2.216364704091339775e+02
2.215035795128884786e+02
2.212104288479008574e+02
2.207419588200221767e+02
2.200343127915286061e+02
2.191666937102490351e+02
2.180153304520939912e+02
2.167026477428493081e+02
2.151261232259155918e+02
2.133469273435670175e+02
2.113086514352368113e+02
2.090438673580370619e+02
2.066193518671994696e+02
2.039936583752556771e+02
2.011580380881438543e+02
1.981548372027274354e+02
1.950263286055767367e+02
1.917456029068823966e+02
1.883398115004594331e+02
1.848442549885706114e+02
1.812674119656429923e+02
1.776569522916061601e+02
1.739901424069201994e+02
1.703087327208300508e+02
1.665790112188546175e+02
1.629013201555040951e+02
1.592260267434363641e+02
1.555560225325041301e+02
1.519466027475565966e+02
1.484045257041454988e+02
1.449056940343466238e+02
1.414593554502495181e+02
1.381071130901728736e+02
1.348168612496537264e+02
1.316015807827948265e+02
1.284870513908741430e+02
1.254139223227410582e+02
1.224445623892166850e+02
1.195454573811424268e+02
1.167689090871385957e+02
1.140565240962549467e+02
1.114185123331241414e+02
1.088713697346262990e+02
1.064043899747488240e+02
1.040190769098302610e+02
1.017018456500096306e+02
9.947339355971716657e+01
9.729883076517396034e+01
9.522358058841504658e+01
9.320940116960578337e+01
9.126236664568651236e+01
8.936471035034779220e+01
8.754873218093553078e+01
8.580037657436612619e+01
8.410772779965911639e+01
8.246332296901996983e+01
8.090385396043417643e+01
7.938168688776356419e+01
7.793204814665806168e+01
7.655102383819604484e+01
7.519823943866582283e+01
7.392149715074661742e+01
7.268443846894646754e+01
7.152241413373668877e+01
7.039875722672798020e+01
6.932823333346222228e+01
6.831638553077459619e+01
6.733868560259668357e+01
6.643676480717292065e+01
6.559064172315929397e+01
6.479635158945646367e+01
6.404949219987899767e+01
6.333504268960469830e+01
6.268799395837207555e+01
6.210465386814563260e+01
6.156387393462917146e+01
6.108259206873381686e+01
6.062949372822426142e+01
6.023339888761421435e+01
5.988756288145517459e+01
5.957077042741651240e+01
5.929753158388685819e+01
5.906660937185301208e+01
5.887568004190071491e+01
5.869462222151398834e+01
5.859098859023764305e+01
5.848527872282006967e+01
5.844342611187742165e+01
5.841900295619624472e+01
5.842435627170621615e+01
5.844804788860678713e+01
5.849806354804863417e+01
5.858057271396165788e+01
5.867559233091301252e+01
5.880906848642307239e+01
5.894434741048739568e+01
5.910513648445451906e+01
5.926749654020009928e+01
5.945580884621065110e+01
5.965230073724980286e+01
5.986432057111878180e+01
6.010992327554280479e+01
6.035486585551733185e+01
6.062674480114309006e+01
6.089840454524946267e+01
6.119413230622667044e+01
6.148760315976700497e+01
6.178052230591547556e+01
6.208823466957028359e+01
6.238548460121575800e+01
6.270616498933362237e+01
6.305715474183581648e+01
6.340370714801967011e+01
6.377630785679633618e+01
6.415029200599556702e+01
6.454617785013525122e+01
6.494986795706597604e+01
6.537889409126522366e+01
6.581771439016760894e+01
6.627198658276364540e+01
6.672246238422630427e+01
6.720108679193967305e+01
6.771103460171775623e+01
6.822999988182876052e+01
6.879450508890415961e+01
6.937600464109073073e+01
6.997483346604487053e+01
7.062066871147787595e+01
7.132229602690445347e+01
7.206910578158722558e+01
7.285719379449625421e+01
7.372415454820668401e+01
7.464190909211426117e+01
7.564052468382570282e+01
7.674311071074369295e+01
7.792106103674001361e+01
7.921841650666209489e+01
8.063345901018173834e+01
8.222383633597260655e+01
8.395930961807978576e+01
8.595270466764047512e+01
8.825768957783618873e+01
9.095096335086614658e+01
9.416189378068909832e+01
9.806845387647462076e+01
1.028635348342089060e+02
1.087212563884884133e+02
1.155200761109249186e+02
1.228584524720639735e+02
1.298304288763458203e+02
1.349139157756270606e+02
1.362304988923401368e+02
1.321022913500979428e+02
1.217843671346668799e+02
1.058799487120481899e+02
8.617827173341565583e+01
6.540101937278645039e+01
4.601363100280920548e+01
2.999632428516250471e+01
1.803335631671337680e+01
1.000533720402380666e+01
5.126933960183998273e+00
2.412723194442264241e+00
1.052230504296915559e+00
4.200162191299200987e-01
1.581502838935956445e-01
5.622559816129778232e-02
1.996782459548166605e-02
7.691807828127235347e-03
4.235617439029787032e-03
2.926076779036499050e-03
2.790824768890481141e-03
2.554149814928587635e-03
2.377060163639209238e-03
2.570643982815213387e-03
2.651942046188566875e-03
2.195699419355602502e-03
2.401375973686605599e-03
2.036129114243999914e-03
2.118189680255066609e-03
2.084133563628091847e-03
1.886639111756103137e-03
1.829793651220744562e-03
1.887770651632450676e-03
1.767062741568056761e-03
1.647186534202056208e-03
1.934780296651636509e-03
1.565660199846321968e-03
1.868687914294730372e-03
1.402154736590692594e-03
1.454232088417005018e-03
1.408508258540084679e-03
1.503302913748869084e-03
1.344610330987442955e-03
1.397888000771568048e-03
1.290279292834219842e-03
