2.182816430136867893e+02
2.211757570043758676e+02
2.216080195458301887e+02
2.218446636918575905e+02
2.219143967242331712e+02
2.218008741799287407e+02
2.215220444560070803e+02
2.210682909789690314e+02
2.203798972371245100e+02
2.195299623968971332e+02
2.183930123722479664e+02
2.170953499042814769e+02
2.155332461372816510e+02
2.137603997079911835e+02
2.117354985598506687e+02
2.094785418024943908e+02
2.070701103322660117e+02
2.044477571173761987e+02
2.016223654817291902e+02
1.986329265108405764e+02
1.955076575136083363e+02
1.922344379352758210e+02
1.888322166469552315e+02
1.853449423983672091e+02
1.817793738657472602e+02
1.781768448362768424e+02
1.745180615327512896e+02
1.708467463505633930e+02
1.671254869842890969e+02
1.634570233972418407e+02
1.597912588447580617e+02
1.561392172431696963e+02
1.525453226996025364e+02
1.490190508608489779e+02
1.455430952776412994e+02
1.421198467057102164e+02
1.388007373182661581e+02
1.355366622673402617e+02
1.323573249349279308e+02
1.292931037535798851e+02
1.262750378743410096e+02
1.233753836635367804e+02
1.205530561610907654e+02
1.178785703767692041e+02
1.152907017363890532e+02
1.127916752202038424e+02
1.104100313139597063e+02
1.081411398152743715e+02
1.059890142076880011e+02
1.039331879570567736e+02
1.020153360924434196e+02
1.001860333029832901e+02
9.850448975646722261e+01
9.693360286224000788e+01
9.547196390637085983e+01
9.410039479419685904e+01
9.286084479656778967e+01
9.174624006685304778e+01
9.072262791698716455e+01
8.979165213056316475e+01
8.898178310046385775e+01
8.825258480497107882e+01
8.762051498003535244e+01
8.707804432523982996e+01
8.659825282598271201e+01
8.620725579159025642e+01
8.587208435999066580e+01
8.561722872999220613e+01
8.541192357512083788e+01
8.525951836422319730e+01
8.515575669873247477e+01
8.506704282247595472e+01
8.504054874926438856e+01
8.504742061569639588e+01
8.507523082677623449e+01
8.512839049836880179e+01
8.518466075310797692e+01
8.525277694109037441e+01
8.536207836718581632e+01
8.545106106929826240e+01
8.557982718134023514e+01
8.568360755189017652e+01
8.581622133960009080e+01
8.595030477177448347e+01
8.607546249992601872e+01
8.618145657563138684e+01
8.628946106965589991e+01
8.638507823378337491e+01
8.646080671547983343e+01
8.656130879606043038e+01
8.664191282847158959e+01
8.671568197590539739e+01
8.677470577205862412e+01
8.684669614019696837e+01
8.689623629786248671e+01
8.695084982419963637e+01
8.696722719163491888e+01
8.699045425927594977e+01
8.700445784951099881e+01
8.700073658841346003e+01
8.700346684869190028e+01
8.699447801385022672e+01
8.698389942053634627e+01
8.697135916607835782e+01
8.695464352340705716e+01
8.694522808820390480e+01
8.692492328385141320e+01
8.691634706360956386e+01
8.692146137567181086e+01
8.690766433312825257e+01
8.689255690897259399e+01
8.688596416493497543e+01
8.686638927542654187e+01
8.685941709118411325e+01
8.685960536335790039e+01
8.687837117394234099e+01
8.691335424105828622e+01
8.694785996599077293e+01
8.700598186129377609e+01
8.707967915579244789e+01
8.716549640264811671e+01
8.726843133812096198e+01
8.738777897177068610e+01
8.752602134236332176e+01
8.766823499637636985e+01
8.786177272934452276e+01
8.807632051006042673e+01
8.830184008287000097e+01
8.857651470350599254e+01
8.888219635114562323e+01
8.922726994887398178e+01
8.962600522830700811e+01
9.008006457229450348e+01
9.058906590395302771e+01
9.115073306825010491e+01
9.182277793412079347e+01
9.256838300667956787e+01
9.339240881213522982e+01
9.433207518011792558e+01
9.537760151740877745e+01
9.654844432165052126e+01
9.784520224054178072e+01
9.936056516689443185e+01
1.010657804065994725e+02
1.030626228790680017e+02
1.054214033355468132e+02
1.081867123425561346e+02
1.115815435524908423e+02
1.157834858365474844e+02
1.209976410915586911e+02
1.273892140858211803e+02
1.349033438240168152e+02
1.430267385603129071e+02
1.506990598067909275e+02
1.562217725019697241e+02
1.573861018276942616e+02
1.523331004282194669e+02
1.402757880023114296e+02
1.218224187722679659e+02
9.906424556348495969e+01
7.511813878266633537e+01
5.281021883483292356e+01
3.436695929955852336e+01
2.064506902488381712e+01
1.145552780571494011e+01
5.863859138385195457e+00
2.761337234117323014e+00
1.205479862947230085e+00
4.816736569460061124e-01
1.788144129447253039e-01
6.344392520173085248e-02
2.275042596678256493e-02
8.594119948710987264e-03
4.500082132204330683e-03
3.000346973960145696e-03
3.048395452386501708e-03
2.659606130286738986e-03
2.543552111874633394e-03
2.564025802581969792e-03
2.617942482303676870e-03
2.200391641804329626e-03
2.223176084936631398e-03
2.095396864944118302e-03
2.364468268022844582e-03
2.071152749502874410e-03
2.077139711598274645e-03
1.915802859700800435e-03
1.817290261705375521e-03
1.828401438334102853e-03
1.709138542884112901e-03
1.661872081729295209e-03
1.623794382897300040e-03
1.680264628621696470e-03
1.504156093945779957e-03
1.509276335502001331e-03
1.498526604145306723e-03
1.419207254303115045e-03
1.451500181425744319e-03
1.449762583803345132e-03
1.397774372144948386e-03
