2.184924621381441909e+02
2.215467747763849502e+02
2.220462551890740031e+02
2.223164281652088619e+02
2.224218195590648008e+02
2.223371302298615433e+02
2.220889928047571686e+02
2.216606163479285385e+02
2.209932505005832297e+02
2.201575985896768088e+02
2.190467640516906727e+02
2.177644620194695051e+02
2.162238068379473361e+02
2.144759983755770349e+02
2.124778682726493741e+02
2.102506751072041595e+02
2.078704590240918719e+02
2.052908471709206424e+02
2.025176995413575582e+02
1.995900194927629911e+02
1.965503119319000120e+02
1.933782935987485985e+02
1.900932085141953110e+02
1.867580599589402084e+02
1.833733009843223556e+02
1.799962127187416741e+02
1.766076804477158646e+02
1.732550050115123099e+02
1.699321578516406532e+02
1.667292071841685583e+02
1.636103582637765328e+02
1.605961462417616303e+02
1.577348793441553028e+02
1.550497472373998846e+02
1.525138514760064652e+02
1.501419080104155910e+02
1.479839399439775605e+02
1.459891353323188525e+02
1.442046587163223421e+02
1.426154071336225684e+02
1.411702094294974756e+02
1.399296517599581193e+02
1.388438446277806406e+02
1.379448666973575826e+02
1.371798392178908728e+02
1.365359125221383465e+02
1.360280596465620420e+02
1.356274728430755943e+02
1.353025778196240481e+02
1.350704234116785187e+02
1.348867248419900022e+02
1.347461840064549676e+02
1.346558943330641682e+02
1.346011666068698673e+02
1.345520970233251887e+02
1.345023488923713160e+02
1.344500248966523941e+02
1.344058454770030835e+02
1.343367086749151724e+02
1.342342494965045319e+02
1.341296695364901552e+02
1.339866371803514085e+02
1.338096172116793809e+02
1.336239608826383289e+02
1.333810203472373246e+02
1.331143475282442523e+02
1.327931594040122718e+02
1.324552474833027986e+02
1.320684130492597887e+02
1.316422461152487529e+02
1.312089457564461839e+02
1.307145807971853344e+02
1.302030106138091696e+02
1.296671569618849844e+02
1.291173263095288632e+02
1.285579932138071513e+02
1.279336638722872834e+02
1.272988543902113747e+02
1.266412323814432028e+02
1.260087806603067406e+02
1.253468963343426452e+02
1.246532776966606662e+02
1.239560931919844364e+02
1.232687052706522906e+02
1.225215275213032697e+02
1.217906476992090319e+02
1.210509104005678154e+02
1.203231400916067173e+02
1.195622250631877819e+02
1.188322127794854453e+02
1.180772452725029353e+02
1.173544405874246763e+02
1.166166189975187990e+02
1.159088316268844778e+02
1.151768306881632640e+02
1.144487225884226120e+02
1.137345851864938453e+02
1.130350217552743572e+02
1.123418107739234273e+02
1.116542984961452731e+02
1.109546547431960306e+02
1.103000297441000157e+02
1.096451382649855901e+02
1.090013195436666393e+02
1.083725071467257237e+02
1.077622686363025366e+02
1.071576577651434548e+02
1.065984123869895228e+02
1.060371555957869560e+02
1.054940203439505950e+02
1.049715695503547295e+02
1.044615158311413268e+02
1.039668300215627568e+02
1.034930445337442393e+02
1.030330897168025928e+02
1.026287989355760573e+02
1.022410177672425107e+02
1.018840554292503100e+02
1.015444816603938705e+02
1.012403407541542322e+02
1.009533035375306014e+02
1.007027268609425761e+02
1.004856564843438633e+02
1.002880345221881413e+02
1.001281062348164568e+02
9.999873717571279030e+01
9.993247313350492789e+01
9.988112335889378812e+01
9.987740657801684563e+01
9.993175906610591142e+01
1.000360737270592892e+02
1.001957108910830101e+02
1.004280497916822981e+02
1.007406091934020225e+02
1.010944765901063818e+02
1.015573766934635955e+02
1.021268018200157002e+02
1.027895391842577482e+02
1.035915001710025649e+02
1.044920810968705212e+02
1.055415958454324965e+02
1.067588238413631387e+02
1.081650937351320607e+02
1.097906869118276774e+02
1.117348804121552206e+02
1.140344736817843483e+02
1.167961022377515832e+02
1.202336071518962939e+02
1.245385317878618991e+02
1.299143349421943583e+02
1.365231125997620154e+02
1.443405375133201574e+02
1.527997515322328468e+02
1.607849290504457258e+02
1.664821668907821675e+02
1.675376275321042101e+02
1.621430678906646108e+02
1.492071509594535144e+02
1.295206914459887173e+02
1.052967491292231585e+02
7.978585092933535350e+01
5.608025336696385210e+01
3.652165811094500469e+01
2.192069394619683820e+01
1.215642827052110242e+01
6.214709523879247577e+00
2.932806714699617512e+00
1.272973123505835469e+00
5.086138436475510227e-01
1.888304047649742579e-01
6.559980438474108388e-02
2.281685597246066455e-02
8.387013739139503529e-03
4.649943712064799617e-03
3.137861783486546510e-03
3.128501289646347817e-03
2.905305619688476702e-03
2.330682586492961988e-03
2.471934102142980989e-03
2.424122803174379344e-03
2.256218293014867517e-03
2.229908572668858578e-03
2.338574984987114389e-03
1.999194026763357734e-03
2.073753544987315053e-03
1.946751170626846239e-03
2.154109024199228964e-03
2.077454124487370345e-03
1.787675977982086445e-03
1.787389041787584799e-03
1.781505113919994165e-03
1.658630441832414752e-03
1.721531157232539808e-03
1.524563033866768811e-03
1.437259392856361133e-03
1.561374508937810653e-03
1.640765840009109121e-03
1.360893319699145150e-03
1.321183888133027270e-03
1.494662783771011968e-03
