1.578128386815509430e+02
1.593925250766212969e+02
1.594423754688266683e+02
1.593366517119817729e+02
1.590764066558105014e+02
1.585686906103817648e+02
1.578574533955413983e+02
1.569017945953641515e+02
1.556958824693590770e+02
1.541938876209379714e+02
1.524030477317832606e+02
1.503304426360733146e+02
1.479497004213868934e+02
1.452924020243517589e+02
1.423740072594535206e+02
1.391708241255384735e+02
1.357659485320230885e+02
1.321643460752222552e+02
1.283439836169677051e+02
1.243736300769960508e+02
1.203114906570828850e+02
1.161193063779145547e+02
1.118570218188106082e+02
1.076001717342037978e+02
1.033292971350181517e+02
9.910372578388584941e+01
9.492118121093760408e+01
9.082290893650497310e+01
8.675894194818425831e+01
8.280221328526062052e+01
7.897876647550664586e+01
7.529064185021303501e+01
7.170981174528262159e+01
6.828961693464468397e+01
6.499809068523852318e+01
6.184764050563293125e+01
5.886736609797420527e+01
5.602691753741237335e+01
5.331778656300998165e+01
5.076371840354275378e+01
4.831311483777567872e+01
4.604320421249334316e+01
4.389184592928116757e+01
4.189832024992857384e+01
4.001963891834667209e+01
3.826026036647898820e+01
3.662106556390386203e+01
3.512216955123262352e+01
3.370891303737880662e+01
3.240662834011406090e+01
3.121336608198341978e+01
3.013740507203490537e+01
2.914105036985387898e+01
2.823004033488298958e+01
2.741237568685189885e+01
2.666923629471825308e+01
2.600753900272927055e+01
2.541580772076526529e+01
2.489674842875037086e+01
2.443924810716675466e+01
2.404714389955107379e+01
2.368617440875257429e+01
2.337963644870453450e+01
2.311152807954285038e+01
2.287446336525802693e+01
2.269617918180301785e+01
2.253548579052504408e+01
2.239698123986211797e+01
2.229916127993621799e+01
2.221498428755957377e+01
2.212858692799798277e+01
2.206903903362237784e+01
2.201448520935243991e+01
2.197871718312510225e+01
2.194929181867175672e+01
2.192899738309077051e+01
2.189995411348839482e+01
2.188231467476321512e+01
2.185322206974443304e+01
2.183125302609469998e+01
2.181529107689857483e+01
2.178123304144375894e+01
2.176662342105474579e+01
2.174314662462307268e+01
2.170135498595320556e+01
2.163817150425165892e+01
2.157771236501220358e+01
2.152618557835618773e+01
2.145421531258357817e+01
2.138472524699237454e+01
2.130971152231925103e+01
2.123467821234630293e+01
2.114994427644544217e+01
2.104887450693382078e+01
2.094730299897491932e+01
2.084908158021668712e+01
2.072646533180441963e+01
2.061823523893124488e+01
2.049170564653145021e+01
2.036844377550814045e+01
2.022737429084049410e+01
2.009335605324142549e+01
1.995754215431709966e+01
1.983307690297563752e+01
1.968664526070157805e+01
1.953621040346721927e+01
1.938526048366394150e+01
1.924366540296210104e+01
1.909284231066703796e+01
1.894414448406961071e+01
1.879898945387039078e+01
1.863791556283831596e+01
1.846811550255451095e+01
1.830584046430885792e+01
1.815781878183285514e+01
1.801211373363103974e+01
1.787553075121508783e+01
1.774240693346493813e+01
1.759341880886091047e+01
1.744885664453936869e+01
1.730190693959593773e+01
1.717296185178889090e+01
1.703562208678987133e+01
1.689826223668124783e+01
1.677283514477312565e+01
1.664979164840446657e+01
1.653032042541437718e+01
1.642926430681513494e+01
1.632694729376170528e+01
1.623765851660735038e+01
1.614270850560731319e+01
1.606804999729825312e+01
1.600389437273972604e+01
1.592420831840071394e+01
1.586876717230511957e+01
1.582961835112008764e+01
1.579889293532404615e+01
1.579027181781000522e+01
1.580249486801525016e+01
1.580401514408489128e+01
1.583790336176753044e+01
1.589865577469269375e+01
1.597818899133967108e+01
1.609619844311641401e+01
1.626254431510137266e+01
1.645083930798702809e+01
1.670139347265164176e+01
1.704994092985159782e+01
1.749427419300708664e+01
1.808352050661212829e+01
1.884371455489761260e+01
1.973761003754205134e+01
2.072767787447406107e+01
2.164187514078285801e+01
2.229437827898396307e+01
2.234599713525838283e+01
2.150086568999621761e+01
1.969534213530520717e+01
1.705486933038466546e+01
1.384610871556732370e+01
1.046742678133563942e+01
7.353023508253197171e+00
4.764037539302888646e+00
2.860081117910643567e+00
1.589832072611898184e+00
8.120279416616540402e-01
3.817192893967510936e-01
1.657066301525463026e-01
6.545903663284519114e-02
2.356661072495671444e-02
8.184673150770942554e-03
3.080971902160207273e-03
9.353439396052511817e-04
4.041362297720773222e-04
1.985411008322610473e-04
2.229094679161023793e-04
1.843984960085657144e-04
1.634326088513956274e-04
1.121948547550156717e-04
1.788010178247725532e-04
1.237982231457748035e-04
8.522272313946166000e-05
1.966255801207864734e-04
9.862401869389485773e-05
8.794459008775948198e-05
1.810689578883244817e-04
1.320781776459296691e-04
2.352133234898209078e-04
5.399328751003493421e-05
8.617141054573306902e-05
6.033500978075423404e-05
6.495373543817672024e-05
2.255585718493232156e-05
1.761399253473862152e-04
1.042786371164600059e-04
8.649113768387036339e-05
5.198037478053698160e-05
1.009164019126747118e-04
9.993911144210813880e-05
1.185430306643987612e-04
