2.182159276383464146e+02
2.210368399488777413e+02
2.214193156042238684e+02
2.216260422941659840e+02
2.216837418422896064e+02
2.215543792161789156e+02
2.212625435100097775e+02
2.207987308441975642e+02
2.200916681549161922e+02
2.192277630504849242e+02
2.180796422190920225e+02
2.167674062517386062e+02
2.151968639705084456e+02
2.134164593467066311e+02
2.113825372069519233e+02
2.091205480765912341e+02
2.067012606023883166e+02
2.040708626062683777e+02
2.012356784095246098e+02
1.982412805297713589e+02
1.951168765502395672e+02
1.918335123245872182e+02
1.884247641125947439e+02
1.849350380709308013e+02
1.813570053771865105e+02
1.777478925244718937e+02
1.740838489832534037e+02
1.704025069574979625e+02
1.666748866748498301e+02
1.629948515880247442e+02
1.593225559862133878e+02
1.556539023744290375e+02
1.520482544795935951e+02
1.485079109161522979e+02
1.450094412647460729e+02
1.415656946380025829e+02
1.382205601803855188e+02
1.349242355114943734e+02
1.317100780504325144e+02
1.285993906121992154e+02
1.255310368239805996e+02
1.225666916033049603e+02
1.196665647772524750e+02
1.168922225160962398e+02
1.141823627303467816e+02
1.115515050878437080e+02
1.090052310218511309e+02
1.065443965838744163e+02
1.041698389074869198e+02
1.018547046643867589e+02
9.963715730216404154e+01
9.746927030597905173e+01
9.540382782458023314e+01
9.340706267281662178e+01
9.147995811568922875e+01
8.959377707572478755e+01
8.780541484569863542e+01
8.608020849256104157e+01
8.441938317625367461e+01
8.281259389624351286e+01
8.129420637853573339e+01
7.982452432042849466e+01
7.843279092790699281e+01
7.711126849928366767e+01
7.583010396946880860e+01
7.463253680556401548e+01
7.349633488766639289e+01
7.242039784837129446e+01
7.140413677908826173e+01
7.044558741589693796e+01
6.955823984093058243e+01
6.870360132796864150e+01
6.793555640461933365e+01
6.723066794661741596e+01
6.658372710799650918e+01
6.599895347324323325e+01
6.544026888219377724e+01
6.494904116551690265e+01
6.451931587370636123e+01
6.413506520193128324e+01
6.381302510358450775e+01
6.350984665140184404e+01
6.327087943321419061e+01
6.308180982627628453e+01
6.292092437469872834e+01
6.279996567574294630e+01
6.270757482622732937e+01
6.267091927615474134e+01
6.262646035970234237e+01
6.264112092692209188e+01
6.267059967124858133e+01
6.274217167665203476e+01
6.282237266284622024e+01
6.293854780474237032e+01
6.305031063149040449e+01
6.320013152961871583e+01
6.334329850820797958e+01
6.351652846550747000e+01
6.370713815359292198e+01
6.390720643398383771e+01
6.410836579305971838e+01
6.431689896690667751e+01
6.453475573473345150e+01
6.476149193573714058e+01
6.500562312952247623e+01
6.527182574711565621e+01
6.553209740219274693e+01
6.579724551682468814e+01
6.607018355498281892e+01
6.634654012032588355e+01
6.662602562155142039e+01
6.691351784534195701e+01
6.719915852604086126e+01
6.748184732726512891e+01
6.778297763710135371e+01
6.811434536915112403e+01
6.844561548164365661e+01
6.878330671130139251e+01
6.913552947235353940e+01
6.949215110326413480e+01
6.986091381571534953e+01
7.024644098417570603e+01
7.063675330516680617e+01
7.104805524593361099e+01
7.145048512170353661e+01
7.190723778319146220e+01
7.237967861421026328e+01
7.285215337255320378e+01
7.338782073068551881e+01
7.392881075895753895e+01
7.449704619820116136e+01
7.511358097938462208e+01
7.577152940455692942e+01
7.649653329875948771e+01
7.724645131546290600e+01
7.806615202286509714e+01
7.897947026549461214e+01
7.997622473094432394e+01
8.104651568202679357e+01
8.221875721932170222e+01
8.347691153200725012e+01
8.486885619121102309e+01
8.644626435101716311e+01
8.818886211991326718e+01
9.019165292827730696e+01
9.251991705969066970e+01
9.523197248396364500e+01
9.850760975354018001e+01
1.025079868951411157e+02
1.074371880914480784e+02
1.134421960903345763e+02
1.204572837276919870e+02
1.280083223013243128e+02
1.351584388403649086e+02
1.403868851508530895e+02
1.416985644072478010e+02
1.373607536633720372e+02
1.266068737918785700e+02
1.100081423657372426e+02
8.951974670463650341e+01
6.790435353423511344e+01
4.776649682832921684e+01
3.113601874134461056e+01
1.871461801496215926e+01
1.038575043189583447e+01
5.320821915997457019e+00
2.510470279857702103e+00
1.092340071446531891e+00
4.361768162494117917e-01
1.624719610149617521e-01
5.848260675181159857e-02
2.106934918101920073e-02
8.073882271675639558e-03
4.203526147507292803e-03
2.783188036209291016e-03
2.705473872018511559e-03
2.716297690210619023e-03
2.497556868111554165e-03
2.547174501359947187e-03
2.372603338523068990e-03
2.315230200035042936e-03
2.373587626389397735e-03
2.130962593769936998e-03
2.173681760643111655e-03
2.129972903222986796e-03
2.029270749449523827e-03
1.849139926352244773e-03
1.812281385221663601e-03
1.880908359344849162e-03
1.797458048313278116e-03
1.764115634511311025e-03
1.648020664504963465e-03
1.651174675617755579e-03
1.447134187763930799e-03
1.549829863984793612e-03
1.510646174573941711e-03
1.529397517703051049e-03
1.372736622575600933e-03
1.201431275054094718e-03
1.463677173166656829e-03
