2.182311604163216145e+02
2.210684366220028210e+02
2.214631871763065192e+02
2.216811735402513364e+02
2.217407364353535968e+02
2.216145294410406734e+02
2.213274524811415063e+02
2.208643610242968691e+02
2.201639119058353344e+02
2.193019165415230702e+02
2.181564411417069493e+02
2.168510649764108109e+02
2.152790587849658834e+02
2.135025106749082511e+02
2.114693809958499742e+02
2.092111346871947148e+02
2.067902242696302437e+02
2.041653320879682099e+02
2.013337222338197989e+02
1.983410608154076158e+02
1.952134484025583276e+02
1.919355847718462371e+02
1.885249842312719011e+02
1.850372690793197705e+02
1.814641508030574357e+02
1.778538125759656054e+02
1.741901417871610533e+02
1.705120150492092534e+02
1.667826975587108222e+02
1.631094658287150310e+02
1.594372965109395750e+02
1.557700199225176050e+02
1.521671969233622406e+02
1.486279489362700872e+02
1.451347653851377117e+02
1.416903068303731459e+02
1.383480809837920162e+02
1.350582574496934853e+02
1.318417938548369932e+02
1.287402256654622477e+02
1.256727646434944177e+02
1.227096983367379153e+02
1.198161214244567674e+02
1.170513422679729132e+02
1.143462858884064985e+02
1.117234187903090117e+02
1.091892808947545035e+02
1.067403981752358533e+02
1.043786116142299392e+02
1.020824248665411460e+02
9.987870516141902044e+01
9.774174863059631946e+01
9.570759532970978967e+01
9.374561241546577151e+01
9.185739907249141822e+01
9.002268867175649802e+01
8.828636438219672300e+01
8.662733089418024690e+01
8.503987815595202449e+01
8.351992559115481640e+01
8.209720717903036302e+01
8.074017003100837542e+01
7.946161065879297780e+01
7.826802350567692201e+01
7.712923162327332705e+01
7.608318687360731758e+01
7.509484361818201137e+01
7.418923943261395948e+01
7.335386358541181551e+01
7.258521486763895325e+01
7.188342196197426404e+01
7.122768788408605189e+01
7.065294641089522543e+01
7.014571970004544710e+01
6.969970843137416239e+01
6.931274462390153701e+01
6.895161283214083880e+01
6.865392520191163328e+01
6.842188296830012462e+01
6.822049815150413110e+01
6.808694829322212172e+01
6.796232037703393303e+01
6.789266084948472724e+01
6.787892865806142595e+01
6.787709359290023770e+01
6.789425082764658725e+01
6.794256147614576946e+01
6.801724264253221008e+01
6.809096448714514338e+01
6.821093362219073697e+01
6.833126463142401974e+01
6.847979770180600667e+01
6.863246870701441082e+01
6.881880140258829215e+01
6.899491956279531735e+01
6.918916427891319643e+01
6.936687096414082987e+01
6.958683794207618689e+01
6.978708749785775467e+01
6.998923011725244692e+01
7.019701183440562886e+01
7.041387627938853200e+01
7.062027543974717503e+01
7.082823725749166499e+01
7.104208038816159387e+01
7.127678679893340075e+01
7.150055578257000377e+01
7.173532316386088326e+01
7.197370708456426769e+01
7.219253953462903439e+01
7.243363549138616975e+01
7.268124004554701401e+01
7.291014088759540357e+01
7.315379789826589274e+01
7.339413785782096511e+01
7.366047838941551618e+01
7.393748201429748690e+01
7.421763739568365281e+01
7.450756582855230192e+01
7.480086279322019038e+01
7.509037115590433586e+01
7.542195816449519441e+01
7.575074867171605320e+01
7.610057034258967690e+01
7.644574347909296819e+01
7.682442209348532458e+01
7.725446011608023866e+01
7.767852095470320251e+01
7.815058272136860751e+01
7.863941508870813379e+01
7.916835464951182644e+01
7.970359079738386754e+01
8.032156159361386472e+01
8.099632887455409502e+01
8.169977530584579029e+01
8.246906779917883057e+01
8.331682815990220092e+01
8.426270177575598552e+01
8.530330368735434377e+01
8.643791670694903928e+01
8.768543539820474564e+01
8.907821456429775253e+01
9.063657447927468525e+01
9.238003403251026668e+01
9.438088561003577581e+01
9.672804891696267759e+01
9.949976569216822497e+01
1.028104321147835378e+02
1.068857094167826745e+02
1.118991349697579381e+02
1.180656762480922168e+02
1.252631445708385343e+02
1.329945560529695854e+02
1.403176136843268296e+02
1.456511991580695735e+02
1.468648588007601461e+02
1.423146674431363579e+02
1.311163198620473622e+02
1.139117177934653284e+02
9.268011311164285360e+01
7.026037661397626266e+01
4.942489495024501878e+01
3.218745520032501872e+01
1.934018926419458495e+01
1.074076712507713260e+01
5.497077504171584472e+00
2.582796568563322737e+00
1.128299606156166313e+00
4.487174242675877611e-01
1.662012673067282953e-01
5.832251033874836371e-02
2.044732426552487228e-02
7.985079401419277120e-03
4.267910176189031873e-03
3.197513727234210269e-03
2.855826850814536990e-03
3.004304385997810713e-03
2.575597402714531643e-03
2.396250694977453567e-03
2.467215365953294610e-03
2.272564474931051438e-03
2.446803416586529594e-03
2.034247926917299738e-03
2.008785769279797760e-03
2.057525402964454058e-03
1.820487952307867953e-03
1.743688100641834458e-03
1.789195028418481912e-03
1.945829309949057570e-03
1.639830113297901766e-03
1.786072257269504188e-03
1.733356602273245948e-03
1.735836439449989351e-03
1.340621389740614521e-03
1.506578925332894463e-03
1.432068179900415194e-03
1.378587148656090604e-03
1.473001089848028798e-03
1.196850644377414011e-03
1.446942871006182650e-03
