2.183420125094331468e+02
2.212947696588847180e+02
2.217581886891196348e+02
2.220073640665718813e+02
2.220927737257072181e+02
2.219880651242168028e+02
2.217217317556126943e+02
2.212793896376605858e+02
2.205984764102900613e+02
2.197535185048316464e+02
2.186257937262212749e+02
2.173354482813125514e+02
2.157771836851586045e+02
2.140139341674157265e+02
2.119922500858946535e+02
2.097455117601693360e+02
2.073333859974774782e+02
2.047195803403564014e+02
2.018971281366496271e+02
1.989134481770911975e+02
1.957945388821328265e+02
1.925288880732046550e+02
1.891332062331039197e+02
1.856619942678649693e+02
1.821022342028282139e+02
1.785177728763120513e+02
1.748791811442291930e+02
1.712220034134317359e+02
1.675286146093767172e+02
1.638929827718901606e+02
1.602677437791820978e+02
1.566664010085415839e+02
1.531383912147608726e+02
1.496945527366143551e+02
1.463114283848633477e+02
1.430166550353848152e+02
1.398377187934001711e+02
1.367498050146336084e+02
1.337854159297290266e+02
1.309704496962023939e+02
1.282471253147307380e+02
1.256808682866246727e+02
1.232450313892308600e+02
1.210010851462163970e+02
1.188958335285863512e+02
1.169383511176210959e+02
1.151312796030409231e+02
1.134830683452870659e+02
1.119937325641352714e+02
1.106372467164191278e+02
1.094457488647214944e+02
1.083593175311302161e+02
1.074444719845596836e+02
1.066362691221268761e+02
1.059373163241311318e+02
1.053348888978099467e+02
1.048323687139070728e+02
1.044360479919988336e+02
1.041277371755767547e+02
1.038585800195726989e+02
1.036862500174933075e+02
1.035432280905322244e+02
1.034604566904709770e+02
1.034358449382062446e+02
1.034153857267346552e+02
1.034215850922120552e+02
1.034412713022937567e+02
1.034888503527346586e+02
1.035215762131846589e+02
1.035636942056802070e+02
1.036238015357102711e+02
1.036510945922705815e+02
1.036943035319804665e+02
1.037465109659270865e+02
1.037591435138261318e+02
1.037770826959160075e+02
1.037337154409108280e+02
1.036994957168688245e+02
1.036663528278831734e+02
1.036088460285999986e+02
1.035286753471184653e+02
1.034325811607503880e+02
1.033288319784480791e+02
1.032139612573301548e+02
1.030765468934757223e+02
1.029269408999278994e+02
1.027505924130361450e+02
1.025668972892779323e+02
1.023383019893340986e+02
1.021436217508253606e+02
1.018935417214139818e+02
1.016686335043900300e+02
1.014316398106411725e+02
1.011815043761180846e+02
1.008968178023548603e+02
1.006269048478370962e+02
1.003484762891463191e+02
1.000748178531484882e+02
9.977615017035626011e+01
9.948993323384846121e+01
9.916717672934427696e+01
9.886729625241052588e+01
9.856309866051002189e+01
9.826141023991308998e+01
9.794476837059572460e+01
9.766389579957132128e+01
9.738952852715054576e+01
9.712464331156030539e+01
9.683566412824508518e+01
9.658710955144300669e+01
9.632804373338186110e+01
9.608132761641950026e+01
9.583164568508068726e+01
9.559704077738200567e+01
9.539351933820159957e+01
9.520094895273246038e+01
9.502791782738138693e+01
9.487289084651183657e+01
9.473317961185213676e+01
9.461081187856201780e+01
9.451201994289449715e+01
9.444016277268545423e+01
9.438137354871777518e+01
9.435324465694077389e+01
9.433318274952266336e+01
9.437142431819872002e+01
9.444520866337154530e+01
9.454708657491110557e+01
9.468506178974597276e+01
9.485836872470618175e+01
9.508582241426907444e+01
9.535835706349395480e+01
9.568187799868320553e+01
9.608044819354141453e+01
9.656548468126133855e+01
9.712616218472736307e+01
9.775635531046012261e+01
9.850714130625382836e+01
9.936864432738298092e+01
1.003389236403175033e+02
1.014571989891978205e+02
1.027156836971587666e+02
1.041855948182806202e+02
1.058770636198802890e+02
1.078248914678205068e+02
1.101474552859607883e+02
1.129030929704864974e+02
1.163378539195181958e+02
1.206073546419993647e+02
1.258926983612305577e+02
1.324182657476588929e+02
1.400546246778974933e+02
1.483621030155154301e+02
1.562301207477587184e+02
1.618155376134909318e+02
1.629902640466453647e+02
1.577279594463521732e+02
1.452273404580077170e+02
1.260653724782320353e+02
1.024612197901943773e+02
7.764304344136105840e+01
5.459489823098046202e+01
3.553020017925081930e+01
2.133941074453817421e+01
1.184084434648450213e+01
6.051684591177268757e+00
2.844147657111144145e+00
1.238623590969094357e+00
4.957188234360481727e-01
1.837412719948349205e-01
6.548592096934371942e-02
2.210482085790859558e-02
8.129072433272375650e-03
4.542347592432170560e-03
3.188360112381896649e-03
2.923459574727894396e-03
2.703958215277103231e-03
2.420222390984664435e-03
2.317344576318685744e-03
2.359712867389155214e-03
2.124695318122483446e-03
2.153424550886206146e-03
2.047658798661494955e-03
2.200892327738395750e-03
2.086763196916691012e-03
1.934198534890442739e-03
2.016333065949641942e-03
2.033948223844247657e-03
1.856763684339762365e-03
1.886716431007049149e-03
1.621808005140967270e-03
1.722114522643198101e-03
1.700126869489294954e-03
1.462731343163767251e-03
1.421675271453984356e-03
1.511057057999520012e-03
1.466310061581640144e-03
1.485674327858216249e-03
1.486613823567274834e-03
1.437856272780641768e-03
