1.578788731758011465e+02
1.595107117571525350e+02
1.595827405862413286e+02
1.594874885036066701e+02
1.592395606350684147e+02
1.587433765890115467e+02
1.580387438133895728e+02
1.570925446964651542e+02
1.558869633577996865e+02
1.543950333779470725e+02
1.526109986941543468e+02
1.505437655809542434e+02
1.481674300297810305e+02
1.455109806386527680e+02
1.426042823453058759e+02
1.394071160075448859e+02
1.360066603593036803e+02
1.324123417667514104e+02
1.286047579979511113e+02
1.246472227474118313e+02
1.206019151891038490e+02
1.164297112277320849e+02
1.121979680559468591e+02
1.079755942900147687e+02
1.037434794831270750e+02
9.957133122592414054e+01
9.545479704100742424e+01
9.143454997963272035e+01
8.747597121659458708e+01
8.364225226533341129e+01
7.996455223949548952e+01
7.646752754335628310e+01
7.310089986137528228e+01
6.992473005657342355e+01
6.692141770618682983e+01
6.410664897184405220e+01
6.150938171189692127e+01
5.910011549629012251e+01
5.686371377917627257e+01
5.483011227697392798e+01
5.292931382383944339e+01
5.125341343254937243e+01
4.973546841869958257e+01
4.839219357020273549e+01
4.719972283453939355e+01
4.613759778026077640e+01
4.520840357789873565e+01
4.442160338290139521e+01
4.372486200602725148e+01
4.311195910416750365e+01
4.261323437544827897e+01
4.220038623802570754e+01
4.184554209115190559e+01
4.155728031788021326e+01
4.131875158153060568e+01
4.110756844737463211e+01
4.094338683711571747e+01
4.081852223361946130e+01
4.069656364578339947e+01
4.058104743260062719e+01
4.047333054254866624e+01
4.037101136251456523e+01
4.027168459010621149e+01
4.017757368770738680e+01
4.006560309458937752e+01
3.994685530290007591e+01
3.983097219984564674e+01
3.967693842367993540e+01
3.951953429770138371e+01
3.932725003775622952e+01
3.914712120447721588e+01
3.893359597234262282e+01
3.870636073106692976e+01
3.847579224531849462e+01
3.820383431658976292e+01
3.791343764960765839e+01
3.761492331574360293e+01
3.731154436162776733e+01
3.698060677655868744e+01
3.666432502493262291e+01
3.630538002774119377e+01
3.594175653242402291e+01
3.557652837327785278e+01
3.518813529155320907e+01
3.479904180558191484e+01
3.437851812690496445e+01
3.397216136339638126e+01
3.356366762063569809e+01
3.312379355935586744e+01
3.271071521399749571e+01
3.229404576246937353e+01
3.186800149538450810e+01
3.144616750503579894e+01
3.102684916017783934e+01
3.061137523170974362e+01
3.017820654602514452e+01
2.973973494726750744e+01
2.931859816238284111e+01
2.888706369077165803e+01
2.847818759042355907e+01
2.807677213930421445e+01
2.765401125409536931e+01
2.725157850401269144e+01
2.684951791167259216e+01
2.645895462358991423e+01
2.606539011746644974e+01
2.566218966494004050e+01
2.528840217366814613e+01
2.494364843020836631e+01
2.457348760755525774e+01
2.420703753787610424e+01
2.386302183899614704e+01
2.353460458003812406e+01
2.318741320073604584e+01
2.285535434881846228e+01
2.253326429633630568e+01
2.223844453899396711e+01
2.193725850515895459e+01
2.163931429510315141e+01
2.135593126217524329e+01
2.107122313645150768e+01
2.081084093989597505e+01
2.054209230798814190e+01
2.029159713909029961e+01
2.004264627769589424e+01
1.980498380131191638e+01
1.959530656991733366e+01
1.938401343052585801e+01
1.919874753451181704e+01
1.901666790453923994e+01
1.884626402561035263e+01
1.867329241149127483e+01
1.851903250854876148e+01
1.836978986134959513e+01
1.825773627186815062e+01
1.815731683394147211e+01
1.806845654505822552e+01
1.798410353209409607e+01
1.794027347614367685e+01
1.788271851754850772e+01
1.788518324949675176e+01
1.789517279652257642e+01
1.792958348699741933e+01
1.800953477041588968e+01
1.813364791497588158e+01
1.830710551246172813e+01
1.854764026900132379e+01
1.887654904462397099e+01
1.931896848314338300e+01
1.990224804936183745e+01
2.069330022194319341e+01
2.164792717248201370e+01
2.267663291717569152e+01
2.363506548106670380e+01
2.428926150169637310e+01
2.429631486203935253e+01
2.334297404438257217e+01
2.139907327956623462e+01
1.850941957140134519e+01
1.500705203103522400e+01
1.133937846610529476e+01
7.952289899293747411e+00
5.162060036634405158e+00
3.093822351579243790e+00
1.712626977028169906e+00
8.720928221559410831e-01
4.105198339200468727e-01
1.793016771457560388e-01
7.128645437045183497e-02
2.537438302462084044e-02
8.561602267607281574e-03
2.524628328313685381e-03
1.029665936772114878e-03
5.681638469292593641e-04
1.797297517475149320e-04
1.606855254107912741e-04
2.163796056128634295e-04
2.165794263658376564e-04
1.436455398968789919e-04
1.948956016016326835e-04
1.933955599284498117e-04
1.189235912230696737e-04
1.544317858423425462e-04
1.113159365245019653e-04
1.397943323250553835e-04
1.076620709694069329e-04
1.620862875588171778e-04
1.455438796177164053e-04
1.069149565626911850e-04
1.233185204268110217e-04
9.342238487736847488e-05
1.084003120025310758e-04
2.274424385387706544e-04
8.235623674110199161e-05
6.190882504649231131e-05
7.594198059675723322e-05
6.297371185140317640e-05
1.424672196536028862e-04
9.677692747630625594e-05
1.269265376873015270e-04
