1.578380018823133071e+02
1.594397003449234376e+02
1.595020317985141105e+02
1.594007730514947809e+02
1.591457652948884061e+02
1.586422829438912743e+02
1.579349348965075137e+02
1.569845491488619302e+02
1.557770223412177586e+02
1.542787864730991032e+02
1.524924511901853066e+02
1.504236082530696876e+02
1.480431801656280584e+02
1.453867884519503377e+02
1.424705100002336451e+02
1.392710115334517127e+02
1.358657101588065075e+02
1.322681119139532484e+02
1.284494019888774687e+02
1.244831602815603304e+02
1.204234663073956568e+02
1.162361490431907782e+02
1.119750727084627044e+02
1.077286654615470809e+02
1.034612179680876238e+02
9.924797446463747974e+01
9.507380732012097724e+01
9.098571772494081245e+01
8.694264787073350931e+01
8.300816383341508242e+01
7.920753718911308283e+01
7.555500509513593954e+01
7.201564336318470794e+01
6.864506563960782159e+01
6.542172111773268739e+01
6.234901184577029198e+01
5.946352679541127628e+01
5.673501295444374648e+01
5.414665797991781915e+01
5.174431954050022853e+01
4.946498988495053339e+01
4.738933271881736431e+01
4.545226244955685502e+01
4.369509347122058784e+01
4.206618473318586382e+01
4.057157873344193888e+01
3.921190654932676267e+01
3.800240894876575481e+01
3.689858960969528567e+01
3.590556836280867969e+01
3.503382452684713400e+01
3.427519848364560318e+01
3.359181802602122957e+01
3.299340055776863778e+01
3.248529029935080814e+01
3.203945539423471445e+01
3.166058421667872125e+01
3.134437569784414279e+01
3.107497481732732680e+01
3.083225314039736986e+01
3.065696245338767767e+01
3.048848160614983982e+01
3.038127102263064927e+01
3.027863161255502078e+01
3.018822772557743761e+01
3.012062003804991761e+01
3.005843430705782282e+01
2.998257140929086262e+01
2.992939125715444604e+01
2.986687083770003426e+01
2.981746068700320151e+01
2.977661427865839627e+01
2.971021005894160893e+01
2.962745029955274489e+01
2.955178965793715662e+01
2.946687209171553334e+01
2.937987349741160870e+01
2.927665360665155703e+01
2.916709417891171086e+01
2.905702164334555349e+01
2.892661580174333480e+01
2.877982837044530484e+01
2.862602336083849153e+01
2.846281921904947865e+01
2.827285479795601475e+01
2.807751785818901169e+01
2.787772450885838893e+01
2.768615854034821311e+01
2.746693867010374746e+01
2.725480556964046386e+01
2.702813762302200118e+01
2.679584677476022136e+01
2.655514503456652164e+01
2.629788499077161035e+01
2.603503049847980222e+01
2.578612754473255819e+01
2.551140575421353063e+01
2.525804867740306747e+01
2.499007176069749647e+01
2.472577279268039518e+01
2.444527033592263976e+01
2.417116716421312717e+01
2.391866971655852225e+01
2.364203113379577914e+01
2.336222612009280297e+01
2.308656128061314305e+01
2.281910529153214640e+01
2.257092055471407122e+01
2.231066203448507679e+01
2.205763332111139974e+01
2.179949634439415362e+01
2.154448891907102492e+01
2.127613264508545399e+01
2.101777123577064899e+01
2.077781780684987822e+01
2.053892525761491683e+01
2.030317196436226368e+01
2.008792029176321137e+01
1.985367842639486113e+01
1.963506768374807265e+01
1.942428590584960091e+01
1.921263582818210125e+01
1.901750138629641640e+01
1.881372178801231954e+01
1.861973365065124142e+01
1.844513084718750662e+01
1.827700089746051404e+01
1.812093522482448194e+01
1.797063811723556626e+01
1.782279526856210339e+01
1.767426645155582321e+01
1.753964270278811455e+01
1.742194695853524777e+01
1.729956300308306893e+01
1.721056742635038006e+01
1.714387340284883976e+01
1.707959152902994049e+01
1.703010876435372722e+01
1.701897319178614509e+01
1.701164837285048392e+01
1.700268280319869518e+01
1.704111127989987651e+01
1.710951831688483438e+01
1.719649608081413561e+01
1.733385182855029782e+01
1.752759817180534085e+01
1.776438915667434415e+01
1.811500064345697680e+01
1.857117364286548522e+01
1.916019222926762211e+01
1.993643904849886894e+01
2.087640068307518959e+01
2.186143215538726992e+01
2.278204773987333098e+01
2.338486879484521097e+01
2.338600264531042683e+01
2.256335682628883177e+01
2.070366925083928678e+01
1.789100028036369139e+01
1.451475615447593981e+01
1.096939580390850644e+01
7.711034266692069039e+00
4.998607071220046549e+00
2.982122330124386433e+00
1.657659528990431452e+00
8.428873960025763390e-01
3.986932993961747607e-01
1.743905836620517902e-01
7.004040907972311492e-02
2.507162013601832787e-02
1.016507238261132179e-02
3.071426937170288786e-03
8.295826305631094719e-04
4.038008510291642432e-04
1.984864292637987927e-04
1.715264197051818745e-04
1.709065396658814202e-04
1.559024433372968588e-04
1.269098039824861641e-04
1.228834777092544330e-04
1.634724323350524250e-04
9.687613848052455871e-05
1.811532860179888664e-04
1.747719307086804236e-04
1.667572648851180065e-04
1.170580991009166985e-04
1.558455042724964231e-04
1.357988165894644941e-04
1.405500325525456211e-04
5.030252326586171874e-05
1.842793289786747075e-04
8.801870521752455092e-05
5.936925354595939486e-05
4.028345003482185449e-05
1.111417883746969039e-04
5.775959782543615517e-05
4.548786887269439428e-05
5.247414257938360851e-05
1.020489203650893397e-04
1.021207695290662470e-04
