2.181446945167919580e+02
2.208951440497769454e+02
2.211968161897330560e+02
2.213353573856279581e+02
2.213406143358895974e+02
2.211760298819931450e+02
2.208560375934390834e+02
2.203661879077204162e+02
2.196417084044119576e+02
2.187579045071097426e+02
2.175912526158455478e+02
2.162663881271053867e+02
2.146779195223068371e+02
2.128798012008336684e+02
2.108284187094654669e+02
2.085511850122341002e+02
2.061122732750517628e+02
2.034714454563911090e+02
2.006220055913947817e+02
1.976079458538087863e+02
1.944661063574527873e+02
1.911716025381269333e+02
1.877478285105579801e+02
1.842428887801544874e+02
1.806565200919206120e+02
1.770280838146441624e+02
1.733510830764878108e+02
1.696574441379230507e+02
1.659189622059646751e+02
1.622277006597094271e+02
1.585421432598997740e+02
1.548614121665061134e+02
1.512437721515601083e+02
1.476922166868068587e+02
1.441833819249924886e+02
1.407266329560395377e+02
1.373658414842031732e+02
1.340632471661828902e+02
1.308360441636375526e+02
1.277140143996424939e+02
1.246296019450230119e+02
1.216480021157459674e+02
1.187368138632522516e+02
1.159488127988999508e+02
1.132276573170656633e+02
1.105807605583280093e+02
1.080194701210680535e+02
1.055405808852713392e+02
1.031398903946146106e+02
1.008066284489351716e+02
9.856558287768153548e+01
9.637270084618614874e+01
9.427780328442196378e+01
9.224785640165944756e+01
9.028271026717339964e+01
8.835797457137202571e+01
8.651682860292153521e+01
8.473806855052619369e+01
8.301281718955792144e+01
8.133365194258500708e+01
7.972780942311300123e+01
7.816096011326757775e+01
7.665158117230980395e+01
7.520419972388465624e+01
7.377923217085118779e+01
7.241896792125936599e+01
7.109147331233781131e+01
6.981589377085188630e+01
6.857555098007436811e+01
6.736947285574581201e+01
6.620287219793627287e+01
6.505254257931153461e+01
6.396400599310288015e+01
6.291257403571417939e+01
6.188844055090139307e+01
6.089869671396115791e+01
5.991546419266167334e+01
5.897815357858604557e+01
5.807986261915417003e+01
5.720508916027797852e+01
5.636552008952673987e+01
5.553678452306402846e+01
5.474927372998734398e+01
5.399048883936925591e+01
5.323644227965885989e+01
5.251039607357064654e+01
5.180559852453153269e+01
5.113074531648234711e+01
5.044953294981630165e+01
4.982289695649718908e+01
4.919062256602468608e+01
4.859294561342764496e+01
4.800968753983739390e+01
4.745079892522395681e+01
4.689976361263490645e+01
4.637186629527042925e+01
4.585364027178356849e+01
4.536097461206569648e+01
4.487909566645765835e+01
4.441228090931937800e+01
4.396063226756658082e+01
4.352300923944689259e+01
4.309968187163078568e+01
4.268740320838659841e+01
4.229865476077581121e+01
4.193645673592791923e+01
4.157744084949106167e+01
4.123560888241298272e+01
4.090984210602780280e+01
4.059956180719659358e+01
4.029732282920537045e+01
4.001594078266362686e+01
3.973944904725922100e+01
3.947929934200182345e+01
3.923738719916531181e+01
3.902284134459718956e+01
3.882288683243908167e+01
3.864266056576219910e+01
3.847963295395169325e+01
3.832528291867600245e+01
3.819423738299826709e+01
3.808674802300789253e+01
3.799278333279846720e+01
3.791915149115519057e+01
3.785217446179225220e+01
3.781766649306434402e+01
3.780837861810709200e+01
3.781231943147381003e+01
3.786294399682189749e+01
3.792469558192539125e+01
3.801856141300094549e+01
3.813433006052481744e+01
3.829885203176743858e+01
3.850165413373711942e+01
3.873915719638964816e+01
3.902356807060703403e+01
3.935430354314360812e+01
3.974563611847041500e+01
4.018971543827561277e+01
4.070163801510453538e+01
4.127245163379788551e+01
4.191797008162873794e+01
4.266004648241192143e+01
4.351708568846696323e+01
4.450950261247429296e+01
4.569823153640059132e+01
4.707832561488788770e+01
4.877326283725047062e+01
5.086155666113443630e+01
5.342368253057667715e+01
5.655424059221905964e+01
6.019686562865995683e+01
6.408798597412773290e+01
6.778390943779815814e+01
7.047670428116622077e+01
7.114431782913965208e+01
6.896363573422695481e+01
6.352097756090490321e+01
5.520351572985645561e+01
4.488078776678363369e+01
3.404282566155289658e+01
2.394020071042491082e+01
1.560163526156059000e+01
9.367564170951396818e+00
5.200087227529441414e+00
2.665072913785601738e+00
1.255300617819924636e+00
5.519625411834045980e-01
2.200745201405992779e-01
8.376917906308399553e-02
3.079433528708151735e-02
1.173565173377977278e-02
5.586166408295044523e-03
3.542598876384020577e-03
2.935924358776838446e-03
2.732832657426013077e-03
2.655042023552221624e-03
2.504195096991834561e-03
2.378735207421789691e-03
2.375519500510131152e-03
2.289368552226866190e-03
2.240499498534137112e-03
1.898307834900890079e-03
1.953461114572036406e-03
1.942353107837850590e-03
1.983061971524409904e-03
1.885301801292536047e-03
1.999669956328666790e-03
1.703467944204828648e-03
1.649677992530119292e-03
1.757368609840413666e-03
1.563960871555678195e-03
1.678136942256838520e-03
1.543131426178543080e-03
1.418270278931409775e-03
1.375768430970978826e-03
1.513859317372537750e-03
1.580621218873273608e-03
1.235841421000208112e-03
1.306437223220719172e-03
