2.183116539847974309e+02
2.212355514118152655e+02
2.216873962390486383e+02
2.219296630830877746e+02
2.220061015840491336e+02
2.218994845469617587e+02
2.216270063662365715e+02
2.211772803539704455e+02
2.204937915808213518e+02
2.196471999585311039e+02
2.185127943349243935e+02
2.172213902801551910e+02
2.156607593570732604e+02
2.138933507597224661e+02
2.118700379703280703e+02
2.096203453757314037e+02
2.072107755728100642e+02
2.045910482031686684e+02
2.017655060918914387e+02
1.987780653112165226e+02
1.956580338887678181e+02
1.923855680606106660e+02
1.889856892100897880e+02
1.855085374531163041e+02
1.819417300644533952e+02
1.783484624332079989e+02
1.746971211009393983e+02
1.710241395152546318e+02
1.673137714628371953e+02
1.636601239231113141e+02
1.600069481969766798e+02
1.563680579107892186e+02
1.527933791900000529e+02
1.492957892386119170e+02
1.458454946394713545e+02
1.424616518000212579e+02
1.391826500939928906e+02
1.359763139804722414e+02
1.328675289724899642e+02
1.298878175793350920e+02
1.269741353205036916e+02
1.241944291410540160e+02
1.215145729057034174e+02
1.190092045679024579e+02
1.166027983968885593e+02
1.143243603007600058e+02
1.121814958108538747e+02
1.101852651365794458e+02
1.083188359646052277e+02
1.065813770364347022e+02
1.049978227321520308e+02
1.035294645125512574e+02
1.022141414936864834e+02
1.010231340601087027e+02
9.995494879654019371e+01
9.898578321381870637e+01
9.815360045913760700e+01
9.742111871279112734e+01
9.679428791517447905e+01
9.624341758165770955e+01
9.580015809435350604e+01
9.542313547194636669e+01
9.513319449946504847e+01
9.491493647182539917e+01
9.473125176822252058e+01
9.461875144860501052e+01
9.453399825544231305e+01
9.451068425290718267e+01
9.450451117400831436e+01
9.452039282911900386e+01
9.454765588132113407e+01
9.458458315399911953e+01
9.464141173643548655e+01
9.471981036560129041e+01
9.480356930913937674e+01
9.489135660461053590e+01
9.495817680170144115e+01
9.503839029158233132e+01
9.511514702323771075e+01
9.517154488557979164e+01
9.522776513869597181e+01
9.526166364964501554e+01
9.529412950148926598e+01
9.533982168173453431e+01
9.533404405689472583e+01
9.532580329236782291e+01
9.530855720305163459e+01
9.530342403047208677e+01
9.524746700070247130e+01
9.522498145893385413e+01
9.514324907725061564e+01
9.505708303563295658e+01
9.495849245055566712e+01
9.486005284935741599e+01
9.474418623340454815e+01
9.462759831246128783e+01
9.449327395360502635e+01
9.437479435572343789e+01
9.422656398588125626e+01
9.408736720549130439e+01
9.391288797892013918e+01
9.376975881636926147e+01
9.359924840036259752e+01
9.344676046753517085e+01
9.327894104469287129e+01
9.311259202899532283e+01
9.294156339747706852e+01
9.278422426399224321e+01
9.262013758418831344e+01
9.248352747788159434e+01
9.232763120289908443e+01
9.219237838145204478e+01
9.205883512592431828e+01
9.192172753491223602e+01
9.180015475751717702e+01
9.170967178229379613e+01
9.161617253753337309e+01
9.155521122042712534e+01
9.149327454186247621e+01
9.146433919633207665e+01
9.142874171632296054e+01
9.145063957827014178e+01
9.146052595747882208e+01
9.150967479953393990e+01
9.156270800226820938e+01
9.166177481878905553e+01
9.177902261424269170e+01
9.193746210824845377e+01
9.214861207721729386e+01
9.238873510435429637e+01
9.267559282522033470e+01
9.300659140980853579e+01
9.338900568228174848e+01
9.385224359746905520e+01
9.436347724211766774e+01
9.494626831478247198e+01
9.564337100888631937e+01
9.640666762820059432e+01
9.731367619492013432e+01
9.831928598067746350e+01
9.946636107855262310e+01
1.007469599325615377e+02
1.022036568524088835e+02
1.038731579956843092e+02
1.058545230932944463e+02
1.081829113682836123e+02
1.109497344565501606e+02
1.143776341317506677e+02
1.186131257153589900e+02
1.238656279645840357e+02
1.303191161264071241e+02
1.379346126108218868e+02
1.461826771755225707e+02
1.539643650932137575e+02
1.595261159621326499e+02
1.606690793092201091e+02
1.555348590140849865e+02
1.431847406062761650e+02
1.243394118482048896e+02
1.010750755003275714e+02
7.662157831326986468e+01
5.389302811258674097e+01
3.509540389047092646e+01
2.106121016450245165e+01
1.168339946765688531e+01
5.966836562303337921e+00
2.810500034725866847e+00
1.224535640956527338e+00
4.911386173844814462e-01
1.810916511986541411e-01
6.490569991240216496e-02
2.189302618457797042e-02
8.656008205646796225e-03
4.040380029739786688e-03
3.127093124655464396e-03
2.859234375256605731e-03
2.714633765954892978e-03
2.639507883788197277e-03
2.540535418694536522e-03
2.256911099061838059e-03
2.071538147951753651e-03
2.314343781890504121e-03
2.328009238932177670e-03
2.182876054209552039e-03
2.188873092406859976e-03
1.977977315206610933e-03
1.886287687045792817e-03
2.031254987983690651e-03
1.899650673625259212e-03
1.643256695691901279e-03
1.652914106324873938e-03
1.625167419331988898e-03
1.724899219814186608e-03
1.397316043978989513e-03
1.375369584276910475e-03
1.333710868890872116e-03
1.706758658689243400e-03
1.504097525458529799e-03
1.460781958525362353e-03
1.389801249589387973e-03
