6.948236682925215746e+01
7.113872259088937255e+01
7.258979763468330759e+01
7.414835133133375678e+01
7.583557984420849607e+01
7.744719213538786562e+01
7.911100677770066625e+01
8.086661927394433746e+01
8.275010496411734096e+01
8.477341044974821216e+01
8.698673221171416969e+01
8.941844922623008074e+01
9.215328108873598012e+01
9.524917931312573671e+01
9.890112319716948264e+01
1.033607077211476906e+02
1.088327484647799253e+02
1.159033587004757493e+02
1.256807865335850352e+02
1.405524102380460079e+02
1.683579756105392846e+02
2.373098401285623140e+02
1.770934821465618541e+02
1.445977201160415149e+01
5.183167764156296903e-02
6.945250809192361372e-04
5.972171305952390886e-04
5.162135351636547775e-04
5.254804111770475326e-04
5.042988738342675612e-04
4.289032522323938897e-04
4.110752011096827302e-04
3.718289419572112244e-04
3.672223075410796273e-04
3.795951318455964931e-04
3.108239854610459385e-04
3.108517185693340356e-04
2.806465781162353402e-04
2.519008421137672793e-04
2.281272482660854034e-04
2.414907561358541456e-04
2.064110508608673971e-04
1.875919209335178675e-04
2.014144484367370370e-04
1.633069096621700780e-04
1.636698838234372012e-04
1.388786574351859836e-04
1.310358256989104984e-04
1.188567792810025630e-04
1.289321803920019324e-04
1.257663039888445421e-04
1.053207880347556831e-04
1.089988856598016708e-04
9.689138963798751500e-05
9.881694528184949719e-05
1.305916788133578701e-04
8.612682512318591769e-05
8.528412417317787612e-05
8.466313403379415370e-05
8.177245325874186175e-05
8.633176184691104804e-05
7.946265662974143077e-05
7.175263919731774277e-05
8.226460953669094758e-05
6.723929957834291120e-05
7.043418880176921873e-05
5.472584318823891830e-05
5.118811889887791081e-05
5.681522643094348438e-05
5.968611822622873787e-05
4.823767603593565230e-05
4.296905345936333459e-05
6.981900446914584147e-05
5.466136471283583657e-05
5.180992453875283860e-05
4.376896250361349809e-05
3.218396905162798361e-05
3.896087628160168964e-05
3.159127012532080968e-05
4.749676916815231411e-05
3.551115818097584474e-05
6.719108230522508204e-05
5.500986460067929445e-05
4.139465445788673224e-05
3.985459410818182133e-05
3.593776887699412807e-05
2.780499325477750176e-05
2.710604816119373324e-05
3.235586772561211197e-05
2.968873363852967117e-05
3.472195186071440966e-05
1.974323248116311198e-05
1.620719819251056586e-05
1.921487764930847940e-05
2.201513738703877603e-05
2.282630136068359132e-05
3.801069310578031980e-05
2.320166825050711857e-05
1.325768413564055244e-05
1.880037938258739404e-05
