6.949357562302068914e+01
7.115635881781444994e+01
7.261482454860885127e+01
7.418319675850676731e+01
7.588272520272731470e+01
7.750991542214997310e+01
7.919184644356111846e+01
8.096804172995527438e+01
8.288012132349194871e+01
8.493851641592186752e+01
8.719570437425701925e+01
8.967705315550661282e+01
9.246965442417867109e+01
9.563114534197806904e+01
9.935628506813618799e+01
1.039004147277533860e+02
1.094695849591471131e+02
1.166574351512686718e+02
1.265822881046428705e+02
1.417729201395096652e+02
1.700346450617190612e+02
2.384531073557887453e+02
1.772536180189494530e+02
1.446199006585910318e+01
5.194836206596144257e-02
7.996459089623590265e-04
7.048114397768974731e-04
6.084056619247856131e-04
5.772546249996921095e-04
5.517843270905990055e-04
4.662532813498598827e-04
4.824630804457584314e-04
3.919344651413302701e-04
4.060818256605092861e-04
4.252629737569259857e-04
3.361442204615988725e-04
3.196289383410909953e-04
2.965856476002954722e-04
2.434521452903766394e-04
2.614696361667932486e-04
2.438724492465466325e-04
2.399210964477883770e-04
1.970447243646520610e-04
1.735207625049754797e-04
1.887082728201320691e-04
1.518726147357380340e-04
1.864529757696436162e-04
1.537053293436536059e-04
1.390711803338574360e-04
1.243394694772586673e-04
1.229451843524618268e-04
1.252574067726496183e-04
1.016194703100219832e-04
1.115484273217250258e-04
9.802475720382821214e-05
9.168671874991096379e-05
8.338130986209059642e-05
9.438648072295729140e-05
8.199500540481739850e-05
9.475590346827637129e-05
7.618296573151981483e-05
7.236817058712753561e-05
6.976527104630088935e-05
7.421621996881265081e-05
7.004309739385327011e-05
6.847412868112174309e-05
6.102809749787807661e-05
4.431147505866592457e-05
4.813099357747943456e-05
7.378815302411836615e-05
4.254027569957978641e-05
4.636042057423771841e-05
6.905371731528899947e-05
5.394021969886755988e-05
4.472450666190667809e-05
3.483539563296443982e-05
2.782703865733504014e-05
4.213526424826287447e-05
4.192187862910604296e-05
3.978572595280554548e-05
3.829256396652256245e-05
4.969306408278640003e-05
3.184731276479412063e-05
3.571949401432708055e-05
3.978791522543282484e-05
3.265677127675118612e-05
2.833934970496660157e-05
3.298165619066625176e-05
3.982773274958782982e-05
3.964343664926551185e-05
1.771000307808776383e-05
1.950275201374713574e-05
1.516199932483852486e-05
1.221959402862033793e-05
2.049952694176906970e-05
2.414408538095307185e-05
1.850171924259933802e-05
2.325698051746803293e-05
1.758197175608986851e-05
2.347009080939417439e-05
