3.451490781726042067e-01
4.106524690551024981e-01
4.985650471325461242e-01
6.046558822816483492e-01
7.217427799102417163e-01
8.469094709977605939e-01
9.731557433105134658e-01
1.109130800569536612e+00
1.253998816869581256e+00
1.419676019519159782e+00
1.603102432511589015e+00
1.822778944657656552e+00
2.073987056833398235e+00
2.371775944073677422e+00
2.731119940364659993e+00
3.175700663215595299e+00
3.736451374074917453e+00
4.467538511303629001e+00
5.501872639324471237e+00
6.983290520501162391e+00
9.157380708355972843e+00
1.208665169542919315e+01
7.664680020080600009e+00
5.854323321331854624e-01
2.831097940382749402e-03
7.568299231014476982e-04
7.017012003509698597e-04
6.359494263498353386e-04
5.625477702553944529e-04
5.277073715816551830e-04
4.587061872278380193e-04
4.428216013674219319e-04
4.317929266551506860e-04
3.650696690957797963e-04
3.715245657422911515e-04
3.021312237635981161e-04
2.999392331264141582e-04
2.690880722513879332e-04
2.541131716679597796e-04
2.176781978119571206e-04
2.023234112845626888e-04
1.991384122113199720e-04
2.022320555059713176e-04
1.943034448440903014e-04
1.752539773714242150e-04
1.926252871518943643e-04
1.770934263361305632e-04
1.571378136476251426e-04
1.552006500008315114e-04
1.212567844909562650e-04
1.477385382721091911e-04
1.094143495075735917e-04
1.136116483574745002e-04
1.217194197880022970e-04
1.067172255633509851e-04
1.231875037027185306e-04
1.050830932829499239e-04
9.237216071288504638e-05
8.788640074697888732e-05
6.592529817268416483e-05
6.128605914157631614e-05
7.336414767985330202e-05
5.654451484325183835e-05
7.688452431562652393e-05
6.602706700875724986e-05
6.781682707722262986e-05
8.813019113175472202e-05
9.398902163817018918e-05
5.655759691051851163e-05
5.221308684097106950e-05
4.356743299604739453e-05
6.186280427640858653e-05
6.546832788592098727e-05
4.515623889612342310e-05
4.787072568528582330e-05
4.125382968057059754e-05
3.316916915497680995e-05
4.607774261114611216e-05
4.126668308364552266e-05
3.527931750444221080e-05
3.081669995456799797e-05
2.933254593845598869e-05
2.717073677708396602e-05
4.507811583594441756e-05
4.242320058105894092e-05
3.202285858172395234e-05
2.343743309376625304e-05
3.259510203427270927e-05
1.672163686537628033e-05
2.265090855707897551e-05
2.199458292816059256e-05
2.559308637989481455e-05
2.146548717395222648e-05
3.451221825985987645e-05
1.781114873264295792e-05
2.337525337115665535e-05
1.840303448763353668e-05
1.859777895826808525e-05
1.743849302297364773e-05
2.335104966205629769e-05
