2.381169509208635321e-02
3.752671535963651023e-02
5.485561352195277018e-02
7.998594477557278981e-02
1.102234628937968225e-01
1.431577046381438678e-01
1.792252521921613440e-01
2.221904519623435770e-01
2.731450708391505167e-01
3.356982132217654069e-01
4.090610535418461313e-01
4.943706562256451331e-01
5.954337256623971619e-01
7.105117667060383280e-01
8.443810338822150818e-01
9.971421566469947928e-01
1.183480415974594413e+00
1.418665968600335558e+00
1.730561849687256570e+00
2.178604834311137495e+00
2.677859787139691417e+00
2.027261742732445970e+00
3.928463055512576019e-01
9.168276514866255042e-03
5.862769056101711047e-04
4.745977881400888329e-04
4.567120778365297705e-04
4.100564532334290374e-04
3.507595741700559222e-04
3.424022480042898534e-04
3.184565271550556117e-04
2.734285024094867738e-04
2.758977934822745602e-04
2.175128430705245797e-04
2.388998178422406982e-04
1.900004397869074497e-04
1.760821351401425244e-04
1.982595758815972921e-04
1.431391518129957136e-04
1.795713091988525084e-04
1.258898505335112833e-04
1.414354246662820965e-04
1.694469162795058997e-04
1.174456101053261887e-04
9.969167457523492315e-05
1.070457740239793399e-04
1.067413622171306113e-04
9.967543561064516773e-05
9.999884604965139894e-05
9.949440507939658692e-05
8.206983633510940535e-05
7.895534731130481629e-05
1.044634327176952049e-04
8.367794807419774012e-05
6.315088704639949910e-05
6.801218270693269816e-05
6.534723137483274154e-05
7.147579587767252500e-05
5.074350534782920083e-05
6.719898492748789174e-05
4.559177425313503903e-05
4.527555734085133638e-05
4.216310094217920571e-05
5.131850709617584016e-05
4.548728074325518136e-05
4.523411924800811609e-05
3.486797037948875490e-05
3.836228091108068178e-05
4.795583482332848511e-05
3.826418178858061983e-05
4.166854423156182268e-05
3.039976335896389485e-05
2.269055909889602674e-05
3.374800949358791868e-05
3.769556588645696718e-05
3.108624406863636142e-05
2.750131624156824429e-05
1.959443166266975302e-05
4.374105212801159031e-05
2.374765544511562733e-05
4.083397649248574177e-05
2.901026351081234427e-05
1.824119672957000938e-05
1.667669308027289901e-05
1.353840075304103571e-05
2.685876330039557253e-05
2.219389090574981025e-05
1.117188619699880350e-05
1.917296712339963981e-05
3.542860946667122294e-05
2.107410120267301710e-05
1.965756829309952777e-05
1.341755289878887831e-05
1.317888008416025557e-05
1.069552017294184329e-05
2.136563938649411453e-05
1.056175814690282599e-05
1.814760126408385799e-05
2.227007795329579448e-05
9.700411516122846214e-06
