8.517839498014159290e+02
4.950375392072945715e+02
3.257727019229413372e+02
2.483019792476897862e+02
2.052869417796968605e+02
1.786141890228584259e+02
1.602520888628872626e+02
1.433578085391232548e+02
1.325135388535823324e+02
1.244875878732462411e+02
1.150193854560045992e+02
1.094827666074422154e+02
1.023280186656842403e+02
9.627548266656467035e+01
9.120867550775953703e+01
8.904398635824479413e+01
8.358210697536596001e+01
8.067650204798026436e+01
7.617063150636710134e+01
7.326597142356789050e+01
7.007577546478630381e+01
6.734682033344515162e+01
6.571038575481159683e+01
6.312958116743043746e+01
6.140271263094818721e+01
5.908735763156008147e+01
5.640945426386677042e+01
5.511061710326251983e+01
5.273929268771087919e+01
5.107269211054189384e+01
4.871205595805058408e+01
4.730775055866908474e+01
4.483103556090240005e+01
4.307535609902710405e+01
4.122844722058006539e+01
3.905302564097495122e+01
3.748120220937741465e+01
3.545378941546244533e+01
3.392923799413433272e+01
3.185650096352155103e+01
3.008812070487804036e+01
2.839408165533850692e+01
2.659776470156014128e+01
2.487728885253502042e+01
2.323122624669463221e+01
2.165051558302349122e+01
2.019137224931702690e+01
1.870121210736296291e+01
1.724258886508908262e+01
1.599354731484862135e+01
1.475218690701894175e+01
1.358977237948563399e+01
1.251497888721389806e+01
1.155149287816356107e+01
1.061135506174102261e+01
9.762308839206470523e+00
9.011045750954430389e+00
8.297083065600814322e+00
7.656055115043772119e+00
7.053120889204140376e+00
6.522094697832097943e+00
6.011941102639439372e+00
5.580836075977831712e+00
5.186384770487506124e+00
4.822197684067872636e+00
4.476027093141850877e+00
4.177970934947637716e+00
3.906988010602769013e+00
3.657864781635694396e+00
3.425365430252643950e+00
3.215476364152259237e+00
3.030636117691384523e+00
2.858796886344688648e+00
2.699948193393064244e+00
2.557329835530493867e+00
2.423141298184055437e+00
2.304596921502188867e+00
2.191641485072880258e+00
2.088348716654214954e+00
1.997343159453216277e+00
1.909958283761666209e+00
1.830853323753400153e+00
1.759091161107050771e+00
1.689239257420902973e+00
1.626042365785618449e+00
1.566563034599635307e+00
1.513410355047523748e+00
1.470839229255518799e+00
1.427664541583745894e+00
1.389943983847796938e+00
1.356971070723717698e+00
1.325053594186261785e+00
1.295141767080433937e+00
1.269397146773590501e+00
1.248109619799395054e+00
1.226710374970804152e+00
1.207208408540267675e+00
1.188416342712689477e+00
1.170222305068056246e+00
1.154316539555269916e+00
1.139938480533309040e+00
1.127777989049060459e+00
1.115016495341201841e+00
1.104964647303403824e+00
1.096786271863297246e+00
1.087686575104714448e+00
1.079778725399445971e+00
1.074603032308100170e+00
1.070371763093795892e+00
1.063688514392661100e+00
1.058660401100596449e+00
1.056463753953892359e+00
1.051924983678328207e+00
1.052411434050393391e+00
1.050486589426246065e+00
1.045500820130182085e+00
1.041249381259729656e+00
1.057994229358238059e+00
9.567203608444978524e-01
7.853533266845857952e-01
1.021864229285709413e+00
7.915331717707536630e-01
8.486959081858206355e-01
8.422418158004706390e-01
1.050945146128856811e+00
1.122825402907331238e+00
1.515010037503562002e+00
1.707520074010725697e+00
6.992077238399867500e-01
8.605989893459795592e-01
1.062133747201762679e+00
1.270480191471632825e+00
1.419780206088439467e+00
1.267533242993431841e+00
1.060281224351467433e+00
7.480976500123081019e-01
4.939653261048685962e-01
7.271187258563981404e-01
7.813958051080486245e-01
8.289580752182857948e-01
1.176993716038693405e+00
1.928826756472977966e+00
1.350755029136788465e+00
1.063779966013500111e+00
1.494670460273507917e+00
1.066229798858252975e+00
1.596705159742481062e+00
1.131654989649577558e+00
6.273142989564250982e-01
7.501701603235760851e-01
