1.314842389290906112e+03
7.845127309902543402e+02
4.999402086634585771e+02
3.714782468846838697e+02
3.002427281330665210e+02
2.561556062756027927e+02
2.261836390332078679e+02
2.017286784288626507e+02
1.845257747760130655e+02
1.696585418983157751e+02
1.581207340857371832e+02
1.489961509979089556e+02
1.388381198854750096e+02
1.307116610989771743e+02
1.239409875670443597e+02
1.173590496613674077e+02
1.121601599687267168e+02
1.072300429228885577e+02
1.023609075249100897e+02
9.873425034107708598e+01
9.408970693002520136e+01
8.996935222799172038e+01
8.778138689279619200e+01
8.334700618993004184e+01
8.100870098278303999e+01
7.869399758529230837e+01
7.617803286989536105e+01
7.276596601930029351e+01
7.042925549393379470e+01
6.818401287215395712e+01
6.580154771902671484e+01
6.380578471793263162e+01
6.181051012564305580e+01
5.944511023940224703e+01
5.744426545432304465e+01
5.506431997063192085e+01
5.341481474120190853e+01
5.170899862077366294e+01
4.993103045273435470e+01
4.813652577858904635e+01
4.691991135389187662e+01
4.520527425515426501e+01
4.318197532892468615e+01
4.165572463516367208e+01
3.996261520342083884e+01
3.867714064424003340e+01
3.697413852650182520e+01
3.520404215562966499e+01
3.389171051879244345e+01
3.236230622839734394e+01
3.084640258493355347e+01
2.918962354613341503e+01
2.762446627627702611e+01
2.613769408111593151e+01
2.468265953000606672e+01
2.331036074998901952e+01
2.189709399740619844e+01
2.054972673338981792e+01
1.920684762925888123e+01
1.786708679593836635e+01
1.666211216091890179e+01
1.547196357603800898e+01
1.443701048211684324e+01
1.339266203246500986e+01
1.243741567435602136e+01
1.152090695182925373e+01
1.060917210989105186e+01
9.835680404092970619e+00
9.109290246679334402e+00
8.433042869574364886e+00
7.810924060376651212e+00
7.226361107240228954e+00
6.719609018255447985e+00
6.235473765107347077e+00
5.789490935172110220e+00
5.381316031547463297e+00
5.010756610197616645e+00
4.681649582968659296e+00
4.372056302838773334e+00
4.091068956048879102e+00
3.830564054777337635e+00
3.595403609826204328e+00
3.378652337847825038e+00
3.179720405280164197e+00
2.995030680564005454e+00
2.822124482375139465e+00
2.674406839624302812e+00
2.543406388032360077e+00
2.430875018722383096e+00
2.322933460970231678e+00
2.225952186100116581e+00
2.133235141404812296e+00
2.046256674757640059e+00
1.968523566762948152e+00
1.899371202264695579e+00
1.834782364479019323e+00
1.772494164613534373e+00
1.716336557942460317e+00
1.662575111210423007e+00
1.614606487050854078e+00
1.572267301384108862e+00
1.533640358731437559e+00
1.494382338110020747e+00
1.457449466112133774e+00
1.424919331482342288e+00
1.393452032776373306e+00
1.364370828260435653e+00
1.339903795257679775e+00
1.317142099094137153e+00
1.293969817731693395e+00
1.274528222650774145e+00
1.261465003593951195e+00
1.249039958687502283e+00
1.242417941070379284e+00
1.239543077974654128e+00
1.241842742902230290e+00
1.251976624759526757e+00
1.269037218633666919e+00
1.242792058095412377e+00
1.116042112455964519e+00
1.290874324245367744e+00
9.607159462826071472e-01
1.075432986734708996e+00
8.817345848727768942e-01
8.846524168404577004e-01
9.343699201562022383e-01
9.606260867690746830e-01
8.575575614116823786e-01
1.193561410800911604e+00
6.790791577528504375e-01
9.487373884225951404e-01
8.155446291217756105e-01
8.711803865738106945e-01
1.190032085216109481e+00
8.884525161137617477e-01
8.719892700103201166e-01
9.413895559724355655e-01
1.049718422213695490e+00
1.018638040476342432e+00
1.107414755465289113e+00
1.343281780755677612e+00
8.925470199934633087e-01
1.205347135035861772e+00
1.206274910271400103e+00
1.219967093741306075e+00
1.164567797607970245e+00
7.611743148918159729e-01
1.071525286518627107e+00
8.719567197055930752e-01
8.947416738649054402e-01
