4.035772444442405771e+01
4.093373494117808065e+01
4.110869544002426323e+01
4.125211336854076905e+01
4.137401451528447183e+01
4.149584280934092106e+01
4.157142342894701414e+01
4.166235454393405035e+01
4.173904884367907187e+01
4.180523413651997799e+01
4.185007059818117625e+01
4.186861143795954376e+01
4.191090203869411823e+01
4.192954197086635304e+01
4.190725034712778552e+01
4.190777541262544759e+01
4.182917512122505599e+01
4.176574830008305383e+01
4.172533610035988971e+01
4.161574609378693168e+01
4.149239051426641112e+01
4.137861072472104951e+01
4.119846295576006412e+01
4.103357074427586326e+01
4.084399452182287149e+01
4.063397517904690659e+01
4.040709595008312505e+01
4.015464646038135044e+01
3.989491202820403259e+01
3.964112943323979010e+01
3.935854296871430336e+01
3.904707486388843307e+01
3.872987681945476623e+01
3.839445130423537478e+01
3.804726158451797602e+01
3.769044797661086932e+01
3.734773918775196222e+01
3.695398696895833979e+01
3.661407385070003073e+01
3.618860117546351063e+01
3.584308766859919615e+01
3.544142198743742966e+01
3.505972765534355062e+01
3.464583222674855989e+01
3.424664943881624879e+01
3.383602609750404611e+01
3.344654710941488673e+01
3.305366746888772411e+01
3.267199983995624990e+01
3.227833470470680055e+01
3.190564964920929825e+01
3.152702809180719967e+01
3.115864810786831995e+01
3.081486476924581908e+01
3.045176794131045384e+01
3.007932213948643962e+01
2.973919132537636401e+01
2.939665350683709732e+01
2.908903982117249853e+01
2.873452498210194861e+01
2.844799478070868304e+01
2.813112416973681462e+01
2.785159494836945981e+01
2.758583213031608494e+01
2.730883231255371513e+01
2.704102864759693503e+01
2.679046030137233458e+01
2.655254818458023180e+01
2.634072752496004810e+01
2.610821626704960252e+01
2.590764273063566492e+01
2.573699384931436285e+01
2.557191784143068247e+01
2.543090432863088424e+01
2.529985157864276957e+01
2.519126373867298696e+01
2.512327072368893965e+01
2.505515253871043768e+01
2.500375339110468786e+01
2.501435631373489699e+01
2.501844579827238135e+01
2.508552836840099332e+01
2.519956401620727249e+01
2.535771956479231548e+01
2.563416256753023248e+01
2.602494519523607863e+01
2.641264895177189231e+01
2.666797887814402301e+01
2.674130026672190752e+01
2.680836307626474735e+01
2.689563973722725976e+01
2.697461614157886345e+01
2.705693327569989037e+01
2.716810712769586189e+01
2.727148735290865744e+01
2.737128960344824691e+01
2.746325152612101306e+01
2.756150216031497635e+01
2.758846605622185422e+01
2.760594193490894455e+01
2.754645895998443805e+01
2.749379162549583100e+01
2.740257248829375314e+01
2.734609973213007805e+01
2.729787971079189290e+01
2.728306127294769112e+01
2.721086896110265485e+01
2.712306882468538660e+01
2.694632305303403186e+01
2.658936021638732683e+01
2.598785415258914355e+01
2.466744641074183875e+01
2.183549172551834161e+01
1.707908380530439985e+01
1.082563584552028679e+01
5.009395686938119319e+00
1.529375379496982212e+00
2.855680897484896841e-01
2.960312160464933715e-02
3.181623181056795601e-03
2.181339308640654721e-03
1.705660113842134406e-03
1.566582485343915188e-03
1.478856832340531748e-03
1.648794786035014505e-03
2.277356028146136375e-03
2.135590398566445183e-03
1.929417596972052198e-03
1.164291488160681389e-03
1.507257312801522442e-03
1.462785237913768414e-03
1.533941800260250682e-03
1.571622476928718473e-03
1.436924693465327927e-03
1.262920651105141432e-03
8.925421023376584962e-04
9.366465350853212836e-04
9.599722337166180161e-04
1.243854996067946840e-03
1.132894576318600223e-03
1.413603649291857731e-03
1.709653672096172984e-03
1.014315306500844461e-03
1.086796762180132925e-03
1.069985830513198871e-03
8.929707412446837803e-04
1.057174034729547497e-03
8.672334732891492145e-04
7.895174880224378874e-04
6.645890942248219987e-04
