4.948275286797917971e+01
5.017026465751015252e+01
5.036887914782592190e+01
5.053937042253976841e+01
5.070373720057823874e+01
5.081741041749641852e+01
5.092630012943538986e+01
5.102187858528875353e+01
5.112580788929167852e+01
5.121336718082128669e+01
5.122179218150843383e+01
5.130079412170047704e+01
5.131805038893688220e+01
5.132687773279953092e+01
5.129536526232516280e+01
5.123381206425239043e+01
5.118558239571961366e+01
5.111849386980094323e+01
5.101253591685275524e+01
5.088393047743133479e+01
5.075008144475872740e+01
5.058477124979225437e+01
5.039792788687694269e+01
5.017276963062695216e+01
4.994508938090172023e+01
4.968567762771476737e+01
4.941193791548955971e+01
4.910516745037585906e+01
4.878474122391189383e+01
4.844265272795576749e+01
4.809074517627805534e+01
4.773106930286200367e+01
4.734326619124851021e+01
4.693785843714046280e+01
4.652185827584997924e+01
4.610594135604329580e+01
4.565703686118092719e+01
4.521845696345565102e+01
4.473367909015323107e+01
4.426834664626905891e+01
4.379694049324213978e+01
4.331473423827411295e+01
4.283732623006915929e+01
4.236634057671969344e+01
4.187793482028349246e+01
4.137621388487803387e+01
4.090359030736077983e+01
4.042157656109305464e+01
3.994857039727559567e+01
3.946874174060220497e+01
3.899795874882373425e+01
3.851555545373844325e+01
3.806031086147292086e+01
3.762371267989599488e+01
3.718538493197645778e+01
3.675736548245802027e+01
3.631168399977645578e+01
3.588473868730637406e+01
3.546280101261524464e+01
3.507205650238778105e+01
3.469425794451750278e+01
3.431236407647761411e+01
3.396624882391297007e+01
3.359522175949796008e+01
3.325283034778473024e+01
3.292951129864104587e+01
3.259961731930753359e+01
3.229441212250712567e+01
3.201572750356059771e+01
3.173673987501431171e+01
3.148771357818261762e+01
3.124001763863632775e+01
3.100671681832314164e+01
3.080938098468951480e+01
3.060967417049315742e+01
3.040504124963200638e+01
3.025463299058957034e+01
3.012319749416534620e+01
3.001881284520734994e+01
2.993705234526905912e+01
2.988116571681166889e+01
2.988027955871843488e+01
2.992314384442572717e+01
3.001247826263268337e+01
3.020617292708766755e+01
3.048373698886392447e+01
3.076704813801618243e+01
3.084509697893466651e+01
3.079600955633725334e+01
3.072300492928240701e+01
3.074337837537322216e+01
3.083753111914265332e+01
3.094530661449725173e+01
3.106899078955374094e+01
3.120186339378672713e+01
3.132087539393204167e+01
3.141775768548265546e+01
3.150573377591807045e+01
3.155310745503355463e+01
3.157377751363906526e+01
3.160138743476218082e+01
3.161039991344279088e+01
3.156509388480057865e+01
3.151774127372285506e+01
3.145300362517495074e+01
3.139731820078869973e+01
3.130975798505343732e+01
3.113243397856334127e+01
3.081794837474878435e+01
3.030055808221132452e+01
2.947321471998965592e+01
2.780565667654107642e+01
2.450742122246612809e+01
1.907765206626992693e+01
1.204804004756226732e+01
5.570126267883536819e+00
1.720142724119817501e+00
3.198009621595604979e-01
3.688051504176809853e-02
4.308766927086848594e-03
2.871463420341377904e-03
2.536333934850438371e-03
2.521887921982107414e-03
2.337277690847403607e-03
2.214341392596312977e-03
1.912006643014756840e-03
1.947169438861273824e-03
1.787944105679321492e-03
2.316228534069612356e-03
1.492303348860362852e-03
1.746918505096298419e-03
1.717718602813841184e-03
1.592651621569834280e-03
1.806710177643677329e-03
1.311550471486744697e-03
1.436804736241183112e-03
1.576529240823526393e-03
1.331621528333048164e-03
1.274735716410055775e-03
1.450813865028206199e-03
1.588842045924249028e-03
1.151750892702529732e-03
1.377573306266904191e-03
1.418367368322627628e-03
1.320525405257258218e-03
1.275481104671416900e-03
1.021853596398052989e-03
1.088188873241599389e-03
1.066184568908593163e-03
7.593543020932140043e-04
