3.763398052192795662e-02
6.395086105764342943e-02
1.007498062267930261e-01
1.360493402948260711e-01
1.688758209594556081e-01
1.983849237436598467e-01
2.251546590509956591e-01
2.529232778535306370e-01
2.770659435049159236e-01
3.018614129756923004e-01
3.239410218885945825e-01
3.443095259717175449e-01
3.696250743763181967e-01
3.926725228740985396e-01
4.138692636653194534e-01
4.365561259407308436e-01
4.563615316703501512e-01
4.767180211478732055e-01
4.983595510272178508e-01
5.153625039097677885e-01
5.393797377060778331e-01
5.622444754476521034e-01
5.741300026214652963e-01
6.019744670407707332e-01
6.165398133160616689e-01
6.313782391581144182e-01
6.486376197174889002e-01
6.748370170383130029e-01
6.926772245677623729e-01
7.104693708595072321e-01
7.308451980738512876e-01
7.480680554885045241e-01
7.659420071928417784e-01
7.895999897739015561e-01
8.098607912889399518e-01
8.373106465426886080e-01
8.547635535645327076e-01
8.744794555988464335e-01
8.959093911049755832e-01
9.196414973919754265e-01
9.334403929901990971e-01
9.581787734278685020e-01
9.920186814931397645e-01
1.017059262509051543e+00
1.047927784683588381e+00
1.069784715097338967e+00
1.106275681799657074e+00
1.148208389888802250e+00
1.178712133019214736e+00
1.219589897643607923e+00
1.264262782068197533e+00
1.319494764736024894e+00
1.377775428521413659e+00
1.439442690052697760e+00
1.506538826854179058e+00
1.576868152178869220e+00
1.658287807691638083e+00
1.746239215385758214e+00
1.846362385808316908e+00
1.962942079083677571e+00
2.082224486874666880e+00
2.217712309613914634e+00
2.352720382518737718e+00
2.508479768851042291e+00
2.673612526784546528e+00
2.858239497664947670e+00
3.072776742769074421e+00
3.283393806601146547e+00
3.514623712339333128e+00
3.763379407155336587e+00
4.031240520940905014e+00
4.323063458223304067e+00
4.614363236623718834e+00
4.940984782438437861e+00
5.287109784477655339e+00
5.650112550793390476e+00
6.037937051066700533e+00
6.434312726811147520e+00
6.866062732475826103e+00
7.317660168256371556e+00
7.800722110245091656e+00
8.310688534954994822e+00
8.856532383999750735e+00
9.438716125101663579e+00
1.008543021716205956e+01
1.080169821680168596e+01
1.150425121644480164e+01
1.212747484006956888e+01
1.266869309164359692e+01
1.322595134363003666e+01
1.381133816231508149e+01
1.445575807401851876e+01
1.512288609549065121e+01
1.578288993544729202e+01
1.642746997352782046e+01
1.707062156269716624e+01
1.772516847316832767e+01
1.835638449237896452e+01
1.897845531445589629e+01
1.955509145222740131e+01
2.009924610588965166e+01
2.061135111206226611e+01
2.112250197276934216e+01
2.162527209797470462e+01
2.207353281708545367e+01
2.253204090436564400e+01
2.294812915706588896e+01
2.323482782028854032e+01
2.339758815388543667e+01
2.341674254452679449e+01
2.312480351254287925e+01
2.204235281781257427e+01
1.962100655948481887e+01
1.535526124955501892e+01
9.719742913048337485e+00
4.485371678273817331e+00
1.373941565762231143e+00
2.520028234505842790e-01
2.967553163985272441e-02
3.860756578087333989e-03
2.224432980352294715e-03
2.640045629162839601e-03
2.344997738668224384e-03
2.650772387684717252e-03
2.503063746216676374e-03
2.046305859990783012e-03
2.026979556020900262e-03
2.084926057600224470e-03
1.940602731547228215e-03
2.197539612021908069e-03
1.841308803061707028e-03
2.106222690306448764e-03
1.828153670715010988e-03
1.518202912416079286e-03
1.476218984919625520e-03
1.647732128887524627e-03
1.674683164712832510e-03
1.268551165868711918e-03
1.251411851666127829e-03
1.310090783844247405e-03
1.182806220322908577e-03
1.290409207473422297e-03
1.142885120995387055e-03
1.175824313550141590e-03
1.082427068756065683e-03
1.095239888387145337e-03
1.342469886865910135e-03
1.015551277167813828e-03
1.222749414980802080e-03
8.486855192662757673e-04
