4.738023586125685721e-02
8.268814321985644422e-02
1.261882754367435189e-01
1.661368688784810588e-01
2.015423589859158815e-01
2.323210884664399511e-01
2.594126773880358061e-01
2.906179647170327174e-01
3.149795047719435859e-01
3.358184928371030220e-01
3.638523230867809488e-01
3.824219348427890242e-01
4.095740598244277941e-01
4.355162997840568706e-01
4.594656167719763373e-01
4.706412765935776843e-01
5.004560980205167153e-01
5.176940898508954891e-01
5.477877139153305430e-01
5.680092037979879160e-01
5.921074756442289422e-01
6.144107549524796541e-01
6.269703408755796792e-01
6.499895926039461758e-01
6.651822496395165540e-01
6.876932191217711710e-01
7.163177959685740337e-01
7.286190678130550769e-01
7.564551967815866806e-01
7.761707439944697251e-01
8.079836129809168099e-01
8.253843060126878628e-01
8.639076999870037854e-01
8.913321857623027755e-01
9.228400327802273040e-01
9.651095493370825951e-01
9.964392011526229664e-01
1.042314166644246365e+00
1.079130449585394391e+00
1.135987948485070342e+00
1.191270402700429498e+00
1.248197508820431123e+00
1.318145643016650048e+00
1.392669130149932544e+00
1.474164517841106692e+00
1.562827728871057476e+00
1.656477167397387484e+00
1.767461236155595250e+00
1.894843059565548327e+00
2.018209848589322508e+00
2.162774228004724630e+00
2.319908473183748931e+00
2.489708403719480767e+00
2.667608861837840628e+00
2.869734144614908722e+00
3.081168874588835038e+00
3.300304109789527374e+00
3.543010630894341872e+00
3.799481506345737447e+00
4.074015663914742902e+00
4.361788060232338005e+00
4.679208210703582616e+00
4.990577499356046332e+00
5.318894249283223630e+00
5.663150725400527108e+00
6.041301378409679401e+00
6.412313708857358741e+00
6.796168330315329520e+00
7.201121172440173801e+00
7.622023634752436827e+00
8.057170943461764878e+00
8.492274509326366072e+00
8.944992896689283768e+00
9.419034184012062383e+00
9.893073324815979674e+00
1.039611835989579447e+01
1.090137302939423236e+01
1.143214011477669168e+01
1.197297807195902664e+01
1.252381504667566325e+01
1.309894881525815791e+01
1.370155000564086301e+01
1.432533149694664054e+01
1.501132504078077012e+01
1.576475687651911173e+01
1.661276604926863953e+01
1.745240401169482425e+01
1.813113109013437807e+01
1.873080089042281671e+01
1.928736941042103226e+01
1.982034865554128444e+01
2.035737743735900906e+01
2.089109776506770544e+01
2.140236977588036638e+01
2.185023408223704067e+01
2.231275626416682556e+01
2.274938720757340604e+01
2.319178992221097246e+01
2.357540608886052880e+01
2.391540014279345172e+01
2.416486453470461981e+01
2.437872692361954208e+01
2.457593461871467611e+01
2.474839335255340345e+01
2.488896917392697006e+01
2.508356901465027278e+01
2.520041219652337006e+01
2.524008215985464787e+01
2.517473272571068676e+01
2.499731815903754040e+01
2.454786645988822258e+01
2.334907025292834248e+01
2.075765103435882608e+01
1.622852361036452962e+01
1.030535368512702910e+01
4.791383794719900280e+00
1.468788752264808650e+00
2.699146004999579129e-01
3.094229287491973013e-02
4.051199724954627698e-03
2.134666471460134295e-03
2.154881405698222396e-03
1.845870199483646504e-03
1.755857765070734620e-03
1.568868548571092803e-03
2.028237001273198569e-03
1.409621286790599306e-03
1.129953097675812481e-03
1.665158219028954395e-03
1.751404930125443271e-03
1.377213784768198303e-03
1.207371677698841541e-03
1.106947730493166660e-03
1.133638665027717971e-03
1.191118565621701510e-03
1.193082350042101898e-03
1.896178710500161192e-03
1.320241385044740442e-03
1.591837309513007915e-03
1.366648821196753865e-03
1.201029053960884314e-03
8.863697407549543618e-04
7.509246936870939138e-04
1.021636801690191691e-03
7.158673827790799395e-04
8.375030806688206573e-04
6.620972120488733065e-04
7.663408735180785199e-04
1.258567657928166741e-03
8.859177948882426389e-04
