1.367963361584535846e+02
1.087632075262663562e+02
8.885835798255924090e+01
7.442351192136572990e+01
6.382131227743524704e+01
5.528007671287881664e+01
4.723182718015727488e+01
3.969967686106343052e+01
3.251244645428679547e+01
2.595809052021652263e+01
2.021540156975050095e+01
1.547128097300937100e+01
1.170276476683981137e+01
8.791655562162850046e+00
6.613423254503387305e+00
5.010080800643933685e+00
3.829988150927238877e+00
3.062154954007547225e+00
2.557236241636208440e+00
2.185868996778600692e+00
1.897993636970035647e+00
1.697629432420431739e+00
1.617268807013214627e+00
1.626835227351426161e+00
1.231943605589638890e+00
1.183325680579966566e+00
1.214042516584838527e+00
1.184497103125363271e+00
8.012547166872387994e-01
8.360211690062804291e-01
9.394846151601420337e-01
1.121213793057411534e+00
5.603123425111277145e-01
1.065441216142597902e+00
1.478183542973917852e+00
9.714246054530021324e-01
9.334745288099842719e-01
9.608092648537293057e-01
1.217816711690873133e+00
1.048325963755478929e+00
1.054686376545513005e+00
1.427241296321678288e+00
1.108776142192746228e+00
9.543721433256787678e-01
8.294359444745647014e-01
1.646584014258198225e+00
1.404565743618192641e+00
9.452180009565005481e-01
8.277077302732843700e-01
1.562405817795104346e+00
8.588740271985600971e-01
8.421430760130994564e-01
1.498716974657837042e+00
5.600437659031293203e-01
1.292998276616652786e+00
7.166090820872341727e-01
1.118357694722558193e+00
6.595630243174104290e-01
6.736124600973466547e-01
1.212970408169277814e+00
1.952491019557514029e+00
2.224180597628667932e+00
9.633885594575879452e-01
9.278467957669415123e-01
1.428515342983988523e+00
9.686958389891485721e-01
7.779608845061853906e-01
2.134369746786464184e+00
7.642681141882055051e-01
6.034978143801899009e-01
1.218798112906581910e+00
1.057505378231884174e+00
9.248555085629077688e-01
9.458142258296605709e-01
1.160838110072497820e+00
5.874121029848301534e-01
2.422705168222601735e+00
1.594821265974697200e+00
4.467429282834609605e-01
6.091374218749650016e-01
4.991704614618053815e-01
9.778290923243786459e-01
6.603154165408786636e-01
2.075769765863662464e+00
2.678872063606427822e+00
3.036554475683551857e+00
3.009335774185490919e-01
6.671326335210969738e-01
3.623580445107994485e-01
6.902184329827859566e-01
9.526802629685796608e-01
7.092639253220598405e-01
7.255727121543156244e-01
3.213844344927469621e+00
7.597808967024906046e-01
6.241479339772872947e-01
7.999011913525534423e-01
1.121233350816210450e+00
7.314970048600383246e-01
3.583290208297942758e+00
