2.785254701880778327e+01
2.851227472581527422e+01
2.908067183387687749e+01
2.962093401236789347e+01
3.009556802671950493e+01
3.049068444943293699e+01
3.079336751769382374e+01
3.101215048818917452e+01
3.114513333044796184e+01
3.119842571870929859e+01
3.121161326656871893e+01
3.120664233988091851e+01
3.125759883194384869e+01
3.142190450533576040e+01
3.184638456680306362e+01
3.282075232494134553e+01
3.526731074912294872e+01
3.721021543563907130e+01
3.632272599242191546e+01
3.473351490486599857e+01
3.365744373601367556e+01
2.948427365082963192e+01
7.335578680386614536e+00
7.341122752856485759e-03
1.047077206364465247e-04
9.121814674169264258e-05
7.925895619674297953e-05
8.017682324778801389e-05
4.195523745135677519e-05
5.188643789427793072e-05
4.332558845487544043e-05
5.050589417008076394e-05
3.151726735705459619e-05
3.203475961128181932e-05
4.005193744487136318e-05
3.242739816009325394e-05
3.908601019065999341e-05
3.356079445467643308e-05
2.613743228656694229e-05
2.624268715669434923e-05
2.665853785250363509e-05
2.400730667182798979e-05
2.220916961080906764e-05
2.632281031261066748e-05
1.881437881608250613e-05
1.715253011020237550e-05
2.145601400568277541e-05
1.280447182995391851e-05
1.111837245839427686e-05
1.557121336052999896e-05
1.185749929403335082e-05
8.530696803215399485e-06
1.434255309347118379e-05
7.054043772041919341e-06
1.382554436781335293e-05
5.859809878715535993e-06
1.201398457732403493e-05
1.207973613955113856e-05
8.602448994617344357e-06
5.845698252062018700e-06
7.214007616821729086e-06
1.484487548270904763e-05
5.477686499200934349e-06
4.299362718209596972e-06
9.360224879735149118e-06
4.501672387837287329e-06
7.003828876366014691e-06
1.041046566639545371e-05
4.886863297069821682e-06
3.723685527911182710e-06
5.940202138705493133e-06
5.359686801089390340e-06
4.372949425850977709e-06
3.221728099887045060e-06
3.869828141081533807e-06
4.237489795186865652e-06
7.634101674013250380e-06
3.349387660439081325e-06
2.068143943941373358e-06
2.338002778208863095e-06
1.664233515136528806e-06
3.700229549291611096e-06
2.946396383136214731e-06
1.864641628928424055e-06
3.468088399501652977e-06
7.389361899577224890e-06
2.125105033217103157e-06
1.321057152311766931e-06
1.700052993344919953e-06
2.234305598093212714e-06
1.409453840582698387e-06
1.945635415407459152e-06
1.667890501150351636e-06
4.718219937617595223e-06
2.064161257133100252e-06
2.012480976154421543e-06
3.722416855597738845e-06
2.289423384041214257e-06
1.573267659414002530e-06
3.986052256507986271e-06
