2.036059429731048587e-01
2.621499988305286966e-01
3.272699664288722388e-01
3.980050557633551533e-01
4.715598434562452423e-01
5.515673324369574360e-01
6.519622330137279098e-01
7.811688391500538620e-01
9.579449326964273315e-01
1.201876759556390617e+00
1.543952177199017228e+00
2.017069071030568317e+00
2.670958483290490015e+00
3.574060003051984680e+00
4.815416062342203318e+00
6.550942715479354028e+00
9.208203618223922859e+00
1.215164353029907574e+01
1.420389927259179430e+01
1.589002586891260016e+01
1.773316995400708862e+01
1.736790909002549199e+01
4.535781960658736622e+00
4.512517696588253836e-03
8.499392355409872088e-05
7.708625633560592643e-05
6.528515691501672906e-05
6.768849247181515179e-05
5.236192259163143718e-05
6.206354553910601441e-05
4.611633629305390722e-05
4.504573033511961053e-05
5.624946117696607802e-05
3.006713005459168433e-05
2.709537501972992125e-05
3.338128144795288600e-05
4.187153369946556154e-05
3.492971569105927004e-05
2.146253375869388238e-05
2.503294591949592327e-05
2.527627022150431157e-05
1.682077637026073834e-05
2.003034586123724262e-05
2.758128524255137285e-05
2.268334154242752831e-05
1.041703913172614793e-05
1.527590581157960489e-05
1.354658059516070083e-05
1.343272758214221561e-05
9.966177278131475953e-06
1.380586549195072555e-05
1.012974760013666078e-05
9.569887667913846800e-06
1.259552235291206954e-05
1.069262397161905884e-05
8.177135938115574841e-06
1.074252417989081756e-05
1.831475642839833364e-05
1.277062035546992160e-05
4.819324702970176921e-06
3.694771215109923334e-06
6.674312103313939374e-06
5.685853797438708921e-06
4.633698944507127706e-06
6.552414663032472360e-06
4.647147439525355007e-06
9.002803374634613362e-06
4.877536182317797080e-06
6.394173989923127104e-06
6.170172350558581478e-06
4.873819606217914475e-06
5.068235974412365576e-06
4.728251478596814827e-06
3.406301165602548526e-06
3.333650151130764591e-06
7.213827862338576781e-06
3.151065087962786648e-06
2.100164909948110130e-06
4.629382611355235256e-06
3.838218921130041869e-06
3.333998390575580122e-06
3.784127081447195482e-06
4.462104487233049142e-06
8.982892320683769983e-07
1.294607699493026262e-06
2.433469235856149956e-06
7.061707940491571422e-06
1.980201665955515966e-06
4.691638612963793888e-06
3.237099288174090106e-06
1.479461573173352945e-06
2.743175489327181483e-06
2.298722751298319240e-06
1.468092238214504084e-06
2.716784886395174746e-06
3.224365357312318841e-06
4.653595838885427413e-06
2.041879491342824433e-06
2.150750651009193316e-06
1.112400063851192778e-06
