9.819113614095695084e+02
6.391539065879481996e+02
4.263889023952095840e+02
3.084234124928821075e+02
2.549851820530304565e+02
2.170780444316048658e+02
1.871764151647748520e+02
1.714027889846952064e+02
1.549071773636763965e+02
1.422490880718569599e+02
1.346484843178121196e+02
1.259263655193259837e+02
1.189688410720849419e+02
1.134870676179955211e+02
1.097537667565596848e+02
1.052833125155904668e+02
1.013924402916724148e+02
9.762674459344479772e+01
9.463302734612415179e+01
9.186119258828894374e+01
8.897584811715870501e+01
8.617110691242667997e+01
8.421941617487524923e+01
8.251537041938000527e+01
8.094256907656192368e+01
7.896012071870870841e+01
7.738770367326040400e+01
7.537210421626308232e+01
7.385158064710107340e+01
7.136291757924129797e+01
7.001878965986651338e+01
6.869342748741600246e+01
6.710430423421263413e+01
6.630581089730404187e+01
6.535074568832749264e+01
6.399144191773093127e+01
6.248091643132897843e+01
6.205400241384090521e+01
6.112525781426126770e+01
6.020677863452758771e+01
5.889199967026225124e+01
5.756625890911111298e+01
5.635207535641129084e+01
5.489811450328326714e+01
5.418137142500949466e+01
5.336879715778518829e+01
5.199231814959007636e+01
5.198881060746695937e+01
5.076145739257515288e+01
4.949912579917445754e+01
4.881409318775443040e+01
4.786619528043291893e+01
4.659665538691797337e+01
4.610204226065841482e+01
4.503158897175608644e+01
4.426714547326204752e+01
4.310445636269686531e+01
4.222575216584588276e+01
4.158223454375387007e+01
4.046136438396599999e+01
3.942085241887166802e+01
3.867219211100483278e+01
3.759118691151188330e+01
3.682096398945581939e+01
3.619950793214001550e+01
3.511926639208013512e+01
3.439919329702082251e+01
3.337847860253013010e+01
3.247311544596195887e+01
3.170100266842913683e+01
3.063912753135551270e+01
2.981543701877365393e+01
2.883502282389627780e+01
2.809790434676238391e+01
2.711067191197617632e+01
2.627418724375457160e+01
2.540119862010417506e+01
2.459687460258400549e+01
2.355811450566562470e+01
2.268978227997441266e+01
2.187511782256456883e+01
2.083740015604257323e+01
2.001838432513299537e+01
1.925591104437020817e+01
1.840173808860262028e+01
1.755963682397736392e+01
1.680585885655508704e+01
1.600582507662909038e+01
1.520243552301331924e+01
1.450671493600258444e+01
1.388310430008118246e+01
1.314820146730973249e+01
1.248217528817850663e+01
1.184106959678073601e+01
1.125721277660155550e+01
1.067569291261005482e+01
1.015476247347811345e+01
9.669561268159922562e+00
9.200379477928631644e+00
8.699050441379458931e+00
8.283194981083381592e+00
7.857539458605867999e+00
7.467104455110622041e+00
7.105549858917900252e+00
6.757684933168628838e+00
6.428957885929016847e+00
6.121672320324771377e+00
5.841706239630235054e+00
5.569857447049004762e+00
5.318713277533716699e+00
5.063760457600786857e+00
4.841369834528616245e+00
4.631229044512952697e+00
4.426788419818174170e+00
4.238264070709004905e+00
4.054613569707345100e+00
3.889384085608992514e+00
3.724719354231081248e+00
3.577274363578459404e+00
3.436766944190364104e+00
3.296558096445917130e+00
3.182482833314771220e+00
3.063282941015808891e+00
2.952778411491029598e+00
2.849582576724710048e+00
2.747634590197979065e+00
2.655319735807244452e+00
2.566326516769364741e+00
2.482041085731740537e+00
2.401986953879074349e+00
2.329499564458446859e+00
2.259527775296370056e+00
2.197115876265192114e+00
2.133810035926972493e+00
2.073956463384758475e+00
2.020515120643764817e+00
1.965230935554434177e+00
1.916539350492704186e+00
1.867827153946157281e+00
1.820857809934094185e+00
1.776124158808042974e+00
1.736571794912725952e+00
1.694351298360234237e+00
1.656427029340763468e+00
1.621440084679087734e+00
1.586534023353745493e+00
1.555293957335274424e+00
1.524209154690912005e+00
1.493732937246625037e+00
1.465482234571739317e+00
1.441353789763190951e+00
1.415038849679266963e+00
1.391561976614028806e+00
1.367049022437614614e+00
1.345578962237583998e+00
1.323272242561625900e+00
1.305147903030254408e+00
1.287012908693360602e+00
1.269720562321188018e+00
1.254386741331291466e+00
1.239706482909642915e+00
1.227639145726642456e+00
1.215187107370152120e+00
1.203234913902424763e+00
1.193631045487163034e+00
1.182652241010626826e+00
1.174757838725807746e+00
1.164226319826896061e+00
1.155922429659915318e+00
1.146854394429431601e+00
1.139489862150992572e+00
1.133674377362276608e+00
1.125239841031972610e+00
1.117932471853854137e+00
1.111920787003465527e+00
1.107111512012446841e+00
1.100701161387291016e+00
1.096047537364495783e+00
1.090542996417590782e+00
1.086952297858960081e+00
1.082423162437947894e+00
1.078507478950293974e+00
1.074052801869634033e+00
1.069847994579747663e+00
1.066382662695681605e+00
1.061865735979558689e+00
1.059007601595790327e+00
1.054753284527329527e+00
1.054740876041297959e+00
1.052030423928760117e+00
1.050364162730416995e+00
1.049207618909018480e+00
1.047687123885543858e+00
1.043930447953445695e+00
1.041018053647469355e+00
1.038290692243130531e+00
1.039612561690798964e+00
1.037634494574054322e+00
1.040173888023416815e+00
1.036032012143653480e+00
1.036541170560558500e+00
1.034611280705131087e+00
1.035820012424300662e+00
1.033861441879142085e+00
1.031575908172693179e+00
1.032479852718804603e+00
1.031078043950449885e+00
1.033101144027814389e+00
1.033360543408126775e+00
1.025736965538424528e+00
1.027171633614467838e+00
1.016647301151391014e+00
1.079573015151905624e+00
1.006354729542091153e+00
8.404464098503564573e-01
8.657670801447677755e-01
1.350499667152954775e+00
9.814608200910507341e-01
8.964304291048521556e-01
1.041910558255046304e+00
1.132379101425117440e+00
1.175223660619358235e+00
1.112081004068338874e+00
1.324661576870440838e+00
1.083501328000469721e+00
1.139263693682691203e+00
1.035518125312896442e+00
8.160876176627526180e-01
8.786803996772052372e-01
8.939477628431267142e-01
1.270990275796609392e+00
1.156440076570301789e+00
1.265296377201644562e+00
1.116022179450999907e+00
1.139515738229515351e+00
9.830284463373595294e-01
1.398529748703915443e+00
9.483440361384197770e-01
6.385540713343893504e-01
9.197934456712197893e-01
8.334089905139793197e-01
7.079065629989069741e-01
1.275945466839657483e+00
1.420254079544812198e+00
1.096875628276905434e+00
6.391551202107824681e-01
1.144857108764435250e+00
1.013312399189788993e+00
9.049669490712362041e-01
1.008148958617067770e+00
