6.814397724423428144e+02
4.190852121939416861e+02
2.830034679841740513e+02
2.179167742595907669e+02
1.795990906008769059e+02
1.549048335553299864e+02
1.391645197259117595e+02
1.278472755808076187e+02
1.164288619823376507e+02
1.086324668109102731e+02
1.027150702915005667e+02
9.794810051105912407e+01
9.366580362655989234e+01
8.825138250906992710e+01
8.672931647268413258e+01
8.322531981001669976e+01
8.001007951262762674e+01
7.779110453661979818e+01
7.506352615357309332e+01
7.334749323842528668e+01
7.108767127653204909e+01
6.922420244037927262e+01
6.755319953002972966e+01
6.582253814644028012e+01
6.397464308090916063e+01
6.277194209135560499e+01
6.103437058856874131e+01
6.002059311581274414e+01
5.921837339535628075e+01
5.816050524541981304e+01
5.633557415803070967e+01
5.602222764602444727e+01
5.436372627871852359e+01
5.366153348070620410e+01
5.263700800305027627e+01
5.141165148901551163e+01
5.057725092950517620e+01
4.964225816820770376e+01
4.868775989842698948e+01
4.772131964186851150e+01
4.670935612067309251e+01
4.583277196010678267e+01
4.460021018718672536e+01
4.377478711944734613e+01
4.264915810595459078e+01
4.166728949366937940e+01
4.067871212473861675e+01
3.970136224519321644e+01
3.869903701454450839e+01
3.784845952641231293e+01
3.688549235651102265e+01
3.581336402309040778e+01
3.497184956349853735e+01
3.383737017792945068e+01
3.295980463288784534e+01
3.192557340818869349e+01
3.115885336902880454e+01
2.978545509878946973e+01
2.883950107359859061e+01
2.774376442055915959e+01
2.666135081505952442e+01
2.572250512473410566e+01
2.474137134553733830e+01
2.359451572158392807e+01
2.274626310258624784e+01
2.171112430130175142e+01
2.072409670902993994e+01
1.979489889921791956e+01
1.888631503101483489e+01
1.794218557714791373e+01
1.699972529733505411e+01
1.619532115765267122e+01
1.536044337005752958e+01
1.457356878970019842e+01
1.385729042987468418e+01
1.314945278352701941e+01
1.245138772255544168e+01
1.176779869215524421e+01
1.113342026452934519e+01
1.054263484763785463e+01
9.963959150203496762e+00
9.446940353043382643e+00
8.905971346507545405e+00
8.468637947645072828e+00
7.994055402628153395e+00
7.565835116859780385e+00
7.160432298777243965e+00
6.808586635159720402e+00
6.458300749833155052e+00
6.126536002587804397e+00
5.816631393129338079e+00
5.520345355698252021e+00
5.250408457653342964e+00
4.995821314861794704e+00
4.759567838947844187e+00
4.536723575846261625e+00
4.331298916161287593e+00
4.130499878974442041e+00
3.947711956734655470e+00
3.766016420035740442e+00
3.601309609730513728e+00
3.452636447596927116e+00
3.311801533056222713e+00
3.182684969300826339e+00
3.057645273798921703e+00
2.937647608103452601e+00
2.829454943082827079e+00
2.724323115155647734e+00
2.627185845065982850e+00
2.535153725850343598e+00
2.450298927728848053e+00
2.367068909214284034e+00
2.291333785646239907e+00
2.219909175394167100e+00
2.149816825107963236e+00
2.085603432750829267e+00
2.023198495153350596e+00
1.965889003166772397e+00
1.914121845976539227e+00
1.860106925973117775e+00
1.811383607862307343e+00
1.767276576323099979e+00
1.723001580948837264e+00
1.681469737289273514e+00
1.641162151135692415e+00
1.601411668195145799e+00
1.567802808094306943e+00
1.537423752009690725e+00
1.506426795369350646e+00
1.477653880783577733e+00
1.446001743315618704e+00
1.419818205037687076e+00
1.395339655068431384e+00
1.370218772909056026e+00
1.349926119661640112e+00
1.326816177756942938e+00
1.306856007224391991e+00
1.287971098584418161e+00
1.269151328705918180e+00
1.251881394330889963e+00
1.237634033723396643e+00
1.221639142891057350e+00
1.206317565810032022e+00
1.194258780129220376e+00
1.182172070604778469e+00
1.168745835844805070e+00
1.157191752100899196e+00
1.146059488156169426e+00
1.136168380631538355e+00
1.128053602485575624e+00
1.119243643039764313e+00
1.112007730377077452e+00
1.102976274474593010e+00
1.096056517414144560e+00
1.090349021554413600e+00
1.083725709178498642e+00
1.077521392553796309e+00
1.073107452965971209e+00
1.068538105010526928e+00
1.063580583130705914e+00
1.060670890468526029e+00
1.058415209930826606e+00
1.056504436439600125e+00
1.053274554986322276e+00
1.050083494350810387e+00
1.047099346209513948e+00
1.045961795448171916e+00
1.043045733680311393e+00
1.041692628943978294e+00
1.041646743075967940e+00
1.040671269091471229e+00
1.039033052065709173e+00
1.039166296874042050e+00
1.037771429920545607e+00
1.036445120322682101e+00
1.034206999131867866e+00
1.034021051974589156e+00
1.034522295615029508e+00
1.033285145209269285e+00
1.032732999951728958e+00
1.032257085697548149e+00
1.031658516142650805e+00
1.032006223722494509e+00
1.030954367283444251e+00
1.032408095343545718e+00
1.033745710475482360e+00
1.034302263977369574e+00
1.035066360405005215e+00
1.035063023934883919e+00
1.035710636852696709e+00
1.036246367840119031e+00
1.035843466509696054e+00
1.037079948488018655e+00
1.036994759324293192e+00
1.036524844215699792e+00
1.035563605979154644e+00
1.035572988423428820e+00
1.037745988560221599e+00
1.038026859511636202e+00
1.037658395237135656e+00
1.038745229530209313e+00
1.040202761682588628e+00
1.043141893730878733e+00
1.045026787323940720e+00
1.046376446612326649e+00
1.044010619240152149e+00
1.046739292993276171e+00
1.047366492738399213e+00
1.039217579392191615e+00
1.031951052938699487e+00
1.040386689720839586e+00
1.054160201945382180e+00
9.639095869731310051e-01
9.387949461118004768e-01
1.038975620454485549e+00
9.964884357519558922e-01
9.329340750838145402e-01
1.093827485601606808e+00
1.021558836360141997e+00
1.157151764422942986e+00
1.028873689607523678e+00
1.059547367203343970e+00
1.092703290146141537e+00
1.267448012739938790e+00
1.123471065795401680e+00
1.207610769418054231e+00
1.062659027118135535e+00
9.427569982993787567e-01
1.098811814102095719e+00
8.284857748680344303e-01
9.767038474691623895e-01
8.873937925494348455e-01
8.642628175950431979e-01
1.380066867290273391e+00
9.422154462690794929e-01
9.183392648228320132e-01
8.123437103358237543e-01
9.248582205964389624e-01
1.220834134153417905e+00
9.207057933853293186e-01
7.866908961145079315e-01
1.402622141962307278e+00
9.941933542470895446e-01
1.150055287041264362e+00
8.400427239247663103e-01
6.120791489730604829e-01
7.359459038964517585e-01
8.679130067068828724e-01
1.012459056857628603e+00
1.245835551590428469e+00
