5.802880351358345479e+01
5.909942304066264995e+01
5.921309409696823423e+01
5.935256797851254618e+01
5.946926606763791767e+01
5.955590807343715909e+01
5.964706242648637158e+01
5.968898628465523615e+01
5.975700743285117511e+01
5.980730423530207673e+01
5.983079665691134608e+01
5.985665840238088009e+01
5.987850233157533353e+01
5.987804494928645482e+01
5.988989588089370386e+01
5.984714112159512212e+01
5.982518542614250379e+01
5.980067667703110601e+01
5.973195097631301564e+01
5.964858136696003754e+01
5.961174307804026284e+01
5.951670374922429119e+01
5.941921586564374280e+01
5.931454246501994021e+01
5.919929418087181716e+01
5.907649170234811464e+01
5.893090392616534245e+01
5.875308042939981590e+01
5.855260957317188542e+01
5.838707809275561544e+01
5.819498876895658412e+01
5.798147569770624443e+01
5.773845774116249174e+01
5.752333792473834251e+01
5.724997825580450694e+01
5.700426773840029426e+01
5.672685598838611298e+01
5.644233179614909091e+01
5.614731369059963129e+01
5.584911164143207429e+01
5.549085579984856054e+01
5.518865897379576069e+01
5.483684733055633131e+01
5.451818212408168307e+01
5.415164639913940192e+01
5.376677095870652323e+01
5.340031682763880383e+01
5.302626640054863572e+01
5.261901581977946307e+01
5.220878281012733879e+01
5.182539981967155285e+01
5.140973995450990941e+01
5.097846648094882482e+01
5.056729256512683435e+01
5.014258968364516278e+01
4.969897204552015779e+01
4.925300867963598961e+01
4.882087269035235977e+01
4.837541487726730338e+01
4.794198873079842826e+01
4.751925930908839746e+01
4.705821485304064566e+01
4.660623156423175573e+01
4.618171330909321171e+01
4.572985988108541733e+01
4.526047377630865043e+01
4.484992129050511522e+01
4.438858543266530887e+01
4.395981345042624611e+01
4.353185286737036819e+01
4.309878930371669981e+01
4.267737723395215710e+01
4.222807908020010359e+01
4.180811772895226852e+01
4.138985976606906547e+01
4.096846052384614012e+01
4.057024673794482084e+01
4.013966786505816486e+01
3.973533041735572624e+01
3.934362061333677474e+01
3.892675804693720920e+01
3.852842392838270769e+01
3.813425029256098497e+01
3.776526563806982750e+01
3.739304816883774407e+01
3.701914657397777830e+01
3.667330353162517298e+01
3.628215639392290370e+01
3.592780477636645742e+01
3.558092193314348606e+01
3.523644375365389436e+01
3.489085969590977498e+01
3.454851473598062483e+01
3.421704697569840192e+01
3.391273254649532021e+01
3.358875484843732551e+01
3.327030242600924481e+01
3.297894165160584379e+01
3.268293293031238278e+01
3.238114844756606203e+01
3.208509024497111994e+01
3.177721350811094680e+01
3.149958881939360467e+01
3.124162278789212266e+01
3.097094902567722130e+01
3.069713419441195867e+01
3.044099791288220302e+01
3.019308939263921232e+01
2.993767074383713833e+01
2.969732124701983977e+01
2.944999386972208910e+01
2.923249349739850800e+01
2.899689812822829182e+01
2.876954703793252577e+01
2.854906546893670338e+01
2.830742528485132681e+01
2.813077579430583341e+01
2.791664111554004890e+01
2.771309295167857201e+01
2.751099165852663830e+01
2.732187978630959080e+01
2.716639172981548001e+01
2.698496866787915138e+01
2.681231424179994960e+01
2.664918503724052812e+01
2.647315712837550095e+01
2.633575371233134277e+01
2.617904899553215614e+01
2.604047600262857998e+01
2.590864991843740128e+01
2.581255821544583995e+01
2.567149434281344256e+01
2.556898669436149873e+01
2.547519125986070421e+01
2.538144841448020017e+01
2.529626914763221279e+01
2.519302846664999507e+01
2.514179236018847874e+01
2.507313984032155219e+01
2.500983416967384798e+01
2.496789243960646942e+01
2.493847819950426015e+01
2.490126656707307973e+01
2.489239218295614364e+01
2.487908033763504889e+01
2.488752320063407808e+01
2.491824842562692410e+01
2.494204446724915059e+01
2.497283218478547795e+01
2.504904701257095212e+01
2.516068974134168101e+01
2.528687902185186687e+01
2.546446816486120213e+01
2.568449793728538566e+01
2.594685718994043455e+01
2.621623850347318196e+01
2.646959882690357446e+01
2.664970553790082519e+01
2.674803264591799845e+01
2.681002141709199194e+01
2.684007530762716698e+01
2.689564748576410125e+01
2.691357180536621740e+01
2.691903265550723034e+01
2.692651919631559565e+01
2.689549011536024636e+01
2.690968364427844861e+01
2.687131913413746886e+01
2.683527845145022184e+01
2.676385919527279356e+01
2.669669235638496829e+01
2.665106467695916592e+01
2.654764524082989041e+01
2.644184316385077693e+01
2.633449232466067969e+01
2.623450076554498978e+01
2.612274618049674757e+01
2.607541403993236884e+01
2.600817411098793031e+01
2.601380187175548286e+01
2.604047991579276200e+01
2.608460008654235551e+01
2.614668758910379154e+01
2.624414925502308904e+01
2.634035051803843785e+01
2.642556395384791301e+01
2.649629513008488857e+01
2.655670937399645837e+01
2.667367839138042740e+01
2.672966622383681923e+01
2.680603225585512561e+01
2.686379746627278209e+01
2.690044014300193354e+01
2.688112030594875890e+01
2.684991233826644574e+01
2.679828589909836722e+01
2.679043398419099375e+01
2.668802695325835472e+01
2.653269712312880912e+01
2.615543349231615622e+01
2.549916095522349480e+01
2.436391088965451601e+01
2.267606806425657950e+01
2.016801263738522820e+01
1.698221636359319220e+01
1.330471497831029026e+01
9.455797214888603364e+00
6.003562446342125547e+00
3.321170242017419838e+00
1.570924362894720039e+00
6.300365652151144191e-01
2.121038556801697061e-01
6.272042256479679057e-02
1.735381711315995418e-02
6.387171863233191173e-03
4.815680011786319450e-03
5.352243503124180790e-03
4.717077522228026523e-03
4.360577804379397321e-03
4.875101021756273606e-03
4.798491296522947903e-03
4.311093556952806140e-03
3.941208617631537792e-03
4.557476159962134225e-03
4.214982897292502383e-03
4.198527463490977878e-03
3.941571976728078242e-03
3.030226812181578949e-03
3.308682894781836588e-03
3.342110162599310885e-03
3.729752810949115392e-03
3.593175462076368589e-03
3.662730328569783252e-03
3.466816180774127606e-03
2.983930588594670055e-03
3.059389508456514337e-03
3.550140485540873372e-03
2.825846576851673113e-03
2.762058217579514263e-03
2.375990583925865259e-03
2.806263258802692197e-03
2.216104901584912620e-03
3.069684917010739519e-03
3.104182521809263802e-03
2.342167254846777395e-03
1.641199824923394220e-03
2.538705897837080765e-03
2.736165985912724762e-03
2.512507275096318750e-03
2.082806357140229696e-03
