4.897818070712608574e+01
4.984398946050833956e+01
4.999590659115371238e+01
5.011173332125112267e+01
5.019294951834964991e+01
5.026313623073394865e+01
5.032909638702883370e+01
5.040226037448258012e+01
5.045736759161199103e+01
5.048495723220585774e+01
5.050569084392031982e+01
5.054902311729512121e+01
5.056721277686003901e+01
5.055095821254318622e+01
5.054830297716439702e+01
5.056720816039150179e+01
5.052948595975819046e+01
5.049462200234756182e+01
5.045549901873257426e+01
5.042038328357805455e+01
5.035179414602438186e+01
5.027559696351867302e+01
5.020622225467741373e+01
5.010941149350764334e+01
5.000949646278704819e+01
4.988225611042884822e+01
4.975576195589096784e+01
4.963440924224459394e+01
4.947120430817717818e+01
4.932625507925686037e+01
4.916829669198543940e+01
4.897163731293625943e+01
4.879284871910491006e+01
4.858909958353429914e+01
4.837977253150872770e+01
4.817892246813382684e+01
4.794671386645168099e+01
4.767292423656631684e+01
4.744048446807851604e+01
4.718384955668427949e+01
4.690378753801122258e+01
4.660753517353386144e+01
4.635601187272527568e+01
4.604802865084571550e+01
4.573523852806810908e+01
4.543232286390003338e+01
4.509868408587497157e+01
4.476583690639299817e+01
4.445445136388653395e+01
4.410588031770258510e+01
4.377927322653393105e+01
4.342655964013336245e+01
4.309767401007320586e+01
4.271333875145016634e+01
4.234274444194392828e+01
4.198808810495187060e+01
4.164196567840978958e+01
4.125577141181629770e+01
4.089562128353826154e+01
4.052921539509799231e+01
4.016005736015760874e+01
3.977618099341877667e+01
3.938690862164437334e+01
3.903129563484296227e+01
3.865248710693097678e+01
3.828413024896077843e+01
3.791743861732710741e+01
3.754858953448965764e+01
3.718963487280444724e+01
3.681746368272674630e+01
3.644912510446701503e+01
3.607445239240895063e+01
3.573168341807183879e+01
3.538351492252819952e+01
3.503108219160253611e+01
3.468609068601423218e+01
3.432864631770664232e+01
3.398241060400389557e+01
3.364639356026201966e+01
3.331369742935228118e+01
3.297751382690152155e+01
3.264703219902496301e+01
3.233531180773961466e+01
3.200560248625767201e+01
3.167977989021744278e+01
3.138627888111498621e+01
3.106895014395065857e+01
3.076827389133083557e+01
3.046384853064853004e+01
3.017407609489178455e+01
2.988670560601745052e+01
2.960022203018596798e+01
2.931984316053369355e+01
2.902615242658204409e+01
2.877057679667255741e+01
2.849401993585274795e+01
2.824114322034088431e+01
2.798035078817594012e+01
2.773937523824140428e+01
2.747821561664263612e+01
2.724029168462714168e+01
2.698392355383954211e+01
2.674962089213595462e+01
2.654420718558731451e+01
2.631163667333694178e+01
2.608871064230106285e+01
2.588187861786667909e+01
2.567324970871878165e+01
2.547551535356991081e+01
2.527624806394285528e+01
2.511615284252939517e+01
2.492314905723556251e+01
2.475133437675345860e+01
2.458074526859220299e+01
2.441161529060814317e+01
2.425328125196118023e+01
2.408848861459764734e+01
2.394370840022811464e+01
2.380693095248335922e+01
2.366812258638199040e+01
2.353959764186904380e+01
2.343408871764021484e+01
2.330402702806745197e+01
2.320767682612526528e+01
2.307515081789206590e+01
2.297249395806065309e+01
2.288759548378575914e+01
2.282484480501847557e+01
2.274835908019901609e+01
2.270192812086896339e+01
2.262027004108596984e+01
2.256225788197643212e+01
2.252350619904121842e+01
2.247861327917402718e+01
2.247520723233984796e+01
2.243636310765127817e+01
2.243291983388319721e+01
2.245021509392551096e+01
2.243986352275346263e+01
2.245224532498519565e+01
2.249476101181486953e+01
2.253553730422263257e+01
2.257403274285242034e+01
2.265194786512334346e+01
2.273481279590788162e+01
2.282951269616413725e+01
2.292852504830955596e+01
2.305225402562971837e+01
2.318481769958749084e+01
2.336140444242813530e+01
2.354780598942484104e+01
2.377577036940563104e+01
2.403676517039309601e+01
2.434007637564940651e+01
2.470112411896389304e+01
2.507494171439991959e+01
2.542674690605990406e+01
2.574081320647353266e+01
2.597253175557035121e+01
2.614189526581818157e+01
2.626991500488573195e+01
2.638657085269205993e+01
2.644900006479638677e+01
2.649517639687408987e+01
2.649160160071071957e+01
2.646966916017805715e+01
2.643974874355727778e+01
2.637385974601475525e+01
2.631991690398355033e+01
2.628473904919036030e+01
2.623494621054499376e+01
2.618012278266765946e+01
2.614362590894873506e+01
2.609204266766984759e+01
2.603945940053235475e+01
2.598532412503398348e+01
2.595994422124909917e+01
2.593321843342839728e+01
2.590853492093254218e+01
2.589488721727004616e+01
2.589973218148901424e+01
2.592899092172093489e+01
2.596071748797057310e+01
2.598344960409745497e+01
2.604203079343093208e+01
2.610640755550996772e+01
2.612586763254921962e+01
2.617918359181823718e+01
2.620335754231133052e+01
2.625304113338620127e+01
2.631853158333944265e+01
2.633950417308068381e+01
2.638397649521736099e+01
2.637509653432116252e+01
2.634250979050520769e+01
2.627706341174759785e+01
2.617870053080279646e+01
2.609148071904113664e+01
2.588285342788083554e+01
2.545693219995418488e+01
2.475554243439340496e+01
2.366121673034868422e+01
2.199527670504003041e+01
1.959500703107821806e+01
1.652048065928532949e+01
1.292848939181578949e+01
9.208956338566316902e+00
5.833539581713472977e+00
3.223589493433114850e+00
1.524017840122804612e+00
6.148680999611896292e-01
2.099413776510913598e-01
5.734618971024248862e-02
1.442699938948385947e-02
5.906822004082819960e-03
4.471627865894363743e-03
4.296083386186890646e-03
3.838241098594665900e-03
3.750907534517950673e-03
3.931053476598779864e-03
3.578761468703931751e-03
3.685389429076366304e-03
3.409512296864435337e-03
3.592744804869256892e-03
3.748820968448098121e-03
3.854077615002137348e-03
3.478460784434982741e-03
2.889305808901805345e-03
3.223879943073858830e-03
2.581897442064085522e-03
2.965812108160400737e-03
2.825823571768809692e-03
2.531435452217900128e-03
3.038269643876257125e-03
2.616473802312519609e-03
2.367676337181363107e-03
2.269358414646352375e-03
2.292493304785358458e-03
2.933723324196526889e-03
2.323602008162259629e-03
1.729575367826120596e-03
2.593181449012932696e-03
2.242580084300886244e-03
2.272850111478329476e-03
2.092902341550840779e-03
1.862670389650869377e-03
1.781633143220507634e-03
1.907146980301360891e-03
2.090531790696040833e-03
2.037944989357552781e-03
