5.909780230089302366e-02
9.246508928680155504e-02
1.388710957633814136e-01
1.924385943945883248e-01
2.332263607979769560e-01
2.743525179129828184e-01
3.186676183213465463e-01
3.482381275020264844e-01
3.857600948506041960e-01
4.204406864463727800e-01
4.443480887292584613e-01
4.753306279866756912e-01
5.033124790657923509e-01
5.276199853082789160e-01
5.456750838787429725e-01
5.684390022657475061e-01
5.900359558764469714e-01
6.125440003767824715e-01
6.311956052915962401e-01
6.493338447531152857e-01
6.699766772613019450e-01
6.906805062828017538e-01
7.055287078013487978e-01
7.188302271874550398e-01
7.313740452798874747e-01
7.481813751628498821e-01
7.615021654470877088e-01
7.795069680000075163e-01
7.928416570115791595e-01
8.181711184653104318e-01
8.311338863704020863e-01
8.440614745614186676e-01
8.604285283942331164e-01
8.675459533076490537e-01
8.760416985728459727e-01
8.908108026646198718e-01
9.079069134770616500e-01
9.095679505043472446e-01
9.185615848232836500e-01
9.276216550374202230e-01
9.422477774662639805e-01
9.586980293600588787e-01
9.731114068777136916e-01
9.930793182491018944e-01
9.994513792270609542e-01
1.007457050226272077e+00
1.027080898258809993e+00
1.019955366952224107e+00
1.036593875011083021e+00
1.054741512445015239e+00
1.061689287565676709e+00
1.074030213876755457e+00
1.094037030289969126e+00
1.096855802595948948e+00
1.113498120510353573e+00
1.122705598343561650e+00
1.142643077671666285e+00
1.156187165088344404e+00
1.163367370898874542e+00
1.184883146199509962e+00
1.205434595989097302e+00
1.216848910916777937e+00
1.239818036976084725e+00
1.254223363688087511e+00
1.263272969533483892e+00
1.288764784292746324e+00
1.303807356854190802e+00
1.329856461142018498e+00
1.353729472725804017e+00
1.373201135708036036e+00
1.406658504215245742e+00
1.431385265528049011e+00
1.464471845162011565e+00
1.487944339655695947e+00
1.526699887795294641e+00
1.559266520549914548e+00
1.597178438100746334e+00
1.631901146531898217e+00
1.686694001245284236e+00
1.733979644575996293e+00
1.779499354594724636e+00
1.849003409247768737e+00
1.904961443101259810e+00
1.961229751791522924e+00
2.032038929626851953e+00
2.108195456720882266e+00
2.182173719572852111e+00
2.266809503428867778e+00
2.363292692278105456e+00
2.452720832394603256e+00
2.538081036634425303e+00
2.653660257842765713e+00
2.767828037850140088e+00
2.889692244102769703e+00
3.012533672365500959e+00
3.146283348855278827e+00
3.276325026105097127e+00
3.410593380301482735e+00
3.552346184058769119e+00
3.722377363572477282e+00
3.873516235974760136e+00
4.044168492632558731e+00
4.218447593542730800e+00
4.396791720303246720e+00
4.583070878854242913e+00
4.774822722295072097e+00
4.972660462699713513e+00
5.168539490707146022e+00
5.374943798552433094e+00
5.583553708838101315e+00
5.815834717362503348e+00
6.038062469202944094e+00
6.261166927725937192e+00
6.498965911525133698e+00
6.736028004069322783e+00
6.981534688370932606e+00
7.232707075238923977e+00
7.494964978724704352e+00
7.746985591554206962e+00
8.004904640110153125e+00
8.288001905916912548e+00
8.536225693170463202e+00
8.809166240102758394e+00
9.080367879098943718e+00
9.351960969620648711e+00
9.634890033346099614e+00
9.918110183565145732e+00
1.020098137336312405e+01
1.049155719150856925e+01
1.078634081529726174e+01
1.108073107600972840e+01
1.136144225509520567e+01
1.163752306857179164e+01
1.193882812009258210e+01
1.223817802474837002e+01
1.251971286390198479e+01
1.281937303696193808e+01
1.311832827941937474e+01
1.342369382913699560e+01
1.373519339798370886e+01
1.405751524508423067e+01
1.436075276159692571e+01
1.469663734502527497e+01
1.502776261316080664e+01
1.534381724783809453e+01
1.568672517216163698e+01
1.602156833960829374e+01
1.636392511519000692e+01
1.671840498530983510e+01
1.709269919596881593e+01
1.745628999627876965e+01
1.787009524691382012e+01
1.829919801834608961e+01
1.878827863209089699e+01
1.928304314953988552e+01
1.981167416670290393e+01
2.028091894064054657e+01
2.070663422090841976e+01
2.106607819047970054e+01
2.137301083766102394e+01
2.165034681808906214e+01
2.190843097451450561e+01
2.214767721129895861e+01
2.237221704962112412e+01
2.255849435059384689e+01
2.274167264281924616e+01
2.290657934529369655e+01
2.308083804370000180e+01
2.321546650785680299e+01
2.333675427785059497e+01
2.342863525436737859e+01
2.350857107573364502e+01
2.359287706741941193e+01
2.365245113598193072e+01
2.368378452176432347e+01
2.369634899546600337e+01
2.373282331016387303e+01
2.379040429453641892e+01
2.384882961646097144e+01
2.393279072411599273e+01
2.405757823690841946e+01
2.418583143431732907e+01
2.434394989109428664e+01
2.453072715748949051e+01
2.470065525207746404e+01
2.488597480685318430e+01
2.501992912058263485e+01
2.517812436668297593e+01
2.528931891925276076e+01
2.540769317679624706e+01
2.552070339697516133e+01
2.560389095745049204e+01
2.567602438716304292e+01
2.574991500501528208e+01
2.579197569551364211e+01
2.581000301678825792e+01
2.576963281457442534e+01
2.572006529545233278e+01
2.550794384345427090e+01
2.524577733674267321e+01
2.460023941107290213e+01
2.354885486368318936e+01
2.189189993653823407e+01
1.950746185168481972e+01
1.646240109821394526e+01
1.288617394642161784e+01
9.170787090625912796e+00
5.811204915460330689e+00
3.213951087259309336e+00
1.531507994420498120e+00
6.133702923610802049e-01
2.086307172998483894e-01
5.809743452690086657e-02
1.724423466569908678e-02
7.599737221044757657e-03
5.562327469163038003e-03
3.963157957978228133e-03
4.806180160905883410e-03
4.864379502081088782e-03
4.679001458552176605e-03
4.237530779651416113e-03
3.668317530878167747e-03
3.543994190363263744e-03
3.440483395562307124e-03
3.890150190282623630e-03
3.685299098682904249e-03
3.806376615124023970e-03
3.713114556081669425e-03
3.765513485901500305e-03
3.738596707228179078e-03
2.934525056544154235e-03
3.107100432503848934e-03
2.894760780608850257e-03
3.106404374937730712e-03
2.618595328249570791e-03
3.112208522403817675e-03
2.538480492696675635e-03
2.979769439325302433e-03
4.325488383164840731e-03
2.583178424577688755e-03
3.367210206206217721e-03
3.130504811534476871e-03
2.405812001208742969e-03
2.185652952184545788e-03
2.135307955128983200e-03
2.567764495702004775e-03
2.217487124290060639e-03
2.700219584898469732e-03
2.776352526105947162e-03
2.065970846210392429e-03
