7.187455544542664665e-02
1.189352141526813095e-01
1.766618160097937762e-01
2.299581273241320944e-01
2.794721807912349254e-01
3.244775200173505847e-01
3.616517808285714120e-01
3.942380480577792334e-01
4.333750818526974080e-01
4.647317575884736263e-01
4.917067252214064599e-01
5.160796672273162411e-01
5.398684559251588633e-01
5.728064170252276099e-01
5.828283334054046305e-01
6.075940383987015192e-01
6.315390044298525574e-01
6.491053482673904140e-01
6.721706480389056937e-01
6.874179478728773551e-01
7.083055787571825856e-01
7.262719567888056282e-01
7.432101307408690571e-01
7.612804505050462245e-01
7.817080964334526261e-01
7.946584803419390886e-01
8.152088974799688303e-01
8.269563272470918935e-01
8.354029580970649960e-01
8.481056839364602418e-01
8.727752832350682555e-01
8.741465552273781636e-01
8.975258331069477791e-01
9.054735567891349923e-01
9.191208688895302625e-01
9.371206929313993239e-01
9.479897184068001303e-01
9.603294853153435673e-01
9.743821561527875597e-01
9.887373172154970691e-01
1.004162579694650725e+00
1.016904131700815173e+00
1.039367565268626947e+00
1.051930384611475588e+00
1.072359703196172909e+00
1.090359450206202840e+00
1.108655651328950720e+00
1.127564254090877016e+00
1.148722417748507141e+00
1.165328282038099017e+00
1.186896810360890120e+00
1.212579740125345529e+00
1.232353294092169094e+00
1.262312600738401791e+00
1.284678259278686063e+00
1.315186655165360818e+00
1.336440888412182781e+00
1.385097903489579618e+00
1.418041913387210862e+00
1.460840525486308605e+00
1.506302424011967567e+00
1.546357199679241790e+00
1.591945251197593336e+00
1.654252882127929647e+00
1.699289546269962647e+00
1.763341673036497026e+00
1.829630461085701043e+00
1.896882107135852591e+00
1.969131342547879582e+00
2.052005510946188771e+00
2.144100829098745997e+00
2.227461378582352047e+00
2.326214325800285199e+00
2.427923827932615186e+00
2.527989318610199376e+00
2.637835296801646745e+00
2.757013682540860877e+00
2.887745745230800853e+00
3.022107560913527724e+00
3.159902425797895376e+00
3.309679749763728918e+00
3.455831303995430481e+00
3.630745097829202628e+00
3.779309339249491639e+00
3.962917229695742449e+00
4.148422268835002313e+00
4.338976872842742694e+00
4.519039786090502275e+00
4.717006796475921249e+00
4.925144662848055077e+00
5.138146735809995036e+00
5.362023591446467563e+00
5.584297564086685206e+00
5.810086189478742114e+00
6.044787629927471428e+00
6.280748531287271952e+00
6.520248028822319242e+00
6.774083430096396796e+00
7.026696867009008862e+00
7.296361075446894162e+00
7.563996056052936012e+00
7.815454642674772856e+00
8.077060362808230920e+00
8.340193089050393027e+00
8.605195932570188333e+00
8.880816940172056917e+00
9.147301914504822662e+00
9.423716873338646494e+00
9.696883607002718009e+00
9.970301921420830382e+00
1.025024031080536169e+01
1.052911850610570532e+01
1.080215136345692883e+01
1.107286079135541357e+01
1.135520710671812594e+01
1.162890359265090545e+01
1.190614201834498509e+01
1.217958305970385346e+01
1.243752115494906185e+01
1.272406562004491981e+01
1.299536858989750066e+01
1.326000074441993171e+01
1.352524993925669783e+01
1.380201874078255031e+01
1.406025041579465373e+01
1.434515210192739509e+01
1.459851670479277352e+01
1.484616376921605152e+01
1.510087257484124734e+01
1.536349507560625227e+01
1.564332141759295602e+01
1.589094843404796897e+01
1.614195233198371682e+01
1.640512721297095666e+01
1.664921280134446846e+01
1.690992579362516324e+01
1.716556354324610822e+01
1.743068234885089396e+01
1.768099911744497987e+01
1.793480231167230698e+01
1.817561605359206567e+01
1.844696728601163827e+01
1.871317585240844394e+01
1.896736975437800510e+01
1.923139055744833215e+01
1.953334249072405981e+01
1.981393749711961760e+01
2.011436078481160905e+01
2.040614586255271945e+01
2.070948081806853480e+01
2.103903483022797261e+01
2.138093982614973498e+01
2.179264026494414352e+01
2.220695373727020794e+01
2.265432777089091942e+01
2.313771972190969350e+01
2.359744046083098823e+01
2.398717214695347622e+01
2.430660323088288877e+01
2.457913925888730233e+01
2.476726309824683270e+01
2.493026423384124612e+01
2.503444297302623411e+01
2.515505218600686277e+01
2.522809066443667447e+01
2.527904277277787770e+01
2.527792970892251745e+01
2.528542986601028630e+01
2.526649049121670032e+01
2.523383212582406188e+01
2.520963823037862284e+01
2.519662173462024768e+01
2.515826965096195877e+01
2.514237905900678172e+01
2.512381880135182755e+01
2.512584438787064300e+01
2.510581788608213216e+01
2.506781974960814807e+01
2.507394501997349323e+01
2.507413553985434618e+01
2.509038934228992090e+01
2.513330769436080203e+01
2.515558229322402539e+01
2.520329747723327074e+01
2.522455113524186743e+01
2.525418707034058485e+01
2.525941259384196158e+01
2.529227554219299989e+01
2.531571212224057987e+01
2.534785315439414788e+01
2.539794821013075321e+01
2.542807385929882713e+01
2.544063891475592953e+01
2.543416569579117237e+01
2.541425797703634970e+01
2.537464937936081100e+01
2.527943546563301780e+01
2.514245394023705060e+01
2.493466637275457742e+01
2.453305665602649910e+01
2.383215992779050652e+01
2.274673515774490795e+01
2.108560382554687607e+01
1.875072224823658829e+01
1.578827649721173643e+01
1.238348456764295769e+01
8.797755468061398076e+00
5.569721412856498688e+00
3.101938956150548599e+00
1.476831518106251684e+00
5.909995831705356917e-01
1.991550973596409591e-01
5.949332850845586579e-02
1.536757249198671821e-02
5.685236388413967418e-03
4.487385608765291634e-03
4.604916361106149020e-03
3.509000412879209954e-03
3.671748900809859717e-03
3.397180557866709069e-03
3.478329269036993261e-03
3.478267742577554299e-03
3.120254443828421754e-03
2.834628930540943406e-03
3.336820219570128462e-03
3.191489934177558704e-03
3.273355512603463944e-03
3.064740770011539165e-03
2.933969130745361399e-03
3.116405278624541017e-03
3.036552088788654468e-03
3.184407638969808264e-03
2.929011176556276137e-03
2.201537994924712000e-03
2.776937920804688729e-03
2.578215293493021140e-03
2.793593876301691831e-03
2.478751070955432026e-03
2.403048245559503797e-03
2.523718244042586368e-03
2.198545040203909746e-03
1.848809719619141055e-03
2.255678007422620354e-03
1.976296389476777434e-03
2.491423688276930663e-03
3.043185497784129355e-03
2.420875140126039528e-03
2.197394169189418201e-03
2.064806252199895709e-03
1.635805774490798909e-03
