5.206171054280870347e-01
5.222304934275284749e-01
5.253783566216199130e-01
5.308373805669205359e-01
5.392044599987376730e-01
5.508948251433554155e-01
5.661692436251555272e-01
5.855581563204139695e-01
6.091670179976104160e-01
6.371318100108617211e-01
6.694337185656146216e-01
7.056405669369546496e-01
7.458392694720605842e-01
7.900709341349545500e-01
8.380416002380524088e-01
8.896135738287319628e-01
9.445224777855579790e-01
1.002519494427217994e+00
1.064005757830239318e+00
1.127709996561991890e+00
1.194800214253902482e+00
1.263954082883730345e+00
1.335894581524620151e+00
1.410318512270047231e+00
1.486438255480457160e+00
1.564853833296083963e+00
1.645399654300061965e+00
1.728929753456602603e+00
1.813400692347241439e+00
1.900019287120169320e+00
1.988943797263140745e+00
2.078570346735462593e+00
2.171601358646789492e+00
2.267221946307385050e+00
2.362241576340638805e+00
2.459258038160879956e+00
2.558896934562705727e+00
2.662213662836816486e+00
2.764146022625977306e+00
2.869017846667996974e+00
2.977417608249036451e+00
3.084790043570932561e+00
3.193036981830726706e+00
3.304438269144450935e+00
3.420319609230508373e+00
3.537074404466315158e+00
3.655769123728327408e+00
3.774126336825474937e+00
3.899504531086850800e+00
4.019137804807961345e+00
4.135586994822382678e+00
4.266524446256497960e+00
4.400808077734502000e+00
4.536702422499883980e+00
4.655902937527049090e+00
4.793354625627941346e+00
4.919598309618506526e+00
5.079535399540754170e+00
5.201928660954337147e+00
5.356696304759791971e+00
5.497926898313862942e+00
5.644304426499639149e+00
5.789813831800364241e+00
5.939428548712377243e+00
6.120391355881759310e+00
6.237216992933960924e+00
6.359362903121470900e+00
6.549981919868131719e+00
6.735769796847434598e+00
6.866509515948082232e+00
7.049998789047672965e+00
7.241099690695310009e+00
7.377120427693539817e+00
7.554103584821698192e+00
7.714904373525169667e+00
7.844430722872538730e+00
7.996962754441931942e+00
8.229440904754033781e+00
8.310962811350933066e+00
8.484925082717424516e+00
8.693820148877978937e+00
8.975181347034657975e+00
9.065146591330893955e+00
9.171212668878862218e+00
9.440666523099201513e+00
9.732343891628653765e+00
9.757492711940699337e+00
1.015094795776168368e+01
1.034586476727480786e+01
1.054783734638332326e+01
1.074824751633696174e+01
1.095719763390511403e+01
1.116304285382602934e+01
1.137102581701116044e+01
1.159061278658236382e+01
1.181584441542895547e+01
1.203539476789101315e+01
1.226285174718950977e+01
1.248064279547114985e+01
1.271801817422365133e+01
1.294707707923197049e+01
1.321212601060822500e+01
1.346713213276542120e+01
1.374528034467649107e+01
1.395872962245953097e+01
1.425943707491042112e+01
1.448105258287628239e+01
1.474410113824232305e+01
1.491642315910149286e+01
1.514272353390095383e+01
