8.024284597356447648e+02
4.475577442096067671e+02
3.814612320221093000e+02
3.512718699662666495e+02
3.325506948110491976e+02
3.196296309067672610e+02
3.074668170104654337e+02
2.979023812761842578e+02
2.892328543161415837e+02
2.789399721493198285e+02
2.730829419135053513e+02
2.640105073346348945e+02
2.586334979067722770e+02
2.493571886146636416e+02
2.406008354629556152e+02
2.320253082798231503e+02
2.237627467365121561e+02
2.138590658441099208e+02
2.060107414889895097e+02
1.947687435470226660e+02
1.838059615987698976e+02
1.735507393637500684e+02
1.626622183402332666e+02
1.502812835658712913e+02
1.390362775055720022e+02
1.268465845839049990e+02
1.145383011093871914e+02
1.029617629369421508e+02
9.214556961859251771e+01
8.177134845547452358e+01
7.179609342834345398e+01
6.261693691730034317e+01
5.445891557067263733e+01
4.705179212981676073e+01
4.032837058662121166e+01
3.460579146259171068e+01
2.958619166956504642e+01
2.529350699185151896e+01
2.164773177640794799e+01
1.856483510792719471e+01
1.593707818634190509e+01
1.373024211612345624e+01
1.183409200135887751e+01
1.025480508715196670e+01
8.920993224127290233e+00
7.791668950576350561e+00
6.834316496770114213e+00
6.028041878969755629e+00
5.341045967847567688e+00
4.750973992251603661e+00
4.253616591360430910e+00
3.827944032053713030e+00
3.460042795887832590e+00
3.148752861364232380e+00
2.871510366143143589e+00
2.636855023078654270e+00
2.431123736321796791e+00
2.249842474837359774e+00
2.093359424044241024e+00
1.957737822102022296e+00
1.839236616763375576e+00
1.735019185311239331e+00
1.644119011978044220e+00
1.562128279851512369e+00
1.491495925574275461e+00
1.431145565194701375e+00
1.378564994432925683e+00
1.330742880888165613e+00
1.288760660391161439e+00
1.251759076391187886e+00
1.221445779619703575e+00
1.194278578696942095e+00
1.170678758908235917e+00
1.150431023779884709e+00
1.133141543620417746e+00
1.117556783240299501e+00
1.104766686716961210e+00
1.095521121005296417e+00
1.086603124872731474e+00
1.079335616059993619e+00
1.074777967728544725e+00
1.070601048151822887e+00
1.068500613865111859e+00
1.066691241617010677e+00
1.064907145119521559e+00
1.065776201823106062e+00
1.063751833155949011e+00
1.063627184099130707e+00
1.065628920709378091e+00
1.068156356896888148e+00
1.071058861521382966e+00
1.073803370900057397e+00
1.077062563910732962e+00
1.079046154235107302e+00
1.081216386511041350e+00
1.085310452121167391e+00
1.089353637072125514e+00
1.091209060164999300e+00
1.093600871197466518e+00
1.096693288694512880e+00
1.098330447291036460e+00
1.100982075234476998e+00
1.103859922998225551e+00
1.106729759505520327e+00
1.108576369257650907e+00
1.111481378440398515e+00
1.114500286880631741e+00
1.116264386912148021e+00
1.118221295748204502e+00
1.117340877488611994e+00
1.119186355004049060e+00
1.120013365685795792e+00
1.121065240044564648e+00
1.122045570598714903e+00
1.124122780043764536e+00
1.124428223604259092e+00
1.125274875182263656e+00
1.124911098102447493e+00
1.126131168941361338e+00
1.127091542710874306e+00
1.128090651872969863e+00
1.127816555967199319e+00
1.128181976311648294e+00
1.126512057718324300e+00
1.128081545235197991e+00
1.127344078570969632e+00
1.126538397474836195e+00
1.125614507958550892e+00
1.126081468307159605e+00
1.126163122033888353e+00
1.124653359811223163e+00
1.123809830799797238e+00
1.122369892603973129e+00
1.121017067022554325e+00
1.120030815145862890e+00
1.119252209336091486e+00
1.118989687391319654e+00
1.118240168989502292e+00
1.115882239991998093e+00
1.115076282567642130e+00
1.113336926061512910e+00
1.113047786376317960e+00
1.112134459965563593e+00
1.110855192165932426e+00
1.110378980223565071e+00
1.108642863903387621e+00
1.107072999019383275e+00
1.106020447644267213e+00
1.105027602525486596e+00
1.103073889868886548e+00
1.100995073252630352e+00
1.100703631343630251e+00
1.098615919797500062e+00
1.097634488897276439e+00
1.096439108021836750e+00
1.093931210446582591e+00
1.092252856539609684e+00
1.091847911949223038e+00
1.091911555150436142e+00
1.091070168938975682e+00
1.089128471373078444e+00
1.086511847561771882e+00
1.087018183158604989e+00
1.085232877433759624e+00
1.084174135891842861e+00
1.084900153842155213e+00
1.084988655352403297e+00
1.082581859288957560e+00
1.082203718431555162e+00
1.082265269563867482e+00
1.079668670130053298e+00
1.077274943562799514e+00
1.076425966820743652e+00
1.074387170997028074e+00
1.075283500009883042e+00
1.073482826041068927e+00
1.072727614843095090e+00
1.072165049345164212e+00
1.072068410330659916e+00
1.070162628781376801e+00
1.068766668894842287e+00
1.066608156014699604e+00
1.065391167287914609e+00
1.065081797303243372e+00
1.064147000572904123e+00
1.062667911806236321e+00
1.062095631583144018e+00
1.061376957914910824e+00
1.059003068007322579e+00
1.058820074562787816e+00
1.057911616571797664e+00
1.055551184832624445e+00
1.053502875572973618e+00
1.054683669621241604e+00
1.053843527694404258e+00
1.053976616449512127e+00
1.053641394040565116e+00
1.052081753248131024e+00
1.050701854275525315e+00
1.049137444429901311e+00
1.048656620871287082e+00
1.048869198178438600e+00
1.049566463913565117e+00
1.049557630585756129e+00
1.048949505996193299e+00
1.047829818299187865e+00
1.047611597975590891e+00
1.047410635901175668e+00
1.048560859467242423e+00
1.047105256857300493e+00
1.044557329766833353e+00
1.044587592374152996e+00
1.042898230352946376e+00
1.041971786599670491e+00
1.041298598109807960e+00
1.040409752601858084e+00
1.039308236214916858e+00
1.038867039155146221e+00
1.039648117010996131e+00
1.038498542305787753e+00
1.038086171971444038e+00
1.037774472400027514e+00
1.036297658951088829e+00
1.036757446600962584e+00
1.035232474450298978e+00
1.035512607974056865e+00
1.034876494933713698e+00
1.033386518779867425e+00
1.031415948670116656e+00
1.030319036792725074e+00
1.030850082527639655e+00
1.030581655327430068e+00
1.030825249008058497e+00
1.030559305688609761e+00
1.028301725848822734e+00
1.027020013934404785e+00
1.028177244962910075e+00
1.027119891210998670e+00
1.026603486071008042e+00
1.027145857698075648e+00
1.027697782812073912e+00
1.029532320127620526e+00
1.028650610804222598e+00
1.026834811867962216e+00
1.024593193758378318e+00
1.024354447874616270e+00
1.024941626678009143e+00
1.024815638351258107e+00
1.024058875584790362e+00
1.022680458415585303e+00
1.024308781961113635e+00
1.023037582992981642e+00
1.023046288557434513e+00
1.022885969109371018e+00
1.018525596600627692e+00
1.018283243008714312e+00
1.019898178805613398e+00
1.022437173449419312e+00
1.023003115871867319e+00
1.021705740427675924e+00
1.017299930342132397e+00
1.022420030172473515e+00
1.020215867519955744e+00
1.017403106645144550e+00
1.016886184563241091e+00
1.013079894742162645e+00
1.006426185214521096e+00
1.011973462025225867e+00
1.015549854126118756e+00
1.013135097681675756e+00
1.012541051758899524e+00
1.023724677820024409e+00
1.037538793148557570e+00
1.050558416298886355e+00
1.060481282729942576e+00
1.065262116582350593e+00
9.920941725799122812e-01
9.802234669448997018e-01
1.067564065994363265e+00
1.034504298557388680e+00
9.457742134956268476e-01
7.462084648528948261e-01
9.310541160973784258e-01
9.973949350577935302e-01
8.837785335258214747e-01
1.900869960272121073e+00
8.994408410258261100e-01
3.456239255027928059e-01
1.542240312829185500e+00
6.034502176675075047e-01
9.895635499517636546e-01
1.291821200945353354e+00
2.764929004350420438e-01
9.865923483436249697e-01
7.959865976718731861e-01
1.194993700823140825e+00
4.089370069999469504e-01
4.362270617720194754e-01
8.749057120519990738e-01
1.146358025349846876e+00
