4.866723599211324654e+03
2.228536064737351353e+03
1.520936446209150745e+03
1.168151295581837530e+03
9.241282158718557866e+02
7.683885540395941689e+02
6.635242264692615208e+02
5.813849791370357707e+02
5.189174597093480088e+02
4.632103200937286829e+02
4.170316098128996600e+02
3.746413877604811091e+02
3.392092693436472928e+02
3.036617291848651234e+02
2.736889326032987242e+02
2.434446183088958833e+02
2.162856271457173420e+02
1.904837387866193694e+02
1.666415078725924275e+02
1.437977923353636527e+02
1.227788233274906560e+02
1.023156579099062498e+02
8.343774014494674418e+01
6.655759792243316042e+01
5.184080363687463944e+01
3.988552704561710271e+01
3.017482052331948239e+01
2.268171796503075299e+01
1.707450308793767135e+01
1.292285547682002189e+01
9.892685767564856292e+00
7.685091276323445797e+00
6.050156486053883675e+00
4.846676700003623495e+00
3.938881072900581870e+00
3.260911691964406334e+00
2.737278333657414020e+00
2.338380980596030945e+00
2.031773771484178592e+00
1.796658093190859340e+00
1.613325949438634499e+00
1.469162465311280918e+00
1.356348379730553555e+00
1.265926511623914230e+00
1.200906921004591732e+00
1.159098770963566505e+00
1.137525943580494303e+00
1.126213147708654105e+00
1.115858925615365482e+00
1.147765281284048866e+00
1.063134691392612075e+00
9.356897532484717006e-01
1.656402776465978333e+00
8.724533170149382233e-01
1.030653312351232920e+00
7.141573651460931815e-01
9.298955664590738968e-01
1.068802619930528719e+00
6.860438519403622148e-01
1.092838922608607044e+00
7.581868107075561136e-01
1.230934464401181039e+00
3.321712652228411833e-01
1.350408601603829695e+00
8.909964827801455378e-01
1.152331655709162739e+00
8.308935346730600413e-01
4.921315474340586804e-01
5.976729661460351561e-01
1.341846141826644967e+00
2.144511666763190494e+00
1.511119080664155012e+00
1.253276625331593452e+00
5.361374631122040046e-01
1.765372511039535519e+00
1.262111225543414594e+00
1.554262063463713650e+00
4.919884008083970639e-01
6.263389717508655252e+00
8.564001258242216474e-01
1.357842335717205140e+00
5.932405456728477855e-01
1.082874563871646822e+00
5.474307309219222928e-01
1.481359410007298649e+00
5.595828286007150654e-01
1.010213214942118576e+00
4.515799748781608614e+00
2.096480960210437505e+00
6.370997792843423824e+00
1.983026233328720522e+00
5.220955037414657385e-01
4.849613783524327815e+00
2.806840796291356632e-01
6.568153938647401269e+00
6.251700626261684768e-01
6.088953051029594832e+00
1.351107923825942914e+00
2.070965156490130354e+00
3.239802149650567453e-01
