4.040398025322585909e+03
1.922983083819941839e+03
1.378901754593671285e+03
1.123050527995715129e+03
9.541865116659221258e+02
8.285578639408150821e+02
7.307775683844511150e+02
6.620520263539929147e+02
6.060257454248326212e+02
5.574750661976111132e+02
5.069801489917607569e+02
4.728789460331996111e+02
4.368052678515413163e+02
4.045806969561604092e+02
3.738960674492074645e+02
3.443942777052376982e+02
3.178394510614022010e+02
2.911522227972166661e+02
2.679079906646693416e+02
2.436630975436865754e+02
2.196521232827685424e+02
1.987551759733916015e+02
1.767278842711206153e+02
1.567454401543640188e+02
1.366085022490791800e+02
1.182305575727167763e+02
1.007632171294149686e+02
8.410626851459753084e+01
6.934354518764878605e+01
5.642994621497534524e+01
4.536968450150699539e+01
3.622891554276316128e+01
2.871719359667770277e+01
2.279982292708193015e+01
1.811831674272067616e+01
1.443717666679065914e+01
1.159380581947198863e+01
9.379142823187308409e+00
7.671791828750482267e+00
6.340371927125588947e+00
5.297737242960012694e+00
4.478143382642020498e+00
3.817193357044879498e+00
3.293040320645492791e+00
2.871545742401247825e+00
2.536505240556139462e+00
2.262555667746319443e+00
2.035687438672493688e+00
1.854733948585053138e+00
1.700553515255301518e+00
1.576075157483163736e+00
1.474501516095929610e+00
1.390143124597627899e+00
1.320932046634535562e+00
1.263845936791238467e+00
1.217676450224717710e+00
1.179053656099971370e+00
1.146975650610196240e+00
1.123942297018435843e+00
1.104527748352052363e+00
1.089240430093850520e+00
1.078318990768515784e+00
1.070998020577156540e+00
1.067162779836450914e+00
1.065168420645257186e+00
1.064613651942348138e+00
1.067229296044106990e+00
1.068183655362860085e+00
1.071292907052794119e+00
1.075160769164747121e+00
1.080222085746525673e+00
1.084898403224074714e+00
1.090103960554404727e+00
1.093341897450710531e+00
1.097507942884250243e+00
1.101664075962766276e+00
1.105010220747409955e+00
1.108009406234802263e+00
1.108597041437853203e+00
1.110389307195954300e+00
1.117406552863929425e+00
1.120038761259524396e+00
1.125321385535680951e+00
1.163832871107546740e+00
1.428364115762581044e+00
7.940043960656510968e-01
1.253305484693051586e+00
7.828256126545769522e-01
5.118754114764513252e-01
1.651518124154762956e+00
1.148716265099064326e+00
1.292322460985821930e+00
1.132875038952905644e+00
2.363454338535447619e+00
1.883364485806078292e+00
1.404746431414410024e+00
7.059235820881124557e-01
8.659959422898002579e-01
1.202558434252808617e+00
6.441714141255866499e-01
7.774795893029395888e-01
1.448230707174911425e+00
3.851770871366510529e-01
9.216265302854930175e-01
2.270633952734123273e+00
1.241496828642004724e+00
8.740656551257419693e-01
9.730127490967038772e-01
1.840418570650653951e+00
2.161510175116243992e+00
6.848990585386899310e-01
1.193633227000173047e+00
3.292549466036386319e-01
1.748834919855718928e+00
2.000499254248149672e+00
1.811708623522929829e+00
2.486752185341847721e+00
5.486376976962077379e-01
2.012064004229980441e+00
1.716706876248040192e+00
6.438875245006689951e-01
1.566683681226937574e+00
1.121822187752798516e+00
5.397142767335754154e-01
2.369253985437692389e+00
3.211932887720073460e+00
2.046813721597894098e+00
1.428064692930685053e+00
4.202227520134947270e+00
8.007939338522838124e-01
1.195016285312975324e+00
5.123002087606212118e-01
3.523745709172296237e-01
7.364100795518392362e-01
5.123018050322837302e-01
3.229062167674858763e-01
3.259038068003769606e+00
4.274824815919380239e-01
3.061590617473047615e+00
5.205311905427789654e+00
9.798717936612179047e-01
1.797672095870993525e-01
1.344407288674234480e-01
7.316982480451211801e-02
1.443879045243593007e+00
1.595225369663999304e+00
4.346880999674368473e-01
1.407157374045021614e+00
8.458643872544540088e-01
1.011385807299379547e+00
