1.844736212389005459e+03
9.685032794330736579e+02
7.502170702599630658e+02
6.623123458775442032e+02
6.201711843215889530e+02
5.772619424631392349e+02
5.570615756200400028e+02
5.312583552180386732e+02
5.178288143230060996e+02
5.053356752808812189e+02
4.866674931085839830e+02
4.723379001648161193e+02
4.535390562617136538e+02
4.443011064193813127e+02
4.360509639540340459e+02
4.191339123040667687e+02
4.089758137353489360e+02
3.986901673760260678e+02
3.852604016255607462e+02
3.723901186411581534e+02
3.604929900865507193e+02
3.486339274297162660e+02
3.394961258686566339e+02
3.262021392379174927e+02
3.140904994559102761e+02
2.996966401973215852e+02
2.879833962700741381e+02
2.773475216480301810e+02
2.639781036385406878e+02
2.521286241350628359e+02
2.427630222455845797e+02
2.304074352891306603e+02
2.178927110044632229e+02
2.078016653814568713e+02
1.960262433486982729e+02
1.838033960868916381e+02
1.728491684201832470e+02
1.614921691798705865e+02
1.493653551975617688e+02
1.391737720864955463e+02
1.281447797961439505e+02
1.173898986674729770e+02
1.068621364792401778e+02
9.671873249237033576e+01
8.712949815210704685e+01
7.805798178689150291e+01
6.914228396602673854e+01
6.160225708609800677e+01
5.436182620230402307e+01
4.738799201200296807e+01
4.158621537910619992e+01
3.635467594842640437e+01
3.180528996565800171e+01
2.774608680389161819e+01
2.417079736635067633e+01
2.116061736546813066e+01
1.850520192784136952e+01
1.619692009193816418e+01
1.425029237601750509e+01
1.253860707069457980e+01
1.106443093348773310e+01
9.786166640821367224e+00
8.730343981903763151e+00
7.796826249667444308e+00
6.962363716568363614e+00
6.257443357745750667e+00
5.643931214221201031e+00
5.121975179737984440e+00
4.648598745199469029e+00
4.240533100834182889e+00
3.880350248739027119e+00
3.565118012337469278e+00
3.293588688624597083e+00
3.045074184800537598e+00
2.830534484751143331e+00
2.640737536613305458e+00
2.471806899665200064e+00
2.316498112292944001e+00
2.181898927501169982e+00
2.060596779503176990e+00
1.951438833173453125e+00
1.855432453184293173e+00
1.768493802297135487e+00
1.688261595695354611e+00
1.619629647671703587e+00
1.556056516711433302e+00
1.498912441347326263e+00
1.447887164785998992e+00
1.403974758981204607e+00
1.360967126271572791e+00
1.326138806179700369e+00
1.293450743129279434e+00
1.264503591577389008e+00
1.236373535829243808e+00
1.212937515550646106e+00
1.192209921454505217e+00
1.173133132925304523e+00
1.158084853713828632e+00
1.142353724208740040e+00
1.128171052522667139e+00
1.118739310346303473e+00
1.107495531094341290e+00
1.099291115480922842e+00
1.091421725676566368e+00
1.084688742743417977e+00
1.080467288165354756e+00
1.077253604580553414e+00
1.072155496572953837e+00
1.069325238860814986e+00
1.066134413153000837e+00
1.065350831312692925e+00
1.064694631069128095e+00
1.063445996881376532e+00
1.062696312214804761e+00
1.062723895021794762e+00
1.064973018709247654e+00
1.064888060637356304e+00
1.065610723691102768e+00
1.067414810032777162e+00
1.068259887363384841e+00
1.069305822696752228e+00
1.072550187160377311e+00
1.075697132474306317e+00
1.077156476773065252e+00
1.078874630467089979e+00
1.081630374795251592e+00
1.085279275492345485e+00
1.085273959144192446e+00
1.087990375588809178e+00
1.089850267358650315e+00
1.092304471799783849e+00
1.093471996683308189e+00
1.096413055096035372e+00
1.099556056775342183e+00
1.101090867295390074e+00
1.102642894475908797e+00
1.103808570932140576e+00
1.105339863552011748e+00
1.107870278997834079e+00
1.110564727612529001e+00
1.110957562208192639e+00
1.111826614443437444e+00
1.114216262753299214e+00
1.114181326754808410e+00
1.117421161572387245e+00
1.117539770488771289e+00
1.118580936569143702e+00
1.120591172585553075e+00
1.119466549137558165e+00
1.119433342110600416e+00
1.120074395216120067e+00
1.121818839289540959e+00
1.123659409262423026e+00
1.124021595078174229e+00
1.124111838420076115e+00
1.124146322517846519e+00
1.122701261450123500e+00
1.123159843452306461e+00
1.123213464696251274e+00
1.122976636439403153e+00
1.122419132949296516e+00
1.121766296511681693e+00
1.123322228709911386e+00
1.123006532510285149e+00
1.123437846479060198e+00
1.123699979288533379e+00
1.122149395082592704e+00
1.120844573811886402e+00
1.120419897607994875e+00
1.122323292684644258e+00
1.121435841781468046e+00
1.121402963377033490e+00
1.121494880872101474e+00
1.119734997592364278e+00
1.118877973345246524e+00
1.118279680543397214e+00
1.117015888094652132e+00
1.117468753241245949e+00
1.117047444120764510e+00
1.116968661720630251e+00
1.117236325150307019e+00
1.116008746377745720e+00
1.114341609840892700e+00
1.113509373279624404e+00
1.113286208332230132e+00
1.111510700190926126e+00
1.110424836789449587e+00
1.109448061017087150e+00
1.109056879647122296e+00
1.109076086401184602e+00
1.106107647839116748e+00
1.107014463098042523e+00
1.104482296364362126e+00
1.104515052290715893e+00
1.103395169491542260e+00
1.103184075087516591e+00
1.103350656452396938e+00
1.101950238966954210e+00
1.100567729957590002e+00
1.098565592894177989e+00
1.099908749053421619e+00
1.098882639621487911e+00
1.097902163704175704e+00
1.095535875296825834e+00
1.095654415998708719e+00
1.095404838990210017e+00
1.093833680596405733e+00
1.092014124270372699e+00
1.092265208468559123e+00
1.090967476425806160e+00
1.089383238248765817e+00
1.086299692743751821e+00
1.085628155445782506e+00
1.086275808647857666e+00
1.085653535661810221e+00
1.085144314506734320e+00
1.084767567929042276e+00
1.082270462949864509e+00
1.084479738780884883e+00
1.082278539482719459e+00
1.081844968855482980e+00
1.081249611610283878e+00
1.080633168022076651e+00
1.079196155477615271e+00
1.078821125344846754e+00
1.076751379342104187e+00
1.074274248404803345e+00
1.074806392461858273e+00
1.073695328201781596e+00
1.072876880216988349e+00
1.071642011294600350e+00
1.073728569821452927e+00
1.071687382913225184e+00
1.071915651675974912e+00
1.071510921207429412e+00
1.070008867235715977e+00
1.067053946499251671e+00
1.064459147499197567e+00
1.063919061925428178e+00
1.066345403464765029e+00
1.061310430304318375e+00
1.064414659189535595e+00
1.060976528143722231e+00
1.062162310709571900e+00
1.061272709702296035e+00
1.059876734218901495e+00
1.059559328476857187e+00
1.059436284723403121e+00
1.059325713609263087e+00
1.060227571629535737e+00
1.057483406682323102e+00
1.056022087102002072e+00
1.056569445283100928e+00
1.057096256360755104e+00
1.054140926212148610e+00
1.054368591136309208e+00
1.054874754566257566e+00
1.055532133929198979e+00
1.053909773872236055e+00
1.051917816574492459e+00
1.048864229560446448e+00
1.049262431250443051e+00
1.049468920951310613e+00
1.049563983806861556e+00
1.047527037585924470e+00
1.047574502711483557e+00
1.046171584204294236e+00
1.047991862739105162e+00
1.044623165405700105e+00
1.045875596833101051e+00
1.048338166266258531e+00
1.046474591984568603e+00
1.043981726726845638e+00
1.045376261107754834e+00
1.044031401184309704e+00
1.042268764073640996e+00
1.040621839196767429e+00
1.038663649459615312e+00
1.040280093934510264e+00
1.039564967119290584e+00
1.038244216879198323e+00
1.038077406223466781e+00
1.039269681683907764e+00
1.038475614866901431e+00
1.038337891532358892e+00
1.035184379374456620e+00
1.036052019575812055e+00
1.036375726392665175e+00
1.035900454318221975e+00
1.035489881020676739e+00
1.034628113487651158e+00
1.034973801868342091e+00
1.036889875292872798e+00
1.039241519017935600e+00
1.037668420750363696e+00
1.035921518370618299e+00
1.033602221797009779e+00
1.035498944458085768e+00
1.035459474723521289e+00
1.033843275807097672e+00
1.033945958166271994e+00
1.030545742481506766e+00
1.028827109202335555e+00
1.028777487027521476e+00
1.029203184653472158e+00
1.030022057336837937e+00
1.031936646245590117e+00
1.031405290119365104e+00
1.031395779169291815e+00
1.031943575227254772e+00
1.029392994758227209e+00
1.029117394138969077e+00
1.029047141446595370e+00
1.027934744966589875e+00
1.024452588785483398e+00
1.024712967242772166e+00
1.026427856801120253e+00
1.028058163419145021e+00
1.026311930068331879e+00
1.025138529016989430e+00
1.024888258354146986e+00
1.021415464820253582e+00
1.025119776575338371e+00
1.022782544626429146e+00
1.026138539328295796e+00
1.022836742577878821e+00
1.021023027292826679e+00
1.023351561452007896e+00
1.023703689135412764e+00
1.026362997284393508e+00
1.023767701662884777e+00
1.014694683754566507e+00
1.018348580842800777e+00
1.026784208752365091e+00
1.015733979845136581e+00
1.022743438641064539e+00
1.029762216359504823e+00
1.022869036175570345e+00
1.022374896357713947e+00
1.022754622874798791e+00
