1.256660319585816751e+03
6.974094131618458050e+02
5.627297995913371551e+02
5.002881033309771510e+02
4.561511762009540121e+02
4.254162044938203167e+02
4.016147658800183535e+02
3.795564597334027326e+02
3.606764328064167557e+02
3.429769376377388426e+02
3.276745239509728549e+02
3.146576855975204126e+02
2.996520308469268343e+02
2.845984548904850726e+02
2.683438108783364555e+02
2.537503753922441376e+02
2.369343463841804294e+02
2.213291444746413106e+02
2.043453810121369258e+02
1.879662056190512374e+02
1.684312218159364249e+02
1.508190581617308226e+02
1.346542997774778030e+02
1.175238194432033225e+02
1.015976784364166292e+02
8.692985995809056021e+01
7.348388973344673047e+01
6.182092855936315345e+01
5.128701519053587532e+01
4.250589134698830662e+01
3.520721241720432459e+01
2.907131077972735156e+01
2.399776870044286881e+01
1.983859922964023426e+01
1.643063132044752450e+01
1.370785100945468393e+01
1.148496264361644137e+01
9.667007350202979410e+00
8.174119493092740996e+00
6.974572525327315198e+00
5.977128121888608092e+00
5.176853286853320135e+00
4.509146730690497762e+00
3.958000025897057572e+00
3.500276686217957511e+00
3.116266711120123212e+00
2.793855794293047534e+00
2.524523399195242046e+00
2.296070061571305221e+00
2.101665260096082122e+00
1.937040259515983687e+00
1.800691371007781871e+00
1.679976953946902718e+00
1.577925594745636761e+00
1.492300337777991981e+00
1.417269160256349858e+00
1.354588969733481196e+00
1.302480350051161695e+00
1.257409156413894058e+00
1.218989503143804498e+00
1.186855065788052777e+00
1.160631254794677991e+00
1.138016416848592671e+00
1.119507803448235306e+00
1.104642018905878764e+00
1.093354968863311738e+00
1.084488579531173835e+00
1.076889782697870723e+00
1.072240829446483579e+00
1.068984252322828787e+00
1.066724855476610445e+00
1.065411880644961728e+00
1.065796852471911027e+00
1.066129551928953534e+00
1.067688096157126454e+00
1.070268370026050464e+00
1.072668932208088899e+00
1.076324516677195975e+00
1.079247561498167141e+00
1.083188063068595275e+00
1.086334073583889337e+00
1.089815494419194009e+00
1.094292164449572446e+00
1.098792857439690351e+00
1.101896524339087469e+00
1.104716757901754720e+00
1.107500411656223482e+00
1.109971011065691737e+00
1.112184590553876307e+00
1.114579076429205839e+00
1.116873078638505934e+00
1.118644921484978294e+00
1.120374954038081405e+00
1.122104092352083304e+00
1.123836281155470296e+00
1.125484289763346579e+00
1.125320311821923047e+00
1.126391959371788376e+00
1.126998604757707190e+00
1.126910393479422678e+00
1.127283576860811154e+00
1.126978243628844245e+00
1.125564142760748121e+00
1.124766793479894389e+00
1.125395227298198186e+00
1.125335058905967189e+00
1.124684417764714617e+00
1.124963553816520356e+00
1.122953089777219748e+00
1.122803588410616671e+00
1.121244302559614381e+00
1.119934508705592968e+00
1.118691104447728124e+00
1.116128446162913068e+00
1.114436837590004448e+00
1.112071810212716283e+00
1.112443936274618572e+00
1.111245864420235208e+00
1.110119132840989398e+00
1.108633187417652710e+00
1.106033976170044619e+00
1.104217502101426218e+00
1.102471568447398464e+00
1.100446516995558399e+00
1.098736780028970905e+00
1.097375832790243866e+00
1.093937579631173662e+00
1.093249039108453058e+00
1.093062124857422601e+00
1.092641441596416962e+00
1.090417058920780224e+00
1.089326780275748474e+00
1.088641178819129474e+00
1.086032236923678118e+00
1.083859040741792290e+00
1.081931385619052444e+00
1.080555907145816175e+00
1.079432762750248465e+00
1.076499422413988993e+00
1.074503531054790573e+00
1.073343634879336594e+00
1.072251195274690261e+00
1.071225073571383746e+00
1.069358746970482388e+00
1.068249838003960894e+00
1.067506531304905026e+00
1.065065075924761073e+00
1.065884970680903265e+00
1.061343605830409098e+00
1.060183671192798993e+00
1.058990980347859434e+00
1.056918429406749738e+00
1.056560639433987481e+00
1.055951979223890280e+00
1.057585457363005021e+00
1.057509313664232842e+00
1.055503813141893232e+00
1.053591024421920430e+00
1.051999594909981628e+00
1.053285108338093190e+00
1.053727666464151058e+00
1.052125699299596207e+00
1.049830541845488963e+00
1.051109422402203730e+00
1.052411321990827098e+00
1.039650343275537514e+00
1.026478035387084597e+00
1.026545819296233120e+00
1.025097718174195816e+00
1.116219977655564355e+00
1.128558204309613622e+00
1.265904438457338133e+00
1.146661075927637663e+00
2.146170732658753799e+00
7.287749796042549688e-01
7.039036327873142707e-01
9.751351429073685795e-01
1.435412124821600965e+00
1.414903990547113688e+00
6.569173038402886800e-01
2.080074059559920752e+00
9.947631034447942389e-01
6.934096168964587470e-01
9.488373647541745726e-01
1.026122999842953964e+00
7.846070772564256446e-01
1.154269457087519823e+00
2.631945341865359556e+00
7.053209098128638832e-01
1.993556915400679586e+00
9.784435647913801715e-01
6.979666760066935982e-01
8.212282872684156798e-01
2.218429294696752319e+00
8.701962754202958727e-01
1.717026958376754786e+00
7.631427542813172815e-01
5.521741591842352914e-01
1.399115361683398451e+00
8.934002112947722063e-01
