9.988403460054566949e+02
5.654722283533303653e+02
4.716965509369824758e+02
4.230040689938149399e+02
3.993224456711196808e+02
3.757635864840311228e+02
3.572629702254594122e+02
3.445271976345973712e+02
3.314775709607886824e+02
3.190383798124287864e+02
3.070676916520511099e+02
2.975027330330151472e+02
2.868973228320504063e+02
2.778925996282179085e+02
2.653047490892144538e+02
2.539458682684721680e+02
2.412129830423153578e+02
2.274125308966795558e+02
2.137908415989988669e+02
2.011926277181553644e+02
1.873820264083422842e+02
1.720968632748710547e+02
1.572603655626105592e+02
1.427488432133179401e+02
1.282454859047698790e+02
1.139502212348599812e+02
1.002028407012517448e+02
8.721863441688743990e+01
7.521701252580373875e+01
6.448069868604399346e+01
5.487245790212055851e+01
4.645226640364601423e+01
3.944155263492454822e+01
3.307439126431037124e+01
2.779646346350007491e+01
2.337683403133345550e+01
1.971929564958944781e+01
1.665795121021657366e+01
1.410896070600606400e+01
1.200610856437474183e+01
1.025935536780374768e+01
8.823174009888939295e+00
7.613215315551207674e+00
6.609818687332096765e+00
5.772007713655082917e+00
5.071612898709453532e+00
4.478064736066278861e+00
3.976587709608207621e+00
3.559362320966989124e+00
3.197329893231816822e+00
2.893256260307869088e+00
2.630902234062939105e+00
2.409843740868439887e+00
2.218698988692074714e+00
2.053630684321614108e+00
1.911936253927254192e+00
1.788825288155913018e+00
1.682674158429625866e+00
1.590838460432725476e+00
1.509679918027276191e+00
1.442626400545144127e+00
1.382155780774632969e+00
1.330974900343518952e+00
1.286167244740693105e+00
1.248392745213702915e+00
1.214633336369730587e+00
1.185991467178606040e+00
1.161910508186457358e+00
1.141011825417333814e+00
1.123794379289562828e+00
1.109762567765018026e+00
1.098489450832818237e+00
1.088500528908710185e+00
1.081277539168716606e+00
1.074947680403994132e+00
1.071476350632036389e+00
1.068349783239198603e+00
1.066880195019030975e+00
1.066071287664353884e+00
1.065774311177055234e+00
1.066453771549866092e+00
1.067348603286272457e+00
1.068753301250303656e+00
1.071843647251109255e+00
1.073646121146489385e+00
1.076733985163628615e+00
1.078865195713244685e+00
1.082532366363224030e+00
1.085828014191978275e+00
1.089807854314633451e+00
1.093228914941882790e+00
1.096485780450068948e+00
1.099125060334091852e+00
1.101667104558168075e+00
1.104571887667193719e+00
1.108065630529287970e+00
1.110518118032626678e+00
1.112279076530437782e+00
1.114247932449391909e+00
1.117021210111885932e+00
1.117635032187161759e+00
1.119537718461885989e+00
1.121111593109331617e+00
1.123054965336513611e+00
1.124037481920439729e+00
1.124809330065323465e+00
1.126274722888760182e+00
1.127110206552586646e+00
1.128159924313503648e+00
1.128767682283466023e+00
1.127985852028686065e+00
1.127072242510608779e+00
1.126727349519688559e+00
1.125500598632027005e+00
1.126360997741477243e+00
1.125441813049505413e+00
1.125748558969701607e+00
1.124913273954500470e+00
1.122917446490815596e+00
1.121552241382388182e+00
1.120112772709758175e+00
1.119743146307128567e+00
1.118915852223726359e+00
1.118418099513710295e+00
1.117219688929569799e+00
1.117672254894973571e+00
1.116281868484399586e+00
1.115136790598271199e+00
1.113882946841489696e+00
1.111158249373673801e+00
1.110900786904821969e+00
1.109656010816832294e+00
1.108986441204541595e+00
1.108433893451907348e+00
1.106194816503500489e+00
1.104685702940467307e+00
1.102617263113716106e+00
1.102007757244517716e+00
1.100602261526948178e+00
1.098998586743303640e+00
1.097514497421645085e+00
1.097543793006136470e+00
1.094921755542600295e+00
1.094065175613146534e+00
1.091871035808772650e+00
1.090355193396610911e+00
1.089871161972433278e+00
1.088628912987500641e+00
1.086737006969285657e+00
1.085519527433921327e+00
1.083337156523356715e+00
1.082162216669848798e+00
1.081018680469927107e+00
1.079877203549563403e+00
1.077620213843988539e+00
1.076206518686847247e+00
1.076050867995715921e+00
1.075049485412368222e+00
1.075186271334629629e+00
1.074087334769512125e+00
1.072102985674823206e+00
1.071580045604029419e+00
1.071003560773946539e+00
1.068447776013063955e+00
1.067126177995953995e+00
1.065641245754344935e+00
1.063523212605137491e+00
1.063570005487134429e+00
1.062966950722121329e+00
1.061522352983413908e+00
1.061838762596011732e+00
1.060515091451760483e+00
1.060887272872838238e+00
1.059914449035138873e+00
1.057682567755821257e+00
1.056814893784067566e+00
1.055346634041118392e+00
1.052212392876876068e+00
1.051486866047281810e+00
1.050548824464594633e+00
1.049100982897228640e+00
1.048611973365848771e+00
1.049784052052770811e+00
1.048495889785188817e+00
1.048666982173755313e+00
1.048459571357975184e+00
1.046352883238879317e+00
1.044916015954291844e+00
1.044148708936116554e+00
1.045530662268418620e+00
1.044216029169769966e+00
1.041554679916190995e+00
1.041672738043096791e+00
1.039580933394300910e+00
1.037887474960921486e+00
1.037039755083226211e+00
1.034536900764772005e+00
1.034628543021331781e+00
1.035661377436049024e+00
1.034736774401459058e+00
1.032847221549508809e+00
1.033889892632791963e+00
1.036322515744402928e+00
1.037515468244936345e+00
1.034803759980454041e+00
1.034881719329879823e+00
1.033883488797112449e+00
1.035561113218884000e+00
1.036686469776856301e+00
1.034105423188359296e+00
1.033094766327187886e+00
1.031295914648158618e+00
1.025110545661492178e+00
1.037505725884124486e+00
1.035965815021425263e+00
1.019529282159931993e+00
1.027019162175468514e+00
1.031723115697656068e+00
1.003935917236693953e+00
9.875316176014278247e-01
1.077770891774098017e+00
1.038876701562463367e+00
9.531403733241911036e-01
1.106737293681517187e+00
7.080692939121887575e-01
7.953905119104893728e-01
1.251968331943247748e+00
1.111643531368927906e+00
7.685102133006129765e-01
1.976438109673341881e+00
4.817480469712263069e-01
1.042241017352049326e+00
1.228304197364502803e+00
8.287715440523762966e-01
1.175901814267076295e+00
4.741457292376050070e-01
1.019802865419367155e+00
1.743477534624783720e+00
1.838722183986904124e+00
2.073030121341817633e+00
6.412118040528334006e-01
1.368265432216850819e+00
2.579635479848262358e-01
8.778906330240591194e-01
6.153935502529687129e-01
8.254251672645687155e-01
9.456875650521107124e-01
7.240104616016247441e-01
9.034918349588617614e-01
1.256813106341575059e+00
