5.422257111096848348e+03
2.253489938682399043e+03
1.426646064165411417e+03
9.573415078942510945e+02
7.081974404447992129e+02
5.795749294677348189e+02
4.972968095930150412e+02
4.329042955250288287e+02
3.789113997763816997e+02
3.293516480581317296e+02
2.875178672865790190e+02
2.491135913255552339e+02
2.121834582097696682e+02
1.789584546762496871e+02
1.484042582322364296e+02
1.193845160367158087e+02
9.189276202600612464e+01
6.744393143643662825e+01
4.682547956959474078e+01
3.131150197702799787e+01
2.033085374464405248e+01
1.363993473463059480e+01
1.129027027959824814e+01
1.032514065119995550e+01
9.895226478226183175e+00
1.152939867556875386e+00
9.103645096081215415e-01
1.453624649125840440e+00
1.206982884518940091e+00
5.643861477497744694e-01
1.061094847689576071e+00
1.727996394161925853e+00
1.650736867295662158e+00
1.233578281911624774e+00
1.139390886026843352e+00
4.765864757284249964e-01
2.289631404883627042e+00
9.659505015631164593e-01
6.240460477258007455e-01
3.655986301358126411e+00
4.140358897718877662e-01
7.521133859504445240e-01
4.426606743650708387e-01
1.797004214963227486e+00
5.784412377140542016e-01
7.864412905019770861e-01
2.867667243903095908e+00
9.859202401636253388e-01
2.890176079442278723e-01
1.351368241121134739e+00
8.239474472948976613e-01
1.790217226454923649e+00
1.948641185807526099e+00
7.939805841657541219e-01
9.483503935378266858e-01
7.260294653510793728e-01
6.434900828619048996e-01
2.219024822146769882e+00
4.669428584715332731e-01
1.375898602650877045e+00
1.531773958718352091e-01
1.475405094229607306e+00
2.476065682488115538e+00
3.272520740820505925e-01
1.151426822456857790e+00
1.130829257847884151e+01
5.704337492894493572e-02
3.780353310664602562e-01
3.433184473484096166e+00
7.946877978243138685e-01
2.731409316687273048e+00
7.220147936688449342e+00
1.013160082476450619e+00
9.388171645646747887e-02
4.448006983678602921e+00
1.310132502233984475e+00
2.151473594389781585e+00
7.837143774051373857e-01
2.595026287619148775e-01
2.964008590842429069e-01
5.459613195024058951e-01
1.634172622792887664e+00
9.030866512433722848e-01
5.269681386996115657e-01
5.184223431609452648e-01
2.185231928152504111e+00
3.897134429735674033e+00
1.236936918223754178e+00
1.123709380985074224e+00
2.044195392701886327e+00
1.798020697490555486e+00
7.705394576934001538e-01
1.216216270481496275e+00
2.386965794471616054e+00
6.890333586703748514e-01
4.370462014307985310e-01
3.388819951239502526e+00
1.593560689870738845e-01
3.096378558755041865e-01
1.957232632572455611e+00
