1.636213216710791869e+02
1.662425537259900352e+02
1.664739794360977783e+02
1.664753550514136862e+02
1.664231504693725867e+02
1.662460385952690274e+02
1.659659698511642318e+02
1.656261018273656589e+02
1.651613445914715612e+02
1.646282982865380404e+02
1.639962331502853772e+02
1.632721419748361313e+02
1.624521715264924637e+02
1.615075038335203317e+02
1.604788289051755612e+02
1.593696877465316390e+02
1.581224389986474534e+02
1.567974050377232516e+02
1.553587894908359885e+02
1.538705288901573454e+02
1.522539597741694593e+02
1.505807087031263336e+02
1.487988827582040585e+02
1.469705492711143506e+02
1.450667502043455670e+02
1.431228903812338729e+02
1.411142514057827952e+02
1.390586675717613048e+02
1.369596327669936784e+02
1.348490580370855980e+02
1.326875603207500944e+02
1.305166825630197422e+02
1.283397214254148082e+02
1.261349654391845121e+02
1.239426193555960793e+02
1.217617735489863833e+02
1.195648752546573093e+02
1.173976211321049874e+02
1.152199369599188685e+02
1.130962096070152825e+02
1.109751008561699592e+02
1.089068695406297991e+02
1.068291310143495139e+02
1.048187415074698094e+02
1.028082216234895583e+02
1.008393869643992247e+02
9.891704820403960241e+01
9.699933010318969195e+01
9.515422950308595773e+01
9.333816363065309929e+01
9.154939313930319145e+01
8.981428976141828002e+01
8.812816677488078199e+01
8.647854071478396065e+01
8.487164713519015891e+01
8.327048386352086595e+01
8.174794669673811143e+01
8.024255262667368527e+01
7.881412325462603974e+01
7.740960856922541211e+01
7.605292178182678242e+01
7.471379007464474853e+01
7.343758236830035457e+01
7.221528005953332752e+01
7.100340227008503291e+01
6.985766578817009531e+01
6.875456902126657610e+01
6.769242064738172360e+01
6.667164819528305486e+01
6.568391943888998696e+01
6.475292513967593777e+01
6.385275272794267920e+01
6.300508623337200476e+01
6.220795948043844703e+01
6.142913080302932372e+01
6.070484776341009336e+01
6.001727483418803644e+01
5.938161840564678329e+01
5.876704756765706605e+01
5.820936681352350206e+01
5.766549431973229645e+01
5.717713879752147221e+01
5.669074824713419503e+01
5.625724212340006858e+01
5.585712105871380118e+01
5.548839231005040773e+01
5.514810605962376400e+01
5.482470869552233239e+01
5.453409395181839159e+01
5.427038693066319297e+01
5.402270910968336892e+01
5.379929066673334148e+01
5.360078552773812532e+01
5.340802949920523446e+01
5.321720492325762564e+01
5.308185034878217579e+01
5.293395226335155002e+01
5.281622774130542552e+01
5.271034027005030964e+01
5.258811896497972072e+01
5.248823309393667813e+01
5.241976986963287288e+01
5.234383274229680438e+01
5.226691860573028947e+01
5.220178573626191820e+01
5.211739151059295949e+01
5.206303969721335534e+01
5.201895752281765084e+01
5.195312992220171822e+01
5.190786947547345420e+01
5.186223343393014318e+01
5.180156664989867465e+01
5.175157928190651546e+01
5.169856629938374937e+01
5.164548816817271870e+01
5.159539432067952447e+01
5.153847299154004702e+01
5.145820611567984315e+01
5.140720141961863021e+01
5.135353150865808658e+01
5.127174074295071904e+01
5.120155582621779899e+01
5.113473560202464796e+01
5.104746086828405538e+01
5.096533823125284357e+01
5.088546619263085802e+01
5.078350995987188554e+01
5.069853262835830066e+01
5.059416926302434092e+01
5.050158887477927294e+01
5.040381020232290865e+01
5.030246702962115535e+01
5.017984141574893187e+01
5.006732883001359369e+01
4.994051338176191734e+01
4.982864593734790759e+01
4.969920735928745614e+01
4.956704484611398698e+01
4.943435676493987785e+01
4.929342978053891500e+01
4.916263108024178052e+01
4.901589229369982093e+01
4.887474296553958908e+01
4.872592691970628920e+01
4.858544744992597941e+01
4.844215197759328362e+01
4.827079225194295020e+01
4.811282705889392020e+01
4.794882106127572285e+01
4.779299491295405744e+01
4.763727728102641379e+01
4.746596801074419147e+01
4.729479370683024797e+01
4.713928814781838383e+01
4.696471513808567266e+01
4.680503197070244426e+01
4.662178448911164708e+01
4.645886023530617592e+01
4.627789703628465645e+01
4.610979002898925927e+01
4.592132749793912438e+01
4.574289497352782519e+01
4.557274728904434369e+01
4.537446096182908661e+01
4.519449982938586885e+01
4.500661428449804191e+01
4.483477373018950374e+01
4.464162707170877553e+01
4.445878522236260721e+01
4.428607610061087030e+01
4.410436367570137151e+01
4.391620597796762837e+01
4.372833376367600522e+01
4.353485694813674911e+01
4.335354855123510021e+01
4.317334782796830694e+01
4.297860156674892096e+01
4.279902146314483247e+01
4.262943569620565398e+01
4.243781586259070338e+01
4.225443771753732847e+01
4.207701999819979477e+01
4.190423745620775264e+01
4.172646176700659737e+01
4.155185668141851352e+01
4.136675049948348004e+01
4.118824048638581559e+01
4.101418393683041330e+01
4.082410892430944926e+01
4.064424621253378689e+01
4.046081987407011837e+01
4.029039738880239696e+01
4.012515140244844503e+01
3.994399174245519646e+01
3.976451264023380361e+01
3.960884664529815780e+01
3.942539464649266279e+01
3.925822816146150984e+01
3.908713088944498537e+01
3.892105595340964896e+01
3.875107513491256128e+01
3.858200527521027112e+01
3.841457392211624011e+01
3.825105564688067261e+01
3.809497676647086450e+01
3.792667866299234447e+01
3.776384531236462294e+01
3.761997349373746857e+01
3.745326776974188476e+01
3.729302404909530111e+01
3.712813191972612969e+01
3.697769481669504898e+01
3.681498710482088654e+01
3.665585313425425795e+01
3.650556490329397263e+01
3.635143500068038236e+01
3.620984879897491737e+01
3.605952659571808994e+01
3.590333414978584159e+01
3.576193115906495024e+01
3.560886767411657416e+01
3.547931984602505651e+01
3.534219673768522796e+01
3.519774201001845881e+01
3.504791542069977339e+01
3.491256364282482849e+01
3.477345949853012996e+01
3.462404348706519386e+01
3.449581625808237817e+01
3.436620523387032478e+01
3.422767834110727847e+01
3.410153329605469708e+01
3.397753919132215827e+01
3.384066690844745295e+01
3.372306746808953193e+01
3.358493456259116527e+01
3.347079830539102119e+01
3.333887911001016846e+01
3.322107575427410353e+01
3.309812417236581439e+01
3.297723079099688448e+01
3.285983238406782192e+01
3.274058900562567942e+01
3.262741591397948326e+01
3.252433749481934200e+01
3.240990990240618430e+01
3.230312548363826863e+01
3.218678405733157177e+01
3.208667302968031265e+01
3.198547928425094966e+01
3.188626971061333393e+01
3.178513463062086686e+01
3.168878768805748436e+01
3.158966621077899006e+01
3.149066255179764084e+01
3.139480607299752535e+01
3.130170018684193067e+01
3.121436646257551928e+01
3.112363824984842253e+01
3.104013514080706670e+01
3.094614691171284804e+01
3.087180306878588354e+01
3.079467223371663209e+01
3.071493718291339192e+01
3.064172437716950625e+01
3.056309781365650124e+01
3.049223721072585747e+01
3.041147331734526205e+01
3.034776256315219101e+01
3.027683285253035450e+01
3.022622943864845979e+01
3.016752118771162117e+01
3.010633241209115951e+01
3.005754954115295163e+01
3.001594514381169887e+01
2.997038321651199055e+01
2.993927394649901430e+01
2.990429505856550918e+01
2.987149946477575924e+01
2.983188602447314963e+01
2.981202625181344956e+01
2.977833754553550349e+01
2.976627393640173480e+01
2.974382702835067604e+01
2.974766479104020789e+01
2.975322832465691647e+01
2.975861851823953330e+01
2.977290400822442606e+01
2.978304447588249459e+01
2.982539946282390275e+01
2.985252201306573738e+01
2.987233414477302773e+01
2.992389987595708689e+01
2.998829620923816108e+01
3.005448983681063169e+01
3.011754798023915924e+01
3.021537307629935754e+01
3.031683108188232367e+01
3.043636024595492984e+01
3.056983327570681652e+01
3.071973214284685127e+01
3.088070312726517130e+01
3.106751832159370963e+01
3.127383610537991743e+01
3.149350195567953747e+01
3.174998039626750668e+01
3.203896137759706164e+01
3.235604698398646661e+01
3.274362897475575096e+01
3.315958721615606919e+01
3.363311545957727589e+01
3.417649115935083870e+01
3.478703909727222054e+01
3.546784612960394156e+01
3.621591810000995793e+01
3.702629796371746806e+01
3.792204779892085043e+01
3.886453038767572110e+01
3.982529687481191161e+01
4.075388354800404045e+01
4.165830067967272754e+01
4.240014046167884487e+01
4.295454448740197506e+01
4.327035282317800835e+01
4.324048159500245703e+01
4.280742435833825965e+01
4.195468256862192646e+01
4.062107209425343513e+01
3.881843005303613836e+01
3.661019851915968815e+01
3.399263631414662967e+01
3.108899777751956250e+01
2.795214442066876259e+01
2.471306081622990547e+01
2.144790776858363301e+01
1.829457044506765939e+01
1.530218508618166418e+01
1.256634989399675106e+01
1.012021933476193780e+01
7.995467979268387815e+00
