1.638079340690765093e+02
1.666130274303110070e+02
1.668978306861439194e+02
1.669183082181919531e+02
1.668772535454761794e+02
1.667117999889505597e+02
1.664392429528594732e+02
1.661080493593602512e+02
1.656515936728526697e+02
1.651285817390259751e+02
1.645044936459045744e+02
1.637845261469222180e+02
1.629692024287431877e+02
1.620342383448682142e+02
1.610051425227526920e+02
1.599058790084462487e+02
1.586627600681820809e+02
1.573438198591968842e+02
1.559091678405478092e+02
1.544296462493047670e+02
1.528217113308848241e+02
1.511524583315617747e+02
1.493787292902385957e+02
1.475610683507043461e+02
1.456683147072292002e+02
1.437357316124071644e+02
1.417407999079590013e+02
1.397069240447213190e+02
1.376305986701799782e+02
1.355474387443659623e+02
1.334090098349623190e+02
1.312746879432931735e+02
1.291386095190444507e+02
1.269820985791439085e+02
1.248501395852472768e+02
1.227306755972189052e+02
1.206176308773934949e+02
1.185476412196809690e+02
1.164828622273147118e+02
1.144844982962167279e+02
1.125101211912699455e+02
1.106087738663137401e+02
1.087293177818995389e+02
1.069316170765156500e+02
1.051757606557638098e+02
1.034839693150599373e+02
1.018769836111639080e+02
1.003029513293457882e+02
9.883979040897824575e+01
9.744307621234594308e+01
9.609305849214237583e+01
9.485004719509511517e+01
9.369065030224277280e+01
9.259319091972687943e+01
9.157897448341836366e+01
9.061155943005951485e+01
8.974305855462247905e+01
8.891257396409493197e+01
8.818475316859526458e+01
8.750981398530613831e+01
8.688758865129258879e+01
8.631232529881181392e+01
8.580491184296300844e+01
8.535515681481916772e+01
8.492815178218917538e+01
8.456455715516467819e+01
8.423242884756768944e+01
8.393865866602291703e+01
8.367432761787456741e+01
8.343046518828120384e+01
8.322176810946930914e+01
8.301532354404967862e+01
8.284842354059556158e+01
8.269623974594874483e+01
8.252466362671127342e+01
8.238886963953900988e+01
8.224231513821246153e+01
8.214023760579040356e+01
8.199296785485383054e+01
8.187599451097554493e+01
8.174532692794635125e+01
8.162742486489638338e+01
8.146634471931336918e+01
8.131979608696974537e+01
8.117257071498313792e+01
8.100732865711121633e+01
8.085753941996773619e+01
8.065832079818775924e+01
8.049672478112616147e+01
8.030615790959294031e+01
8.009656622582252794e+01
7.988519346051582204e+01
7.966988635981094546e+01
7.941608097033046931e+01
7.916556639221394676e+01
7.891016386564299978e+01
7.862621773898068511e+01
7.836792544117221837e+01
7.808727743730617021e+01
7.777950847039200255e+01
7.747824240433308773e+01
7.716372698196889246e+01
7.685275283841387761e+01
7.651523771304466948e+01
7.618784782305367287e+01
7.582073841829266314e+01
7.548003090558160011e+01
7.512179792430870862e+01
7.474816582601751236e+01
7.438807612922835233e+01
7.401868449853803611e+01
7.361145088454145480e+01
7.322208504687019115e+01
7.284330248210656578e+01
7.244210209260032229e+01
7.203746944892415627e+01
7.163505718249572851e+01
7.120881357251889199e+01
7.081331923586267862e+01
7.040070446182089370e+01
6.997988822899547756e+01
6.955596702061858139e+01
6.915208271388668493e+01
6.872104410797783203e+01
6.830656635576133340e+01
6.789952727479365535e+01
6.746437501023095251e+01
6.705479427879708965e+01
6.661628114108859222e+01
6.620095966788200315e+01
6.578156795553370273e+01
6.536663210785597755e+01
6.494494302137873376e+01
6.452371193049222597e+01
6.411736842999025043e+01
6.368265617705609571e+01
6.327717541763525588e+01
6.283942215388497488e+01
6.243898345788299764e+01
6.202174578268414251e+01
6.160948581503090793e+01
6.120294638227033346e+01
6.078651271610647910e+01
6.039039574821895684e+01
5.998330252915454253e+01
5.958862558287034261e+01
5.918391441021739752e+01
5.880127188041139163e+01
5.841208619097903210e+01
5.804028873455318660e+01
5.766630787054684504e+01
5.727200143417748279e+01
5.688358948985063535e+01
5.652017195265774774e+01
5.613542330933418611e+01
5.576653138509366414e+01
5.539882343538995713e+01
5.503455496819768911e+01
5.466590602325077697e+01
5.431615442730313958e+01
5.394495000864502998e+01
5.359350087055240408e+01
5.325262580928234968e+01
5.289395519994764783e+01
5.253852865666819838e+01
5.221528384813150581e+01
5.187158191321523049e+01
5.152160754303523760e+01
5.119355795263145836e+01
5.085669468353193423e+01
5.052719786143844516e+01
5.019691131619236302e+01
4.988415271300582532e+01
4.956308243589511875e+01
4.926634314750040033e+01
4.895156750209436325e+01
4.864709047750067583e+01
4.834445287349600306e+01
4.806010834848185453e+01
4.774070572855178796e+01
4.745738704146616982e+01
4.716145853264954013e+01
4.688849723045002094e+01
4.660302221580552384e+01
4.631209292082857587e+01
4.603865124037500323e+01
4.575974810660525094e+01
4.549333658344441744e+01
4.520822442414025488e+01
4.495224273666344317e+01
4.468383761836610546e+01
4.441774698893043194e+01
4.416361402223910204e+01
4.390724316959516926e+01
4.364242475678836541e+01
4.340163019895723551e+01
4.315038658780214575e+01
4.289051458499329783e+01
4.264918565475533541e+01
4.241517715613080242e+01
4.217226557719270374e+01
4.193221311369916293e+01
4.170459166938601214e+01
4.148165555327527443e+01
4.125756698527250421e+01
4.102924783829437416e+01
4.081069005035654840e+01
4.059452641355007785e+01
4.036896226066125593e+01
4.016635581816318989e+01
3.994626605340152281e+01
3.973433832494291806e+01
3.953589006541609763e+01
3.932167545820433219e+01
3.911198264638230171e+01
3.891381734348948385e+01
3.872944056771339660e+01
3.852377882576963941e+01
3.832391986473388812e+01
3.813478010424955045e+01
3.794148943514024097e+01
3.775979973774828835e+01
3.758386164874482205e+01
3.739043242508973464e+01
3.721260437163393675e+01
3.703548995082058326e+01
3.685310725691800826e+01
3.668010868970043958e+01
3.650673137315497030e+01
3.634619402275244937e+01
3.617155895741684901e+01
3.600562029766987848e+01
3.584802893211723074e+01
3.568379417792998254e+01
3.552921004205664701e+01
3.536028105053365778e+01
3.521434366723305232e+01
3.504900383535181874e+01
3.489983499242482168e+01
3.475550779774732035e+01
3.460945787264040518e+01
3.445160236527631525e+01
3.430914852172679730e+01
3.416410772136683960e+01
3.402962259947430113e+01
3.390742199314240679e+01
3.375188815111739871e+01
3.361903723297218249e+01
3.349841500319745080e+01
3.337481628646812482e+01
3.324626657608149571e+01
3.311433113903743219e+01
3.300375644861681934e+01
3.287601278169285735e+01
3.275300613412044015e+01
3.264808991077391198e+01
3.253612623096957179e+01
3.244003793300078797e+01
3.232701302550097466e+01
3.221241182336399334e+01
3.211178593732652331e+01
3.201705303767135291e+01
3.191717293024364821e+01
3.182549595076372384e+01
3.172421883104541962e+01
3.163323559089008796e+01
3.154225245662273025e+01
3.145765787669795799e+01
3.137740426357054346e+01
3.129242506538263058e+01
3.122683796532995260e+01
3.115706014517459010e+01
3.108201886435242756e+01
3.101695437228754315e+01
3.095734986627189755e+01
3.090400657845341215e+01
3.085155178445926438e+01
3.080358233735819695e+01
3.075440335099833433e+01
3.070572407405754589e+01
3.068942079338543039e+01
3.065113602569853768e+01
3.061105436816026071e+01
3.058899478207352729e+01
3.057141401302658679e+01
3.056285227163374074e+01
3.055285118267642375e+01
3.055250923877762048e+01
3.055621843640919622e+01
3.058506908105596978e+01
3.059980474363202774e+01
3.063006622698260628e+01
3.066708568476983388e+01
3.071988058867263760e+01
3.078230053776913167e+01
3.084696682729961736e+01
3.093037820779228042e+01
3.103500451662785764e+01
3.114940051683451827e+01
3.127497618241636701e+01
3.141420234168539949e+01
3.156267844804243339e+01
3.174881380122505092e+01
3.194527287237710667e+01
3.216976208818721972e+01
3.241833500799015866e+01
3.270301596623033902e+01
3.302076745298603555e+01
3.339941591900515760e+01
3.382183495471319645e+01
3.430354791316980112e+01
3.484864540341450834e+01
3.545622964366851448e+01
3.614386645975814361e+01
3.690787540178536830e+01
3.772595059756392999e+01
3.863840130787363591e+01
3.958703121974509287e+01
4.055505651668843115e+01
4.149701510372047153e+01
4.237817037264661479e+01
4.312072048241414279e+01
4.369687722996975765e+01
4.400237655550250082e+01
4.394693378292781460e+01
4.352120940045837472e+01
4.260970573916257820e+01
4.124406497062289390e+01
3.941945212249316199e+01
3.719631859599780910e+01
3.452849947163760191e+01
3.155273677543231869e+01
2.836688455639093220e+01
2.506368111920910735e+01
2.177788799273713494e+01
1.856229550312505339e+01
1.552355954481372358e+01
1.275616138007186606e+01
1.027593545941402553e+01
8.111598029892880035e+00
