1.635707026479389867e+02
1.661419110591790513e+02
1.663398178310816604e+02
1.663234285558193051e+02
1.662606146681223720e+02
1.660780743626587821e+02
1.657906674402246665e+02
1.654504184902539521e+02
1.649798207817537161e+02
1.644421309702984502e+02
1.638098138631907545e+02
1.630788200115646305e+02
1.622536972263877715e+02
1.613089686852721627e+02
1.602757492054257114e+02
1.591601549302210117e+02
1.579090446436852346e+02
1.565813205694982457e+02
1.551435738524559156e+02
1.536503268773653872e+02
1.520333979705642946e+02
1.503591844018508539e+02
1.485746625833190251e+02
1.467471402541690111e+02
1.448364657159889930e+02
1.428970860941489889e+02
1.408798527877514175e+02
1.388245113465172551e+02
1.367268650873195099e+02
1.346102703764981072e+02
1.324472100540032216e+02
1.302800359947339643e+02
1.281004689406462944e+02
1.258874158926180939e+02
1.236966593875048233e+02
1.215134974824611334e+02
1.193144975385369264e+02
1.171438939231567247e+02
1.149635036267032291e+02
1.128372122110718152e+02
1.107134803792665849e+02
1.086391914595250370e+02
1.065599840152730025e+02
1.045442635499137225e+02
1.025263196084721500e+02
1.005524261090787093e+02
9.862371214969667221e+01
9.669893693592612749e+01
9.484715890514739556e+01
9.302187064973620068e+01
9.121885968525205612e+01
8.947032914099825973e+01
8.776692865159229484e+01
8.610267903319548566e+01
8.447808298409663053e+01
8.285323168510350911e+01
8.129804121902191127e+01
7.976192754747940228e+01
7.829480120372205931e+01
7.685429240854233512e+01
7.544424924501163332e+01
7.404880142919563468e+01
7.270870596262551544e+01
7.141339577169901531e+01
7.011541358422135772e+01
6.887940491357063877e+01
6.767225114993671298e+01
6.649468644107066950e+01
6.534598841844663752e+01
6.422378159190380131e+01
6.314259713197903068e+01
6.207721474612315404e+01
6.105732316617785216e+01
6.006595772796968191e+01
5.909154834002639944e+01
5.815003996498182204e+01
5.723746829754863086e+01
5.636086044209675805e+01
5.548890330338051058e+01
5.467384652204778206e+01
5.385776954117580573e+01
5.309343939785360789e+01
5.232817426829308971e+01
5.159781969004730229e+01
5.090461767400321946e+01
5.023656502294807069e+01
4.957931009299672098e+01
4.895510204535148802e+01
4.836027960407492543e+01
4.778404432076278852e+01
4.723504577705333674e+01
4.671231727418353330e+01
4.621736294049046023e+01
4.573283609125503091e+01
4.526943355990470508e+01
4.484730795523292102e+01
4.442867705885238649e+01
4.404504589096553246e+01
4.367965353029070741e+01
4.332512392938956225e+01
4.299404075071134201e+01
4.269429061633325517e+01
4.241311007869268224e+01
4.213931761901414319e+01
4.187912126935663792e+01
4.163620100359089804e+01
4.141846410474927609e+01
4.122187851619698762e+01
4.101688797267541986e+01
4.085095441631864333e+01
4.069730344167456337e+01
4.053407462913916248e+01
4.039564961097135409e+01
4.026896833319452895e+01
4.016305805780684324e+01
4.005687783375638844e+01
3.995651823073622921e+01
3.984715209980747375e+01
3.977360956736590936e+01
3.970183856147373547e+01
3.961884105371758835e+01
3.955191945052755642e+01
3.951072729931349414e+01
3.944873495305492384e+01
3.940546485052100678e+01
3.937624844856372874e+01
3.931532307861954223e+01
3.928526011541881502e+01
3.925142557394190135e+01
3.921662548194280618e+01
3.918983199703836107e+01
3.916398632153249082e+01
3.913848728782079434e+01
3.910911987421685154e+01
3.909374281323709965e+01
3.907089561856459881e+01
3.904543061248374158e+01
3.901054408103628646e+01
3.898592832231865657e+01
3.895548937338548257e+01
3.894159651293890789e+01
3.891312886946553107e+01
3.889215261461502138e+01
3.886276828574585096e+01
3.883786763022255428e+01
3.880080572182406229e+01
3.877024000100283985e+01
3.873708309764685254e+01
3.870017509787156484e+01
3.866247983364647212e+01
3.862543483809559319e+01
3.857611584308094876e+01
3.853602464010801754e+01
3.850490011799976031e+01
3.845935815115267076e+01
3.840557403106825518e+01
3.835072229676583078e+01
3.830498130412772184e+01
3.824818620693375237e+01
3.819881523156094261e+01
3.814869429207325879e+01
3.809014661225545240e+01
3.803928315349333644e+01
3.796867364360011265e+01
3.791679601489213525e+01
3.784733994229345910e+01
3.777373782193711094e+01
3.770127610550748187e+01
3.762102215639576031e+01
3.756835805709882692e+01
3.749157817365558998e+01
3.741172931421984060e+01
3.734129135300535296e+01
3.726316271395840118e+01
3.719409098969141070e+01
3.710852260204201514e+01
3.702601131648300026e+01
3.695145041117576312e+01
3.687064971025544224e+01
3.678287585176931884e+01
3.669476078667473473e+01
3.660626900098693426e+01
3.652643151774556429e+01
3.643886613228488613e+01
3.634618308676532195e+01
3.626313150571454713e+01
3.616130956379355865e+01
3.607558456842674133e+01
3.597576596958916184e+01
3.588008476858430384e+01
3.578505776906744984e+01
3.569080821065151099e+01
3.560320891738413707e+01
3.550172495746029711e+01
3.539898215385414204e+01
3.530768883645874467e+01
3.521985892919040850e+01
3.510465757125436426e+01
3.500890715328080915e+01
3.492716891913062938e+01
3.481053440538842381e+01
3.472104191153209030e+01
3.461438123612578011e+01
3.452538931239590170e+01
3.442727717832579515e+01
3.432358844298017431e+01
3.422775585321527814e+01
3.413186753072055524e+01
3.402408700230256500e+01
3.392711548886312301e+01
3.382995843274637338e+01
3.372155307285706982e+01
3.362114897756794818e+01
3.352222759380157413e+01
3.343384199374010279e+01
3.333227599791592866e+01
3.322721848355537588e+01
3.314067592458812328e+01
3.303174180952728278e+01
3.293907631798367674e+01
3.284283324514374414e+01
3.275083489756498523e+01
3.264985274024816420e+01
3.255142603561691317e+01
3.244383545585009188e+01
3.235792794969293595e+01
3.225438656801881621e+01
3.216310149855549838e+01
3.206779367186784668e+01
3.197515380428682974e+01
3.187926118750736038e+01
3.178848744237424029e+01
3.170162800214129462e+01
3.160819167580713440e+01
3.152499120869753924e+01
3.142867510223082306e+01
3.134582489577377018e+01
3.125008850993960863e+01
3.115740717638776403e+01
3.106421962449896768e+01
3.098346069967612237e+01
3.090017059049029058e+01
3.081229073727934775e+01
3.072528034464209767e+01
3.064280377323169802e+01
3.056247563377801058e+01
3.048073704379889648e+01
3.039702589227991680e+01
3.031812524189513525e+01
3.024735693456443997e+01
3.017190409251657002e+01
3.009471471887292537e+01
3.001944258468886062e+01
2.993908738111701950e+01
2.987047065821466774e+01
2.980482963474636549e+01
2.974069152314782727e+01
2.967365626361054254e+01
2.960451571212496802e+01
2.954106549780243540e+01
2.948097525480572756e+01
2.942717106660546733e+01
2.936457565377459744e+01
2.931069867835074660e+01
2.924941678663350331e+01
2.920085477818747322e+01
2.915610521763644414e+01
2.910363049133945879e+01
2.905312065991998338e+01
2.900006111835769573e+01
2.895794990301350325e+01
2.891855756487659335e+01
2.888132348462537280e+01
2.885209384141032274e+01
2.882058718568080025e+01
2.878399289850641196e+01
2.876747178520663795e+01
2.874202258637432550e+01
2.872836756295324534e+01
2.871410420539411135e+01
2.871282792296652175e+01
2.869830192692900894e+01
2.869845736673985570e+01
2.868568268326827209e+01
2.869941178348436139e+01
2.871419457620307725e+01
2.873124344112921236e+01
2.876134999319724272e+01
2.879537487558675579e+01
2.883650934662938781e+01
2.887238607027823534e+01
2.891499286946242364e+01
2.897411660786898224e+01
2.904529206130182217e+01
2.912479572448624765e+01
2.920914989616758461e+01
2.930758522536807575e+01
2.942057834924989379e+01
2.953838721608322970e+01
2.966829640990739492e+01
2.981745018279062620e+01
2.998734108531414222e+01
3.018371157556861561e+01
3.039241528155504568e+01
3.062757765795851128e+01
3.089543460273079845e+01
3.119151566945911114e+01
3.151614488566033501e+01
3.188363448126642652e+01
3.230578362047650387e+01
3.277284539289847487e+01
3.329762219403447432e+01
3.389267809535068920e+01
3.459756811615079641e+01
3.534739605916566063e+01
3.616035388995646116e+01
3.703870266329521854e+01
3.797915897697741627e+01
3.890387562848993497e+01
3.983795842518568975e+01
4.070882428176635415e+01
4.144702723756162754e+01
4.201581318273557741e+01
4.231251521897648615e+01
4.228015009706595606e+01
4.187452522038157099e+01
4.104685985098839041e+01
3.973906465957406908e+01
3.799909404289957138e+01
3.582163656700172538e+01
3.328732470067733118e+01
3.041078954626719622e+01
2.733827475536012130e+01
2.415344773247836585e+01
2.098422237717892003e+01
1.789110770814295392e+01
1.498728066749944254e+01
1.231350362816527344e+01
9.923903154396672477e+00
7.827750480170653447e+00
