1.635894514468959642e+02
1.661803863195874840e+02
1.663910118909871301e+02
1.663824300687884943e+02
1.663253857814943046e+02
1.661453369762390082e+02
1.658580141650446365e+02
1.655224720215435923e+02
1.650510286474586223e+02
1.645158577293686335e+02
1.638848797114094680e+02
1.631566830878145993e+02
1.623310301375450706e+02
1.613890553901067051e+02
1.603569415877035169e+02
1.592417966668369900e+02
1.579966536494691240e+02
1.566696914691648033e+02
1.552304629684927875e+02
1.537384290108622338e+02
1.521218090807861927e+02
1.504492374244204029e+02
1.486643246762720878e+02
1.468359115469123708e+02
1.449311181940102244e+02
1.429895450241057802e+02
1.409742736043469051e+02
1.389161478065124697e+02
1.368234195115798286e+02
1.347062887246090952e+02
1.325439689649284958e+02
1.303775547212828201e+02
1.281944645245231982e+02
1.259862958675925739e+02
1.237942523777353756e+02
1.216137903871589856e+02
1.194151718756992295e+02
1.172442054953085488e+02
1.150661223212498641e+02
1.129399326994673629e+02
1.108174038292168717e+02
1.087416825884670715e+02
1.066626342547852460e+02
1.046487102164591221e+02
1.026306833040838455e+02
1.006590664806143138e+02
9.873279350735104742e+01
9.680902381922257405e+01
9.496153613922261627e+01
9.313921548867557476e+01
9.133792196958198417e+01
8.958907056045914885e+01
8.789231022677863336e+01
8.622826296695980375e+01
8.460198786274742133e+01
8.298424924974742112e+01
8.143789572980405467e+01
7.990398473430870752e+01
7.844495119779672621e+01
7.700803125615901479e+01
7.560667942638741579e+01
7.421925122196556401e+01
7.288799356505985827e+01
7.160496756459137657e+01
7.032446334450436609e+01
6.910086621846855337e+01
6.791406079653441452e+01
6.675858711518617383e+01
6.563661488859656856e+01
6.454058515657537498e+01
6.348800446821426391e+01
6.245587976019086085e+01
6.147570750635247094e+01
6.053462048981673860e+01
5.959736730617824918e+01
5.871336511681445103e+01
5.785275255562681451e+01
5.704184188893970742e+01
5.624126648477527368e+01
5.550097587830542523e+01
5.475961255857671262e+01
5.406804289068873715e+01
5.339543054443770842e+01
5.275755883778408872e+01
5.216496107598771204e+01
5.158940757089335705e+01
5.104151618673528645e+01
5.052188920346846857e+01
5.004330150876894123e+01
4.957830535526277060e+01
4.914491404210633618e+01
4.873664844437595889e+01
4.835827089376936527e+01
4.799460600542206379e+01
4.765450103844043639e+01
4.734789667045667017e+01
4.705031169886189701e+01
4.678861087264886010e+01
4.654226796744897143e+01
4.629580896646546506e+01
4.607828898347820257e+01
4.589095589594377600e+01
4.571847875007250650e+01
4.554540101344793612e+01
4.539612426567314429e+01
4.525131685078930133e+01
4.512164714571400737e+01
4.501209080509497085e+01
4.489619084934187754e+01
4.480752874793977014e+01
4.472444751084266557e+01
4.463427173051806562e+01
4.456017155986689460e+01
4.449180318634768128e+01
4.443933579535217149e+01
4.439035847751136288e+01
4.434454172477007461e+01
4.427715942391414927e+01
4.423974792382256993e+01
4.420114761164396810e+01
4.414491626082333653e+01
4.411160325546988759e+01
4.407895103480298360e+01
4.403221231701572691e+01
4.400869169743359066e+01
4.397512024422800891e+01
4.393473786190501329e+01
4.389853762256515779e+01
4.386482583854364492e+01
4.383826257411143246e+01
4.380216086137409803e+01
4.376840063895128452e+01
4.371075189428506036e+01
4.367340947912568794e+01
4.363645913121737863e+01
4.358688469607180593e+01
4.354687583842359544e+01
4.348228534249039257e+01
4.342806614357852624e+01
4.337139634833562241e+01
4.330365259128208777e+01
4.324536885440703315e+01
4.319099236078215398e+01
4.312613320597120747e+01
4.306048792084603605e+01
4.297870293004120157e+01
4.290549841358013339e+01
4.283489922314718967e+01
4.275232768580856657e+01
4.268265336338074434e+01
4.259996543954912340e+01
4.250845920847494597e+01
4.242862984709616114e+01
4.234580953111103696e+01
4.224930820543277576e+01
4.214582900414220745e+01
4.204647257886630740e+01
4.196702869659943502e+01
4.186057394372914331e+01
4.175807373519746335e+01
4.165662632094861095e+01
4.154195172444934059e+01
4.144606532722852421e+01
4.132552353167581316e+01
4.122091464079132095e+01
4.110248484424568005e+01
4.099494711057774765e+01
4.086419278703674252e+01
4.073983935462955230e+01
4.063799223890581658e+01
4.052606555850100989e+01
4.039765923180336671e+01
4.026966136549484077e+01
4.014148954916802836e+01
4.004070787189500180e+01
3.991098592203012885e+01
3.978765711349888079e+01
3.965866524519425695e+01
3.954055460865249216e+01
3.941310173724795618e+01
3.928384595133311308e+01
3.916606272578479775e+01
3.904616214756195802e+01
3.891949889424735431e+01
3.879405666168239009e+01
3.865085037217657771e+01
3.853117574010794755e+01
3.840407660816470070e+01
3.826556077355451180e+01
3.812795891231665024e+01
3.800034182032772634e+01
3.786692192032496251e+01
3.774556224548252459e+01
3.760743866701517391e+01
3.747780944076660603e+01
3.735238514725125469e+01
3.721309350548133210e+01
3.706990611971925631e+01
3.693516532227522475e+01
3.681690792581666472e+01
3.668219348507264499e+01
3.655596463548375397e+01
3.642454362403424284e+01
3.630708603401021861e+01
3.618387012555023574e+01
3.605302444594049405e+01
3.592215885856303004e+01
3.579709898021203429e+01
3.565504369347046065e+01
3.553715489986606713e+01
3.541020866198003603e+01
3.528235548733120197e+01
3.515906587515453907e+01
3.503451371634511702e+01
3.490554649945899257e+01
3.479256439920925459e+01
3.467594103576611531e+01
3.454785882676091546e+01
3.442491362227700336e+01
3.431487306431870365e+01
3.418966649536961455e+01
3.406719285350401805e+01
3.395580676997484915e+01
3.382936960040900232e+01
3.371749047605577232e+01
3.359402333668643337e+01
3.347963687162721413e+01
3.335403459802365944e+01
3.324167666638193452e+01
3.312911156451455241e+01
3.301976128747294581e+01
3.289970395940125769e+01
3.279789733283043063e+01
3.268528379840715559e+01
3.258217197770978402e+01
3.247612586895407105e+01
3.237257119195025723e+01
3.225465421148010137e+01
3.215462863270251859e+01
3.205464891771032399e+01
3.195139941052729071e+01
3.184751746689651242e+01
3.174950149373346164e+01
3.164261874337429958e+01
3.156008493851792807e+01
3.146052445111351048e+01
3.136311519804581494e+01
3.126495711570768421e+01
3.117847462922024349e+01
3.109691756493702997e+01
3.099823789822687203e+01
3.090871977525861780e+01
3.082892673089871494e+01
3.073696682773220701e+01
3.066012885929138321e+01
3.059296031198361732e+01
3.051066536090919712e+01
3.042380257445336511e+01
3.034641176702765009e+01
3.026935483354743184e+01
3.019773388130509062e+01
3.013374877159989751e+01
3.006470419255446913e+01
3.000039809771191912e+01
2.993106122699979110e+01
2.987764016959216562e+01
2.981566500738512104e+01
2.975519725722524456e+01
2.969036503245434488e+01
2.963703738596402459e+01
2.958715357221794662e+01
2.953650696847076063e+01
2.949183539358778816e+01
2.945033860579352591e+01
2.940698431838895388e+01
2.937195215836909057e+01
2.934398311638451062e+01
2.931219950402408259e+01
2.929609896121480617e+01
2.927475785628567451e+01
2.925665182032078349e+01
2.924088742217318426e+01
2.923571287134205221e+01
2.922116457950982849e+01
2.922910519553375508e+01
2.923990920488905587e+01
2.924587523636540709e+01
2.926908045705812711e+01
2.929405725914703140e+01
2.933042446187252139e+01
2.936566539575293078e+01
2.940394100671104738e+01
2.945506511364185442e+01
2.952445798234592189e+01
2.958134238212845446e+01
2.965330200564737240e+01
2.974943488780277434e+01
2.986436336451984630e+01
2.999664376829765544e+01
3.013380123760899565e+01
3.027407463576971125e+01
3.044044115593724342e+01
3.061899292655106208e+01
3.082404285836115676e+01
3.104225306834772269e+01
3.130418011430195691e+01
3.160708388787622525e+01
3.192472745099107811e+01
3.229809075691729703e+01
3.272076911250430697e+01
3.319361038150452003e+01
3.373271756591392290e+01
3.434400123486891232e+01
3.503128677268758651e+01
3.578206759835256889e+01
3.659327182958653424e+01
3.749314488802521339e+01
3.842682405146213398e+01
3.936723865883251960e+01
4.030376756680563943e+01
4.116270825633326780e+01
4.190788787082145461e+01
4.246535086198768738e+01
4.277432167153137499e+01
4.275596331899550506e+01
4.233021351981193448e+01
4.146932153577613178e+01
4.016068449670319751e+01
3.839778713196510296e+01
3.620229763033508164e+01
3.363043277878215065e+01
3.075587195041369881e+01
2.763248536277744805e+01
2.443718110191003845e+01
2.121563815643544970e+01
1.808451128001689057e+01
1.514829928121587166e+01
1.245503721178245904e+01
1.003276179772101528e+01
7.918160032118524150e+00
