1.635658236334415676e+02
1.661314197005188760e+02
1.663254342607191063e+02
1.663060494835346788e+02
1.662411563139885402e+02
1.660595808999393626e+02
1.657695593990100065e+02
1.654291688546687169e+02
1.649572379241758995e+02
1.644195512291447017e+02
1.637884452152867425e+02
1.630566148408825313e+02
1.622318291699651525e+02
1.612855537703977120e+02
1.602518923686670860e+02
1.591356604540967794e+02
1.578841198013892893e+02
1.565564901621605998e+02
1.551156272561777598e+02
1.536245122708831161e+02
1.520072914965047346e+02
1.503317155854058456e+02
1.485481640905005918e+02
1.467210458360784173e+02
1.448095616361495956e+02
1.428687842044082572e+02
1.408542394677611753e+02
1.387960574630008352e+02
1.366999641945815824e+02
1.345821386158293649e+02
1.324208171338459863e+02
1.302489569777276301e+02
1.280699925738749414e+02
1.258605078707048506e+02
1.236675143187109853e+02
1.214859263010562387e+02
1.192845749255622678e+02
1.171135702086059354e+02
1.149353340558742360e+02
1.128077809118206574e+02
1.106826536423798899e+02
1.086081091444033291e+02
1.065268002873275890e+02
1.045128766499379367e+02
1.024990172039856446e+02
1.005224181717298677e+02
9.859060790762552529e+01
9.666692577662186636e+01
9.481576702218019648e+01
9.299201164818924781e+01
9.118488807942345886e+01
8.943688554348125308e+01
8.773398390430928373e+01
8.606845533463840070e+01
8.444285517488773962e+01
8.281803079319777794e+01
8.126312438772380631e+01
7.972512209817220707e+01
7.825884508013875518e+01
7.681525159483142318e+01
7.540424406152560266e+01
7.400703377470478017e+01
7.266563565200100072e+01
7.137060581530747072e+01
7.006872723396848812e+01
6.882957849289051921e+01
6.762155494037740766e+01
6.644370641552711731e+01
6.528990979987879939e+01
6.416260829802355659e+01
6.307755428672652442e+01
6.200469226427862424e+01
6.097893856427479164e+01
5.998338043433773237e+01
5.899891964071233019e+01
5.804944308533711705e+01
5.713006021410916446e+01
5.624470238610581418e+01
5.536222376599651795e+01
5.453175904168538324e+01
5.370321131638251444e+01
5.291854153084727841e+01
5.213898083528402339e+01
5.138739121928261966e+01
5.067622744045326755e+01
4.998415068422443852e+01
4.930562823774840098e+01
4.866087605255010828e+01
4.804662877757284889e+01
4.744847524048502407e+01
4.686649462980751224e+01
4.631684820106816147e+01
4.578998518386936212e+01
4.527653636950175553e+01
4.478618520241123235e+01
4.432355462367873855e+01
4.387339864576944137e+01
4.346051588262103138e+01
4.306462779691467802e+01
4.267825534025100609e+01
4.231683641568795196e+01
4.198024779911191473e+01
4.167194149589025898e+01
4.136233325487518897e+01
4.107531692130098833e+01
4.080044755009257074e+01
4.055191835535651990e+01
4.032110697487905782e+01
4.008492448302294520e+01
3.988919116311780755e+01
3.970917714374665763e+01
3.951592627662277835e+01
3.934903475677787554e+01
3.920119025128075663e+01
3.907346336442410717e+01
3.894478845269272682e+01
3.881476231083470907e+01
3.869054877796457959e+01
3.859699459421005230e+01
3.851412668778248616e+01
3.841500993578527101e+01
3.833492456970665074e+01
3.827155774213007788e+01
3.819518492157439482e+01
3.813870431833982622e+01
3.809154036711083080e+01
3.803191127052250664e+01
3.799859834102525724e+01
3.795958645420436284e+01
3.792525390972666344e+01
3.789141346809419275e+01
3.786061808665405692e+01
3.783041403740440956e+01
3.779732468454322003e+01
3.777710782900678765e+01
3.775765821195949457e+01
3.773203979676581099e+01
3.769208283703843421e+01
3.767641167962724325e+01
3.765385801152358169e+01
3.763743367924421079e+01
3.760812124217758168e+01
3.759591159433364282e+01
3.756662777595182945e+01
3.754896860411341208e+01
3.753154116408119734e+01
3.750836463205807547e+01
3.748792610249125090e+01
3.746383023122407963e+01
3.743364985865294159e+01
3.741311552498264348e+01
3.737713084440448341e+01
3.733935212859874042e+01
3.731977213197260568e+01
3.727938972850437693e+01
3.723658050138759990e+01
3.719806667014926660e+01
3.715987713352196664e+01
3.711749267707124744e+01
3.707636953681652159e+01
3.703088580591821000e+01
3.697606253468044457e+01
3.694412094457062778e+01
3.688932102857719997e+01
3.684532915022371924e+01
3.679325440108490142e+01
3.673985023844286957e+01
3.667791845038865262e+01
3.662023189210625418e+01
3.657530177510448510e+01
3.651507355960047363e+01
3.644369011553062876e+01
3.638170692296606745e+01
3.631292065442639938e+01
3.625880458850846111e+01
3.618535039927289176e+01
3.611310999456638626e+01
3.604715599869261666e+01
3.597832712207203087e+01
3.590580498957891820e+01
3.583073314038006885e+01
3.576321343796806218e+01
3.569025057308621030e+01
3.562087860041305021e+01
3.553771299167284781e+01
3.545042864483945522e+01
3.537763587664068154e+01
3.530860777995330579e+01
3.521145141936102618e+01
3.513344858436174434e+01
3.504992160016182368e+01
3.496967472590064574e+01
3.489427174714570867e+01
3.480112149794015863e+01
3.470977855380202470e+01
3.463050351154795692e+01
3.454301413165219259e+01
3.444163640511300883e+01
3.435401237859721135e+01
3.427589609188918018e+01
3.416811039755509682e+01
3.408288246096091001e+01
3.399894434854284242e+01
3.392218470409879671e+01
3.383522653664769564e+01
3.373696505751492936e+01
3.365099753669448290e+01
3.356295638763101152e+01
3.346359340837479124e+01
3.337412126273542867e+01
3.327963682788059430e+01
3.317554772321029333e+01
3.309046737169209251e+01
3.300226822718037312e+01
3.292379424890759054e+01
3.282679926865763065e+01
3.273595628557093562e+01
3.266173095524462866e+01
3.254931366583840457e+01
3.246597494487367186e+01
3.238209253662936504e+01
3.229357680068303438e+01
3.220504345932202028e+01
3.210426817080155359e+01
3.201189010704151627e+01
3.192282595471494133e+01
3.182364123420367719e+01
3.174884353891956579e+01
3.165962709675856246e+01
3.157841767653662401e+01
3.148737614681034813e+01
3.139793307466515415e+01
3.131031897551022780e+01
3.122551088667455943e+01
3.115459218415628229e+01
3.106528757302793053e+01
3.098453250565596662e+01
3.089990238440086756e+01
3.081903679666235618e+01
3.073647280724235031e+01
3.065364512486510407e+01
3.056391253275915787e+01
3.048835135097317206e+01
3.040041807697840426e+01
3.032548707168091440e+01
3.025316571004068322e+01
3.017718233141400930e+01
3.009430742971648698e+01
3.002254114011289943e+01
2.995911281412659832e+01
2.988096266655636057e+01
2.980466898901969230e+01
2.973463666704834907e+01
2.965725748124788552e+01
2.959365154834593881e+01
2.952879925994098187e+01
2.946682335389851204e+01
2.940230697793704806e+01
2.934533800867687603e+01
2.928176650170452078e+01
2.922802993241243996e+01
2.917213884702729487e+01
2.911780833698061954e+01
2.906436025266948775e+01
2.901418427508476228e+01
2.896819730370459922e+01
2.892319686309073390e+01
2.887532912808105934e+01
2.882339979831254340e+01
2.877872286488777220e+01
2.874272596459955054e+01
2.870727966967186617e+01
2.867218083125881734e+01
2.863418582852606775e+01
2.861422710352812970e+01
2.858287664932223038e+01
2.856002467323230931e+01
2.853571828101478403e+01
2.852472761079669894e+01
2.851210912789233376e+01
2.852475987331291662e+01
2.850430680782703874e+01
2.850941705935064974e+01
2.850090667185261495e+01
2.850823376477464066e+01
2.852964995694533457e+01
2.855080540372339115e+01
2.857006956937993181e+01
2.860555718995176022e+01
2.866411600477606214e+01
2.870321586379875001e+01
2.874866429343709839e+01
2.880835296020644520e+01
2.887865439289046066e+01
2.895686370199901205e+01
2.903821030942687997e+01
2.913875535450496557e+01
2.925679919102782733e+01
2.938539643831581927e+01
2.952883700424740709e+01
2.966740010410061146e+01
2.983012091509489849e+01
3.002105544111508451e+01
3.023512455702572055e+01
3.046881266015928702e+01
3.072983794449682193e+01
3.102771349894483421e+01
3.137023061884855579e+01
3.173250722221930431e+01
3.213860706104999565e+01
3.261054558146147286e+01
3.314608786530673967e+01
3.374231123684066347e+01
3.442085321521739161e+01
3.516135643992855364e+01
3.597913474815973700e+01
3.685621308533287532e+01
3.778703482860095875e+01
3.871884548037829887e+01
3.962455028751989516e+01
4.048765481146544687e+01
4.124225711151840557e+01
4.180614727680240605e+01
4.212277643854141473e+01
4.211257073090378356e+01
4.166631832939745550e+01
4.085277783743408975e+01
3.958171155885024461e+01
3.783197969761999246e+01
3.567523310452431673e+01
3.314659119192137382e+01
3.028867583831628707e+01
2.721676012774806352e+01
2.405814654736266434e+01
2.091227190330959118e+01
1.781785181127295559e+01
1.492008990591972406e+01
1.227362406267636707e+01
9.878670582675376011e+00
7.798690719816843142e+00
