1.639502603426517453e+02
1.668739103181663381e+02
1.671731414316639643e+02
1.671998161138799901e+02
1.671624074901901054e+02
1.670034349562410512e+02
1.667288499528891919e+02
1.664055102417671890e+02
1.659509732702781548e+02
1.654320887348701206e+02
1.648121503361031159e+02
1.640951877820223501e+02
1.632796372903374618e+02
1.623471727363185551e+02
1.613293193314683549e+02
1.602350549867446432e+02
1.589963740254633251e+02
1.576856920654531393e+02
1.562649726568656376e+02
1.547918469109237378e+02
1.531954021860316288e+02
1.515447999110682815e+02
1.497934631097364786e+02
1.479960952286692191e+02
1.461289896961765464e+02
1.442390502536800909e+02
1.422859442730257911e+02
1.402881193712886727e+02
1.382695920614036709e+02
1.362460851210267379e+02
1.341821894855459050e+02
1.321383036618873064e+02
1.301037692394614282e+02
1.280618557963939281e+02
1.260538231890761409e+02
1.240943034394499023e+02
1.221403255305018973e+02
1.202569216673687862e+02
1.183952380896092222e+02
1.166285253994480087e+02
1.148998875862234428e+02
1.132660245904768033e+02
1.116686687079785401e+02
1.101839236209321626e+02
1.087437371120727931e+02
1.073872190581619321e+02
1.061346763321918729e+02
1.049213862467656782e+02
1.038319968264144535e+02
1.028151679721811860e+02
1.018529590328748071e+02
1.009912594189433861e+02
1.002155640502335956e+02
9.949640815611276423e+01
9.884933611424014543e+01
9.823097772143395900e+01
9.770864892459860584e+01
9.722171966147152489e+01
9.680449550586037333e+01
9.643140444290988000e+01
9.608820512035049433e+01
9.577484876287893201e+01
9.550809278582890727e+01
9.526649302282831400e+01
9.502637577193252127e+01
9.482708114267776978e+01
9.464960467000980771e+01
9.446592836321228503e+01
9.429201807451967454e+01
9.411989218425789261e+01
9.397506944797864037e+01
9.378914861101380041e+01
9.363600213611012180e+01
9.347849333150705320e+01
9.328907142951582898e+01
9.310973796164087446e+01
9.290742490916247220e+01
9.270839279831129431e+01
9.248870338562080917e+01
9.226869440800835775e+01
9.202576089324261943e+01
9.178183353147102252e+01
9.149660837171927597e+01
9.123906548288869089e+01
9.093497850736278565e+01
9.062570349406315984e+01
9.031220231741681914e+01
8.996077361859441623e+01
8.962582620920576915e+01
8.925669004977736165e+01
8.888581617522496003e+01
8.848464325740469860e+01
8.808771530638946956e+01
8.767149889328892698e+01
8.724566189198414179e+01
8.682229680181124820e+01
8.636485816040989505e+01
8.593459480711318577e+01
8.547175126938232381e+01
8.499791652574481304e+01
8.451776876589373444e+01
8.404284945994312750e+01
8.356433283079900320e+01
8.305302677999112859e+01
8.256586838121245364e+01
8.204977539239153828e+01
8.154423012918947222e+01
8.103649249303113322e+01
8.049389856157243628e+01
8.000212596787625330e+01
7.948670738335799513e+01
7.893862588575177597e+01
7.841677316794651631e+01
7.787723677265020683e+01
7.737300367155215497e+01
7.683251214030208587e+01
7.630940132828663991e+01
7.575246150506453091e+01
7.524227997160942039e+01
7.471876511901697882e+01
7.418214954765160485e+01
7.365260583711945230e+01
7.313498996934657725e+01
7.258881461118843959e+01
7.206898646642943618e+01
7.154997565850086971e+01
7.101939272913378431e+01
7.052021818446328894e+01
6.999610054891961397e+01
6.949483556704123544e+01
6.897541236017337951e+01
6.847035929961479894e+01
6.797502535274105639e+01
6.746752109174705936e+01
6.696931231084299441e+01
6.646666073559892141e+01
6.598251996270082032e+01
6.548830507661151046e+01
6.500687663774230884e+01
6.451597351081399268e+01
6.403566064308162709e+01
6.357626213639165513e+01
6.310130928236772263e+01
6.264939514096797524e+01
6.217543655842212047e+01
6.174150784721864227e+01
6.127722974503518572e+01
6.083190206071941475e+01
6.038726322465057450e+01
5.995927502353116267e+01
5.951806287700938469e+01
5.909237969351715947e+01
5.865767729213739301e+01
5.824119270864481024e+01
5.781628110028757561e+01
5.741033046568554710e+01
5.698692070621179084e+01
5.658450711816549727e+01
5.617509027995617288e+01
5.579735283218743547e+01
5.539278643944577851e+01
5.499773827570464846e+01
5.462623879187399467e+01
5.423724529499384772e+01
5.384117525297624951e+01
5.347488543968584196e+01
5.310949718596519631e+01
5.274655176566620440e+01
5.238247168518941521e+01
5.202529385649254579e+01
5.167406278990199553e+01
5.132834282105631019e+01
5.098307343510597889e+01
5.063406728835615667e+01
5.030803241319816266e+01
4.997152788530038947e+01
4.963804689125360170e+01
4.931269425421169927e+01
4.898769206182721803e+01
4.866923376214592878e+01
4.835461758421725875e+01
4.803500995390876938e+01
4.773722569087938439e+01
4.743980569337032449e+01
4.712771194703331190e+01
4.682608462728882870e+01
4.652643817914558610e+01
4.625658589509287566e+01
4.595807168422137323e+01
4.567325251221760141e+01
4.539134914653489261e+01
4.511943509758125970e+01
4.484862559168320928e+01
4.456887681956054337e+01
4.430106993771302371e+01
4.404348383272954948e+01
4.378373229831086633e+01
4.350624746894392558e+01
4.326172543451236407e+01
4.300573515898230426e+01
4.275660746342793317e+01
4.250897234380610001e+01
4.225603370446136609e+01
4.202798086054932014e+01
4.179533341591146467e+01
4.155730607593568493e+01
4.133087640345547698e+01
4.109247801962992952e+01
4.084767148789354252e+01
4.063374593993894024e+01
4.040987387852407409e+01
4.018222589658634547e+01
3.997633673069284299e+01
3.975785086127257983e+01
3.955443550961498289e+01
3.934090583094343430e+01
3.913978096094003689e+01
3.893098532022927571e+01
3.871873397573866526e+01
3.852218773255624029e+01
3.832391129107500660e+01
3.814427580050515587e+01
3.794996953912770721e+01
3.775133295587353643e+01
3.756925742555737457e+01
3.739656610651724122e+01
3.719544669388000813e+01
3.701678397481855853e+01
3.683009870032035593e+01
3.665907846458803476e+01
3.648248681353380363e+01
3.630860376356554298e+01
3.614047359234502466e+01
3.596578922222278862e+01
3.580082802519161334e+01
3.563967341953007661e+01
3.548524812570188658e+01
3.531592017436978637e+01
3.516581963379677234e+01
3.500641752070045953e+01
3.485440009341488121e+01
3.470761580239630462e+01
3.455772466589492353e+01
3.440889173524874423e+01
3.427114660216452791e+01
3.413448946065268785e+01
3.398051257480965148e+01
3.384312052058869114e+01
3.372170407699736927e+01
3.358938606645792646e+01
3.345845782454647122e+01
3.333224361096448263e+01
3.321287921641853558e+01
3.308010167436825810e+01
3.296544644154707981e+01
3.285605869716477656e+01
3.273086013431258579e+01
3.262044951756782751e+01
3.250603341608716335e+01
3.239791406731298196e+01
3.229201220498188007e+01
3.218591043190080825e+01
3.208717490694450447e+01
3.198300587866124545e+01
3.188463429060787391e+01
3.180712784076535726e+01
3.172298983356962410e+01
3.162912194763288909e+01
3.154223645481159366e+01
3.146230735554639679e+01
3.138121746635154707e+01
3.131013578999715818e+01
3.123780075147687185e+01
3.116695962611306925e+01
3.110754887317984441e+01
3.104756169005076671e+01
3.098196343338532799e+01
3.092866532598240070e+01
3.088991558166208407e+01
3.085150378707407626e+01
3.081411946325547646e+01
3.077951207201478923e+01
3.074686039792891279e+01
3.071254618148357451e+01
3.070009058429464233e+01
3.068050649198088564e+01
3.067292623458878253e+01
3.067301066220667138e+01
3.068293317066141057e+01
3.069995802875319768e+01
3.071862697767210193e+01
3.074856575306009887e+01
3.078273065869532488e+01
3.084495236089273007e+01
3.091415373701272884e+01
3.096735697168433532e+01
3.105661263293513485e+01
3.115276702277804688e+01
3.126364267631302241e+01
3.138945040799115205e+01
3.152457379145125316e+01
3.168012153119677521e+01
3.185150360892550125e+01
3.204742875836794269e+01
3.227686422311484193e+01
3.252582178028364979e+01
3.282747725370587233e+01
3.315979188895101970e+01
3.352566794028766139e+01
3.394349165731981088e+01
3.441732318330162599e+01
3.494802401001776104e+01
3.555001491852911499e+01
3.625372191567710445e+01
3.701697976881954588e+01
3.784465332268576532e+01
3.874960665942283811e+01
3.969739997706195567e+01
4.065559177139170544e+01
4.160008500353286820e+01
4.248766374670455548e+01
4.325481386101802883e+01
4.379592717039463423e+01
4.412484297857168514e+01
4.407615115542774475e+01
4.362965142568310029e+01
4.275544643208440476e+01
4.140618958481647383e+01
3.957219581557811239e+01
3.730630722799068621e+01
3.463722284283502262e+01
3.164732087813002792e+01
2.842361473036291386e+01
2.512307135202585329e+01
2.183478599112775953e+01
1.860513095275977236e+01
1.558145683029699313e+01
1.281570021825325512e+01
1.031894070949033626e+01
8.150928502454512170e+00
