1.637341299415876961e+02
1.664651952101865504e+02
1.667354923780158629e+02
1.667544649958108209e+02
1.667064143218759114e+02
1.665433338396186116e+02
1.662637073876248905e+02
1.659340736994847987e+02
1.654693449307914364e+02
1.649441346463644891e+02
1.643233063656155082e+02
1.636024340352323634e+02
1.627794504474781832e+02
1.618464385350736450e+02
1.608203608207111870e+02
1.597098420996490518e+02
1.584701520509331942e+02
1.571489994268949033e+02
1.557130068155137792e+02
1.542279408110455563e+02
1.526147403852658897e+02
1.509447833437687052e+02
1.491679357569616684e+02
1.473424914765894016e+02
1.454439906861043141e+02
1.435067764246389572e+02
1.414997332097144636e+02
1.394529394439083205e+02
1.373658331564911350e+02
1.352612459858355294e+02
1.331089434432388714e+02
1.309512310947205265e+02
1.287830560051558564e+02
1.265963814427861820e+02
1.244221513629694726e+02
1.222604010564970309e+02
1.200922431939183781e+02
1.179547530424451196e+02
1.158181554131431739e+02
1.137342947910271533e+02
1.116655522701291545e+02
1.096594576137478043e+02
1.076517843924664533e+02
1.057199066573638788e+02
1.037997744115730399e+02
1.019481805337639315e+02
1.001517164061372966e+02
9.837728323198363967e+01
9.670604743968382877e+01
9.507878881877928734e+01
9.349375836934669337e+01
9.199705145662537120e+01
9.057217366709973305e+01
8.920952602731904335e+01
8.791226640847469298e+01
8.666053621860969258e+01
8.549112393134737431e+01
8.437899427325837109e+01
8.336717844410459577e+01
8.240737623610907292e+01
8.151128785236367946e+01
8.065859815729014315e+01
7.989047244141103477e+01
7.918002686328173922e+01
7.850803256375553474e+01
7.790252634943068699e+01
7.735562866642703739e+01
7.685069737403442502e+01
7.639675419220613151e+01
7.597176832282642067e+01
7.560760040342645993e+01
7.525981962963655292e+01
7.496378711638412540e+01
7.470454935647998695e+01
7.445103254502438972e+01
7.423529319806927163e+01
7.404325939223724617e+01
7.387398844580107493e+01
7.369819966948594470e+01
7.356512419449232709e+01
7.342464790282696185e+01
7.329859875585410123e+01
7.316874700586187430e+01
7.305958021453849938e+01
7.295087756674300294e+01
7.284136635345035415e+01
7.274131928081202147e+01
7.262846878957591912e+01
7.253639315070428495e+01
7.243212995140054034e+01
7.231488670990188439e+01
7.220310717380426979e+01
7.209162884025361961e+01
7.194379984962392882e+01
7.179575979539853847e+01
7.167191162000349891e+01
7.150237779479618894e+01
7.135333812273385945e+01
7.120556390560886939e+01
7.101501189690146987e+01
7.083215700744665355e+01
7.065814681873628444e+01
7.046314078784085666e+01
7.026181212997227021e+01
7.004690617800295627e+01
6.981334563230083745e+01
6.958782472850560907e+01
6.935490072868323352e+01
6.910246096486920919e+01
6.887157177196472446e+01
6.861786418173538493e+01
6.834200682145775829e+01
6.807453063747594513e+01
6.781096729287729374e+01
6.754566992134694203e+01
6.724953251146612843e+01
6.696374493434241515e+01
6.665281202649113368e+01
6.635569277725120685e+01
6.606009303234239383e+01
6.573369624532924149e+01
6.542413089078279143e+01
6.509459983112336090e+01
6.476593444120523202e+01
6.445340302251922537e+01
6.412883317746572231e+01
6.379337246510917936e+01
6.346062862643125158e+01
6.311966057693479115e+01
6.279166041227069428e+01
6.246851740348007098e+01
6.213061825360042434e+01
6.178695412532161413e+01
6.144362147554780051e+01
6.110776695259237812e+01
6.075213081543694216e+01
6.042346894562024318e+01
6.007712970617253490e+01
5.973661986165621585e+01
5.938488566414377345e+01
5.903134143638258990e+01
5.868489420015415448e+01
5.834247696941578454e+01
5.799655231662754318e+01
5.764517497677636726e+01
5.731402654478165459e+01
5.696634792179444418e+01
5.663831768864564253e+01
5.628904605998010879e+01
5.596337064416159990e+01
5.563236551161102739e+01
5.528181695421303488e+01
5.495880159585570368e+01
5.463506644043391702e+01
5.430476675029375144e+01
5.397289639665105909e+01
5.364738810523732582e+01
5.332236663379425323e+01
5.299841616621927898e+01
5.268476801413907395e+01
5.237164230226783701e+01
5.204903537641904165e+01
5.174839268026738637e+01
5.142799329827441568e+01
5.111368013917623188e+01
5.079421187080603062e+01
5.049155813223475775e+01
5.018933377013858887e+01
4.988370909343551318e+01
4.959793787728805370e+01
4.930283683297859909e+01
4.901437135420234625e+01
4.871664080881540571e+01
4.842085123303906613e+01
4.814421354494803040e+01
4.785285794084163058e+01
4.757142331106310706e+01
4.728738961217666059e+01
4.702011715963236327e+01
4.673984683671274354e+01
4.647363080102556410e+01
4.620904784780620389e+01
4.595299190235506614e+01
4.568445114267626650e+01
4.542686101948633848e+01
4.514809476184539250e+01
4.489591289122814288e+01
4.464895197027897922e+01
4.438534119279312051e+01
4.412920943145037711e+01
4.388811332522130471e+01
4.363713016073031525e+01
4.340539085301539046e+01
4.317271989855150593e+01
4.293040298762967666e+01
4.271143820641088240e+01
4.247183167449334462e+01
4.222686704873386532e+01
4.199890061064121483e+01
4.177341937617714507e+01
4.155048761020750447e+01
4.132033210792845779e+01
4.110895708047964092e+01
4.089021034048091252e+01
4.068099979594581583e+01
4.046137435834149443e+01
4.025438033610674182e+01
4.006745030057327739e+01
3.984297490091621086e+01
3.964759136972631381e+01
3.944372455709839898e+01
3.921941010092293567e+01
3.902133385399314847e+01
3.883537122106697836e+01
3.863343729184779107e+01
3.844270473112846531e+01
3.826729159574806260e+01
3.808047893917760263e+01
3.788855918115033461e+01
3.770966031229438187e+01
3.752902051543188122e+01
3.735072624402216945e+01
3.717655451059803795e+01
3.698604200038463574e+01
3.681958256565785348e+01
3.665294828396259419e+01
3.647288585640922776e+01
3.630914568200670800e+01
3.614005234806423772e+01
3.597148984426244311e+01
3.581181118495432969e+01
3.566012250208724055e+01
3.550418423327695194e+01
3.534988468819869212e+01
3.519395673781043854e+01
3.504209467807428524e+01
3.489550823007947145e+01
3.473790574729272862e+01
3.460029811020777402e+01
3.445317748021497550e+01
3.431000540766390117e+01
3.416520078429677909e+01
3.402254524391891977e+01
3.388104834785551844e+01
3.376050641581451828e+01
3.363620297103199874e+01
3.349756845603204880e+01
3.337981496572667339e+01
3.325267565900895050e+01
3.312662231122746448e+01
3.300336644841431877e+01
3.288212159105137999e+01
3.275951726053315838e+01
3.264044342428367429e+01
3.252278801434390942e+01
3.242703399374043727e+01
3.231464658445259630e+01
3.220666835223642721e+01
3.209541492375750948e+01
3.199468833351351904e+01
3.189230813571444401e+01
3.180012941155355577e+01
3.170947688088039129e+01
3.162376998064277345e+01
3.153141293424103253e+01
3.145216246555671447e+01
3.137392191597079005e+01
3.128380272473066270e+01
3.120825067199817937e+01
3.112772277647478703e+01
3.105378163491984012e+01
3.097990793538566834e+01
3.091949203415497749e+01
3.085457515010794083e+01
3.079349728024900656e+01
3.073837777322235709e+01
3.068168777122023982e+01
3.063960341300208512e+01
3.059215657376543618e+01
3.055139175807503094e+01
3.052909923972266881e+01
3.049383403993806141e+01
3.047340518487130367e+01
3.044624099776268977e+01
3.043403041974162448e+01
3.042548372486456998e+01
3.042380934966594097e+01
3.042206475919141084e+01
3.043278096017955647e+01
3.045277183623116812e+01
3.048323413647151980e+01
3.050917305893765530e+01
3.054662986371099365e+01
3.060464296713907117e+01
3.066715108274384249e+01
3.072691764652768498e+01
3.080553363026237079e+01
3.090527048837847346e+01
3.102325780423718271e+01
3.114537427200732367e+01
3.128971020725472130e+01
3.145005631091625276e+01
3.162588281620589825e+01
3.183252497690762084e+01
3.205977741970809802e+01
3.230906079256535435e+01
3.260348415475685613e+01
3.292416117233356232e+01
3.330556535927114936e+01
3.373263038360768462e+01
3.418667208138558777e+01
3.472631088119408815e+01
3.533940548859953878e+01
3.603535891413899606e+01
3.678194355074925426e+01
3.761587314308055596e+01
3.850989051347191605e+01
3.945292373799386354e+01
4.040459744794053876e+01
4.135142474133395041e+01
4.223346682995668999e+01
4.300148250961254348e+01
4.355143709783588690e+01
4.385603414011867329e+01
4.382898581158201523e+01
4.337090065375625159e+01
4.250853210419296602e+01
4.112895346930361740e+01
3.931760161035033718e+01
3.707353881859211953e+01
3.443729907488626196e+01
3.146664581728591159e+01
2.830152689376348007e+01
2.503041731764407984e+01
2.172284833869110443e+01
1.851331500038277511e+01
1.551408519534132502e+01
1.274465701940815876e+01
1.026861048296311196e+01
8.104549859220934849e+00
