1.180306490863493138e+02
1.193517307828353466e+02
1.193361013172996365e+02
1.191635702222669693e+02
1.189204748266848668e+02
1.185965448103896875e+02
1.181194609658204087e+02
1.175559879037027713e+02
1.168760834538746423e+02
1.160575580984942548e+02
1.151611773947758337e+02
1.140998974362058362e+02
1.129143360302388999e+02
1.116066438571045438e+02
1.101897798381978646e+02
1.086324576851556145e+02
1.069290084246313199e+02
1.051421744767835094e+02
1.032218821708843848e+02
1.012310497483186822e+02
9.915640957960083313e+01
9.693886471858907328e+01
9.466972556288884277e+01
9.238820012659481051e+01
8.999838398697384889e+01
8.762755502721282141e+01
8.519194257173350593e+01
8.274188610282726586e+01
8.028894140178130101e+01
7.787169514738747012e+01
7.543179488584993919e+01
7.303891260583057488e+01
7.068318503641704353e+01
6.835357611370919528e+01
6.607074988896621903e+01
6.383965638026388234e+01
6.168521415874905500e+01
5.958998124209594494e+01
5.756003605957246805e+01
5.560939187411632645e+01
5.375464374731786421e+01
5.198064506261531648e+01
5.026626917884115642e+01
4.868343730503693223e+01
4.714665558560389513e+01
4.567504398874653759e+01
4.433866215732026461e+01
4.306844913395535457e+01
4.189654625861698634e+01
4.079838799751855305e+01
3.977130537391511211e+01
3.883972034809024620e+01
3.797757855251742143e+01
3.716695577329179656e+01
3.644519471722500015e+01
3.578336889109212393e+01
3.517761432361375284e+01
3.463656095315754158e+01
3.414298401511688041e+01
3.370587325538508594e+01
3.329215339998093981e+01
3.292589856805797410e+01
3.260813703646676487e+01
3.233810304609747988e+01
3.207633564367683476e+01
3.186517445546471450e+01
3.165846828966298077e+01
3.149453820464097831e+01
3.133518677856773138e+01
3.119543278025876987e+01
3.105179758928716183e+01
3.091860839729714883e+01
3.080617947245223576e+01
3.070227428867171326e+01
3.057524811414380750e+01
3.047477499788833910e+01
3.037890067355086288e+01
3.027559315723677358e+01
3.016902612708508968e+01
3.007786554574138549e+01
2.996415997265527764e+01
2.985473881351451197e+01
2.972504581335104135e+01
2.960125035295883933e+01
2.946567555641134462e+01
2.933770416635606182e+01
2.917477856100433442e+01
2.902311514069636544e+01
2.887211520762907213e+01
2.870111917062765983e+01
2.853300196077260864e+01
2.834478385104901221e+01
2.814641980268061161e+01
2.794263263439966494e+01
2.775840824511315930e+01
2.754410334366063395e+01
2.731162896938621998e+01
2.709809809529946989e+01
2.685561358638935658e+01
2.662527459280358499e+01
2.639407032086617377e+01
2.612976119791467866e+01
2.587942785914573562e+01
2.562164996026290709e+01
2.536706039744118968e+01
2.510516368059648329e+01
2.484395971273382386e+01
2.457102759844726947e+01
2.429111537585655967e+01
2.402033176500764000e+01
2.375554705763028807e+01
2.346275075504349417e+01
2.318819807531933108e+01
2.292814813036885369e+01
2.263462325247625628e+01
2.236080358591344464e+01
2.207830893558760366e+01
2.178792146489852044e+01
2.151615598590837664e+01
2.123508873623278248e+01
2.097123797320657346e+01
2.068968857742018130e+01
2.043158348504867661e+01
2.015638114222221944e+01
1.987629900376002112e+01
1.961191211475266272e+01
1.934982536257141206e+01
1.909226906423767289e+01
1.882072213167945662e+01
1.855972527878152079e+01
1.830556026018328097e+01
1.805206592670745280e+01
1.779401399112409976e+01
1.756178526042236143e+01
1.730661670739452163e+01
1.705930016396774107e+01
1.681871649208996189e+01
1.656677190235091501e+01
1.634836846403777599e+01
1.610656725822223478e+01
1.587974145780834867e+01
1.564487682841718197e+01
1.542728584094179922e+01
1.519770392444398688e+01
1.498197027461396402e+01
1.476992032366494279e+01
1.455531801883545207e+01
1.434485966691540426e+01
1.414339134035011192e+01
1.394098306737012294e+01
1.374246260109874918e+01
1.353916514996025278e+01
1.334803049742347625e+01
1.315489751183324429e+01
1.296025471285813424e+01
1.277448741863999082e+01
1.258253005498813337e+01
1.241886630944079783e+01
1.222046223986479951e+01
1.205260606958634284e+01
1.187714600583745295e+01
1.171127101013230032e+01
1.154478869069781588e+01
1.137981025605565932e+01
1.121009291687773413e+01
1.105687432963815020e+01
1.089477703885899729e+01
1.073750928830769347e+01
1.059163954253825857e+01
1.044594217547112081e+01
1.029660790496402356e+01
1.014792813050250153e+01
1.001285878010094166e+01
9.874564358136719733e+00
9.731970330182877049e+00
9.599983224438297214e+00
9.464359298037985369e+00
9.334246035561793775e+00
9.208959790050155192e+00
9.084717530343267455e+00
8.959471375784939795e+00
8.840674328721231490e+00
8.729836269592246012e+00
8.606332497981687979e+00
8.483841368307670550e+00
8.369389766516784235e+00
8.267688177732956945e+00
8.150009286796880303e+00
8.040899818970096646e+00
7.937366046735809810e+00
7.831869710857669808e+00
7.728282711986038223e+00
7.632185459964805574e+00
7.532441028083364465e+00
7.431970386145015262e+00
7.333772028589414127e+00
7.248053083610203728e+00
7.144050602076782219e+00
7.051266785918010704e+00
6.965514067146513000e+00
6.880153339770105347e+00
6.785535613178378611e+00
6.692139268024927645e+00
6.617056010394460230e+00
6.537390023262964256e+00
6.451971733011305332e+00
6.376882037458320163e+00
6.298930007964372635e+00
6.218888795520696178e+00
6.150009010711477764e+00
6.073391016676193743e+00
5.997838095244434342e+00
5.925737243766586282e+00
5.858165709405309229e+00
5.787090574908587470e+00
5.720920921303331852e+00
5.653512840055757493e+00
5.580653777035574414e+00
5.518338660916520588e+00
5.456108275697463483e+00
5.398665991611778736e+00
5.339225889390541546e+00
5.278745806775987148e+00
5.214559981082048878e+00
5.155607702624466882e+00
5.094092838983568683e+00
5.037882683177788756e+00
4.979495249274703994e+00
4.927513448211054303e+00
4.872718068771064281e+00
4.821540126732240417e+00
4.764297722166197069e+00
4.712189841860284112e+00
4.667390548520618410e+00
4.620092820841819048e+00
4.569845986707757213e+00
4.524284173786226049e+00
4.476526718276242711e+00
4.424656257602489262e+00
4.372663434698349505e+00
4.331999937796758182e+00
4.289877739062325723e+00
4.247343253654737971e+00
4.204119650284862786e+00
4.159020155978699229e+00
4.120095111895352602e+00
4.079805093920892745e+00
4.032972539412892132e+00
3.995748398152904279e+00
3.967239508146627180e+00
3.924362047730634462e+00
3.885602176499863614e+00
3.853106807917356491e+00
3.819542658153093573e+00
3.783736143416414510e+00
3.757864404159287464e+00
3.723267772079756011e+00
3.685295311785820260e+00
3.650323273355348341e+00
3.620673953969445691e+00
3.589141449114928495e+00
3.561999805478586190e+00
3.531744605602903597e+00
3.502087044891797785e+00
3.476016879029986129e+00
3.447571279429313407e+00
3.426993449477271803e+00
3.399456646966023676e+00
3.376249031836374037e+00
3.348550771259599212e+00
3.324655048445694927e+00
3.296342445382227648e+00
3.271292577187220108e+00
3.255889766487396475e+00
3.230526693475743283e+00
3.210085907537076011e+00
3.190243504682762854e+00
3.173191181435766950e+00
3.153584685694012180e+00
3.132978670402533528e+00
3.114343958492908016e+00
3.093429130812486161e+00
3.081218383999334343e+00
3.062672504430843823e+00
3.049049955637504805e+00
3.033869411330670118e+00
3.017721487312681194e+00
3.004573202381531249e+00
2.990055066740347378e+00
2.977393126632604137e+00
2.967989551265620474e+00
2.957511916808369890e+00
2.950445274615453251e+00
2.941488884648101099e+00
2.933477557057307727e+00
2.930764851729489084e+00
2.932201240573906187e+00
2.927347423198322307e+00
2.926077167917457089e+00
2.926643051569246534e+00
2.927922674196048014e+00
2.931062225769791141e+00
2.933807136801382054e+00
2.944019771646708250e+00
2.955179889375964652e+00
2.968344321629653226e+00
2.983691433237658508e+00
3.001453454244054075e+00
3.019928208138379588e+00
3.042529736852480404e+00
3.073549736653351072e+00
3.116310331970453262e+00
3.151387110042075168e+00
3.200531432560334455e+00
3.255817098180866953e+00
3.308667829881111633e+00
3.362727033491763606e+00
3.441945104549328338e+00
3.516947807847625729e+00
3.586299267183575168e+00
3.659740145214729790e+00
3.724299497436732054e+00
3.766437467860265009e+00
3.783336025662720203e+00
3.770397365714112770e+00
3.723877633145699750e+00
3.642527177360736612e+00
3.515140428363034975e+00
3.349421674463277210e+00
3.165327038952252980e+00
2.943736616651424054e+00
2.689055849539323084e+00
2.408744122833013535e+00
2.126264472492039204e+00
1.845877503031968292e+00
1.575256248108214852e+00
1.316068193099151129e+00
1.081361350810362332e+00
8.698504931720284494e-01
6.805627190123131331e-01
