1.636771934025338169e+02
1.663495160531756198e+02
1.666040692347770005e+02
1.666182394197799397e+02
1.665659389478479682e+02
1.663988309058441928e+02
1.661187992130305702e+02
1.657827389157918105e+02
1.653241523434249700e+02
1.647906609988528714e+02
1.641655098189292517e+02
1.634432209316336753e+02
1.626246645534544371e+02
1.616870880479060588e+02
1.606570933456656007e+02
1.595507276841675832e+02
1.583045943557927728e+02
1.569803903393472524e+02
1.555446005616812499e+02
1.540560350347493284e+02
1.524433856566103600e+02
1.507699537416284556e+02
1.489899704844240205e+02
1.471635667272667263e+02
1.452646235883682664e+02
1.433246273194017704e+02
1.413154408265246218e+02
1.392597233589105201e+02
1.371673378956303111e+02
1.350559118958661031e+02
1.329001882839644679e+02
1.307342833027448705e+02
1.285574080539313115e+02
1.263587371806057718e+02
1.241711751571918256e+02
1.219948948789267149e+02
1.198017561595911502e+02
1.176481200727020422e+02
1.154785399296946196e+02
1.133640880137284768e+02
1.112540445564735876e+02
1.092046238400623963e+02
1.071429584542326268e+02
1.051514267231587922e+02
1.031633826710547623e+02
1.012244502864942177e+02
9.933585746587755239e+01
9.745942870956946535e+01
9.566198624284866980e+01
9.389984255424290893e+01
9.217166769621410083e+01
9.050471894058550504e+01
8.890727331844816206e+01
8.734881327390955619e+01
8.584982561461077921e+01
8.437454847815845937e+01
8.298281215452605863e+01
8.162469922390094723e+01
8.035777711324303141e+01
7.913600180203677326e+01
7.797214109836663454e+01
7.684304160062953315e+01
7.579473266054793612e+01
7.481072675953618045e+01
7.384962414268768782e+01
7.297013939383226955e+01
7.214652073626007223e+01
7.137300711974366152e+01
7.064173692870735977e+01
6.996452026337972541e+01
6.934439896986937413e+01
6.875217417928773500e+01
6.822294027735874522e+01
6.774829000927906009e+01
6.728488890248954135e+01
6.687866178525864314e+01
6.650030463653763491e+01
6.617532775918577670e+01
6.585219839418334686e+01
6.559036758876976592e+01
6.533091132391822953e+01
6.511121520819571629e+01
6.489649075232668451e+01
6.470699311028215561e+01
6.453623874821873585e+01
6.439310829243268586e+01
6.425499099815978354e+01
6.412834971093404590e+01
6.402208822104338992e+01
6.390976324880949022e+01
6.381293411189327003e+01
6.371974064151397243e+01
6.364518740892050630e+01
6.355324555626561533e+01
6.345937411332275957e+01
6.338575034481839765e+01
6.329430881358204175e+01
6.322496424126502035e+01
6.315004176658151636e+01
6.305736864524963892e+01
6.295681215963035982e+01
6.288418641845920121e+01
6.280132743592040612e+01
6.268734680080665100e+01
6.258229903875635358e+01
6.245572266925174176e+01
6.236274064838060838e+01
6.225016316768279978e+01
6.211332487382187395e+01
6.198894146528751747e+01
6.185122637459041783e+01
6.169013943576690195e+01
6.155064173905370950e+01
6.139653121092062094e+01
6.123247428097193534e+01
6.107707648716306892e+01
6.089976712827468930e+01
6.070933717840777888e+01
6.053342334745500608e+01
6.035152102706663158e+01
6.013671088128401010e+01
5.993951309478489975e+01
5.975348169420905720e+01
5.953803686213592528e+01
5.933033359631342307e+01
5.911381317410604908e+01
5.887896532469136446e+01
5.865655397651291025e+01
5.843334231748502816e+01
5.820001231247660201e+01
5.795720150788740455e+01
5.774010909550536752e+01
5.748268791993974247e+01
5.723759380599823743e+01
5.698307189728645028e+01
5.673425625630593316e+01
5.649075632600718677e+01
5.622693551608510631e+01
5.597428818904899117e+01
5.571748838344633015e+01
5.546007472858124743e+01
5.519191943967911840e+01
5.493071042770215229e+01
5.466893526255849167e+01
5.440295486700586025e+01
5.413418417344066569e+01
5.385525115820403386e+01
5.359563200190462595e+01
5.331967240543331599e+01
5.306153116860111396e+01
5.279853313283928884e+01
5.252428057924021942e+01
5.224792371763246734e+01
5.198982243741804865e+01
5.171112034917823053e+01
5.145416701371547674e+01
5.118062193041181729e+01
5.091498105256057727e+01
5.065528867344383457e+01
5.039111675519028211e+01
5.010910129702069327e+01
4.985058661215187925e+01
4.959487302869401759e+01
4.931402109841761927e+01
4.906260149966070827e+01
4.879472842779107822e+01
4.853302848540429437e+01
4.827208363482539966e+01
4.801854219970829263e+01
4.775727554999902225e+01
4.750486438024275770e+01
4.724858383951794139e+01
4.700432011688594969e+01
4.674660684716995718e+01
4.650098783352858334e+01
4.624792073616058019e+01
4.600067394880165494e+01
4.575656544395332048e+01
4.552555391569608645e+01
4.527173379926033903e+01
4.504234395767221599e+01
4.480009162263994682e+01
4.457717113319581870e+01
4.434406035970579296e+01
4.411278396511050204e+01
4.386970453852632801e+01
4.364583458779212322e+01
4.342317463698183388e+01
4.319751433560206522e+01
4.296459952077788103e+01
4.274903998557281426e+01
4.253256568630027346e+01
4.231305864751793422e+01
4.208695935160875479e+01
4.186964429289236733e+01
4.166506305978695934e+01
4.143987147547723993e+01
4.123136613947848872e+01
4.101673230364220046e+01
4.082644418502539452e+01
4.061482244657721452e+01
4.041485787158951837e+01
4.020953860992216988e+01
4.001233770426148340e+01
3.982166110570498319e+01
3.962254247164863585e+01
3.943605433066179700e+01
3.923731750688939002e+01
3.903986782443814718e+01
3.885574169864094074e+01
3.867543151554319536e+01
3.847894457503061005e+01
3.829325217702895401e+01
3.811282316268113135e+01
3.794235817778780984e+01
3.775458409101331370e+01
3.759253028153030129e+01
3.740211890683456630e+01
3.722661171401316693e+01
3.705583039565612324e+01
3.688816924015772258e+01
3.672200316198702552e+01
3.655830066866563755e+01
3.638322758280911984e+01
3.622726111513024705e+01
3.607055273148942121e+01
3.591253212121342386e+01
3.575444343757687449e+01
3.560130196654154844e+01
3.544703486442151785e+01
3.529854524634354362e+01
3.514252273981085750e+01
3.499437206728596550e+01
3.483574395750753894e+01
3.469808882527414085e+01
3.454358016661177544e+01
3.441316186034904945e+01
3.427814510583266383e+01
3.414251240551084976e+01
3.401236328970529144e+01
3.386874730249846976e+01
3.374615280173345155e+01
3.360142565208963816e+01
3.347798470991251918e+01
3.335712111438876093e+01
3.323452922326890757e+01
3.309625167244927724e+01
3.297963011165079195e+01
3.286395796783357781e+01
3.274726241680128425e+01
3.263800056253006687e+01
3.251827881526975972e+01
3.240869187497570181e+01
3.229066943470919426e+01
3.218262758497970566e+01
3.209224604209821052e+01
3.198493696388222318e+01
3.188399611748493356e+01
3.178288857401374301e+01
3.167929886145617502e+01
3.158766360551396346e+01
3.149920170132159214e+01
3.141253832381545763e+01
3.131578226915085494e+01
3.123078957021949620e+01
3.113944716774565791e+01
3.106255941244545937e+01
3.099537722526375205e+01
3.091352390774262915e+01
3.084507689287072552e+01
3.078332812491029813e+01
3.071624615550119586e+01
3.064794313408318871e+01
3.059100349502983462e+01
3.053394728607908704e+01
3.047745836562287991e+01
3.043633398411132163e+01
3.039358317935487719e+01
3.036576455230981963e+01
3.032006293061590441e+01
3.030375404069683398e+01
3.026547976581558430e+01
3.024562496645174647e+01
3.022223448367594045e+01
3.020975675890621304e+01
3.021014282361471714e+01
3.020369175553000574e+01
3.021346676983480961e+01
3.021638883476393644e+01
3.024327102104335907e+01
3.027562103796612547e+01
3.030895506620001356e+01
3.035382772737721524e+01
3.042270971888657272e+01
3.047777190956956161e+01
3.053820802410808355e+01
3.062245123325034513e+01
3.072690970371638386e+01
3.083665747886725583e+01
3.095694673159921351e+01
3.110395214886517223e+01
3.126357433020390530e+01
3.144012911717990377e+01
3.164732566805162506e+01
3.188010301971961979e+01
3.214151529057365764e+01
3.243158432081855835e+01
3.276440495503524630e+01
3.313149837328197123e+01
3.354029287783313151e+01
3.401788986378287660e+01
3.455590648716461999e+01
3.515379480029816506e+01
3.583989229131271514e+01
3.659493886172381849e+01
3.742799583387761686e+01
3.832924780955629274e+01
3.927190276242517086e+01
4.022552507836115154e+01
4.116206709095774841e+01
4.205007612548070028e+01
4.281149090392187162e+01
4.337868001954937824e+01
4.368248859424299013e+01
4.364493928790903965e+01
4.319201767912321799e+01
4.231179749744112684e+01
4.098268004906006468e+01
3.915621050179763074e+01
3.691221521734831157e+01
3.428939592299701644e+01
3.135774601179939580e+01
2.817709381460983309e+01
2.490942012922162618e+01
2.163839978981124545e+01
1.845206059523745168e+01
1.543997993731915486e+01
1.268660772209460852e+01
1.022172013913836075e+01
8.076735044501839766e+00
