1.635610543762280429e+02
1.661218873199526342e+02
1.663117446320974864e+02
1.662903795389889581e+02
1.662224689686527483e+02
1.660408395504478278e+02
1.657522037972990745e+02
1.654088811841481856e+02
1.649371598993867281e+02
1.643989511402556332e+02
1.637665229402483362e+02
1.630352929512729645e+02
1.622092323356410759e+02
1.612624344551404363e+02
1.602294811356911737e+02
1.591129110723553310e+02
1.578619091658590037e+02
1.565341194002759835e+02
1.550928677237576494e+02
1.535992912853793371e+02
1.519848792037257965e+02
1.503067941453174399e+02
1.485235148784394141e+02
1.466966509473946871e+02
1.447813331345094241e+02
1.428423488426312247e+02
1.408291749115682308e+02
1.387703786865577911e+02
1.366733918451930379e+02
1.345563962601295032e+02
1.323943387547674320e+02
1.302224887379089182e+02
1.280426854827526881e+02
1.258326383533626398e+02
1.236390835518318880e+02
1.214577563193158340e+02
1.192565026089783800e+02
1.170856876615785467e+02
1.149075813908275450e+02
1.127802816126579160e+02
1.106562329463255452e+02
1.085798075610943840e+02
1.064967484776409918e+02
1.044830974109432162e+02
1.024702199316040065e+02
1.004939008032270067e+02
9.856198292602861954e+01
9.663625305148707412e+01
9.478608698186482684e+01
9.296252139187653540e+01
9.115488729218530750e+01
8.940712272401590610e+01
8.770425335181960236e+01
8.603913620951840358e+01
8.440977945506648439e+01
8.278609313016436033e+01
8.123202445114247894e+01
7.968789807897202593e+01
7.822394982226255422e+01
7.677882405414834466e+01
7.536867332394501773e+01
7.396980808613723468e+01
7.262704672536881390e+01
7.132934120776930342e+01
7.002997027495224813e+01
6.878857126966339308e+01
6.757914012434564199e+01
6.639859844030129921e+01
6.524229091178149531e+01
6.411043773183602923e+01
6.302587358512199955e+01
6.194879214930606537e+01
6.092038324175496200e+01
5.991539003228590587e+01
5.892590766877303565e+01
5.797258650789807177e+01
5.704511478403676961e+01
5.615381322659113295e+01
5.526445464594383594e+01
5.442197168409543195e+01
5.358571176764006339e+01
5.278835523545461683e+01
5.199849693929909478e+01
5.123389690298569121e+01
5.050156448132525355e+01
4.979680221292659326e+01
4.910031022403784817e+01
4.843652167243988060e+01
4.780277287743993497e+01
4.718330909635508164e+01
4.659078626939442103e+01
4.601431439875843665e+01
4.546016767607885356e+01
4.492118683493712439e+01
4.440260753559645224e+01
4.391330958449864852e+01
4.343906388861785217e+01
4.299611095501243341e+01
4.257621618144022335e+01
4.215304245040044862e+01
4.176258012266452369e+01
4.140326237611149196e+01
4.106500359272008893e+01
4.072264030383038147e+01
4.040434987799032029e+01
4.010370973649823867e+01
3.982407318503708638e+01
3.956955677318509856e+01
3.930442164920624037e+01
3.907695947835271966e+01
3.886547243133902185e+01
3.865255046105882997e+01
3.845606171861484768e+01
3.827649813748168128e+01
3.812576096805577208e+01
3.797311620034524537e+01
3.782310112641982869e+01
3.768119290903023000e+01
3.756472095907309949e+01
3.746429746782072101e+01
3.734116997880440181e+01
3.725461552678014243e+01
3.717042640795096275e+01
3.708548941261570775e+01
3.700990323768769485e+01
3.694869658101909238e+01
3.687207598064386360e+01
3.682473749277606601e+01
3.677685323598394262e+01
3.673296601595058064e+01
3.669682958012354135e+01
3.666765569810408465e+01
3.662131025478126389e+01
3.658879359961947131e+01
3.656377796219366871e+01
3.653593174804839094e+01
3.651357296329027946e+01
3.647749363843673365e+01
3.645793387458949297e+01
3.643810080425878795e+01
3.642220667307630322e+01
3.640002466970004491e+01
3.638444000488417629e+01
3.635899380421771809e+01
3.634047507955325074e+01
3.631637224539796449e+01
3.629731338291986731e+01
3.628832140068713130e+01
3.626833094101424138e+01
3.625022383675896975e+01
3.624362100923035968e+01
3.621996764891208187e+01
3.619227567115748911e+01
3.618001647766328688e+01
3.614244088910660935e+01
3.611472363408584840e+01
3.609387548216496810e+01
3.606063917683748343e+01
3.602534810321262881e+01
3.599588180698196282e+01
3.595901270077296630e+01
3.591554848159207580e+01
3.589467695403140368e+01
3.584236558037483178e+01
3.580332744603606443e+01
3.575967949813206559e+01
3.572146519508923035e+01
3.567108619280205772e+01
3.562755949283802437e+01
3.559240456082051907e+01
3.554619003794216070e+01
3.548437220951267079e+01
3.543507759979586069e+01
3.538964543201924329e+01
3.534455271670904608e+01
3.528424733328986918e+01
3.521729975275244584e+01
3.516493204474477352e+01
3.510932238571254516e+01
3.505006299008213233e+01
3.498276362955557062e+01
3.492891725423837102e+01
3.486227853655571352e+01
3.480307619278405440e+01
3.473333023528375918e+01
3.465423358643777618e+01
3.459266295892226850e+01
3.453263758425193686e+01
3.444942376445163035e+01
3.438415663773199782e+01
3.430775702830342766e+01
3.424513079700038531e+01
3.417331569731835117e+01
3.409266675038112027e+01
3.401598154281563779e+01
3.395104926987063010e+01
3.387070811508260704e+01
3.378873316948583039e+01
3.370650382701054326e+01
3.364217901844785530e+01
3.354744088563334259e+01
3.345986361526041719e+01
3.338342300629974346e+01
3.331518150805425904e+01
3.323182677820283004e+01
3.314513154434089159e+01
3.306728057664921039e+01
3.300040026720117936e+01
3.290022604050421506e+01
3.282363181531589191e+01
3.272875493018168669e+01
3.264305578212311332e+01
3.256502776647118225e+01
3.247330270758948245e+01
3.240018367446145930e+01
3.231190792953518098e+01
3.223492454915989924e+01
3.215822173432836451e+01
3.206906564135923787e+01
3.199010779288818185e+01
3.190023628148624013e+01
3.182146927715768570e+01
3.174307683891848697e+01
3.165290387127679850e+01
3.157113144985730102e+01
3.148683729125281872e+01
3.139930201835298718e+01
3.132223504492181121e+01
3.123940198281123770e+01
3.116133701310909743e+01
3.108099014931780246e+01
3.100050643343293189e+01
3.091301968812875955e+01
3.083742062849744414e+01
3.076300319276435147e+01
3.068484485373309312e+01
3.060690545800048312e+01
3.052928556983327724e+01
3.045158458539823343e+01
3.038312095833634530e+01
3.031031295299574424e+01
3.023469798217246307e+01
3.016101363881935171e+01
3.008499850200497505e+01
3.001275157871796750e+01
2.993711349142545330e+01
2.987178820441248206e+01
2.978591293021234065e+01
2.972074594339654041e+01
2.965615347807733926e+01
2.958455551266071737e+01
2.952042776198591767e+01
2.945850923467578752e+01
2.939193485541469997e+01
2.932568582442791083e+01
2.926863918984471624e+01
2.920563633899342193e+01
2.913805086950618772e+01
2.908162268326960387e+01
2.901697039028269742e+01
2.896749383292855384e+01
2.892025251429983257e+01
2.886824736738683228e+01
2.881852195085838630e+01
2.877312244125522867e+01
2.872532525868759024e+01
2.868854430147996482e+01
2.864296245910542282e+01
2.859643104036595673e+01
2.854918189019674202e+01
2.851657995750145247e+01
2.848733166817362772e+01
2.845989688062994816e+01
2.841772316807186272e+01
2.839874912668260976e+01
2.837779384363682667e+01
2.835589030897079965e+01
2.833569038113536820e+01
2.832671446740278043e+01
2.831728639242253109e+01
2.832398250840242682e+01
2.830770140172439397e+01
2.831469636272075974e+01
2.831150268377083279e+01
2.832832620453870121e+01
2.833972956075786342e+01
2.836763829670926285e+01
2.838141200641069872e+01
2.841989163680107566e+01
2.847577836671177920e+01
2.851940827482195573e+01
2.857134874301113925e+01
2.863952916282713801e+01
2.871404281119982826e+01
2.879776131994904986e+01
2.887337718670418951e+01
2.897093687894455272e+01
2.908753278183933233e+01
2.921787353557843403e+01
2.935715845233501753e+01
2.951191969454960784e+01
2.967942608540486660e+01
2.986030551630589258e+01
3.007002629891825762e+01
3.030580624508958465e+01
3.056648272657239929e+01
3.086332337692366679e+01
3.119262293678797704e+01
3.157012937802370445e+01
3.198415288296762427e+01
3.245052035307107730e+01
3.298868971821191565e+01
3.358610419562502614e+01
3.425517263725025430e+01
3.500272683980332999e+01
3.581345450807415176e+01
3.670378849319030223e+01
3.763440292705078605e+01
3.856444267941706272e+01
3.947253220912168814e+01
4.034125636996512299e+01
4.108981831777041549e+01
4.165280021461087046e+01
4.195367054760444603e+01
4.193477257840121553e+01
4.151321470634587030e+01
4.066301418228789544e+01
3.940205007416390970e+01
3.767144357739895355e+01
3.551697898432011868e+01
3.300057973638733699e+01
3.016440743516596967e+01
2.711191549444908588e+01
2.397580070669141250e+01
2.083506487259595730e+01
1.774361628206931130e+01
1.486770679211195123e+01
1.223207458389761548e+01
9.854204898780748678e+00
7.770870878997208742e+00
