2.016597731850412689e+00
2.902645741003833990e+00
3.186446614629016238e+00
3.364192496434720514e+00
3.515968869217586334e+00
3.626466200657532557e+00
3.738880912440571969e+00
3.834515743231837526e+00
3.932165512801260032e+00
4.033884362733478390e+00
4.131893708601431570e+00
4.234537020863366585e+00
4.340922139150164227e+00
4.464101557625856920e+00
4.592666369648447322e+00
4.741198447506148383e+00
4.909397249106344674e+00
5.088536886825300698e+00
5.295721145184393741e+00
5.526616996486077404e+00
5.774217305617916018e+00
6.077674258744295344e+00
6.400302793972285187e+00
6.763833856314827031e+00
7.161875668347359891e+00
7.614820380680958678e+00
8.104723102323191597e+00
8.662895163833892909e+00
9.262031662235795437e+00
9.933461495401774144e+00
1.065084183269359386e+01
1.145540635761848769e+01
1.229349532929364130e+01
1.321233811938504310e+01
1.418216431378135667e+01
1.523088858189546002e+01
1.633786619964430997e+01
1.751585532015185365e+01
1.873628059600040885e+01
2.001483172715441228e+01
2.134627400593395663e+01
2.271359988152021359e+01
2.414037717665376803e+01
2.559137563161432993e+01
2.706395418007663878e+01
2.855646144790673802e+01
3.006713055438556381e+01
3.157386893890388535e+01
3.309968016553228409e+01
3.461379702249517010e+01
3.611434400159555480e+01
3.760961578060275201e+01
3.906403558073893123e+01
4.048229640868288470e+01
4.190708950150627743e+01
4.326696072476890009e+01
4.459986266417739387e+01
4.589143668468580017e+01
4.712293202768661615e+01
4.831307721022911039e+01
4.945050827196688914e+01
5.053530636602091874e+01
5.155967574555887722e+01
5.253628449458081917e+01
5.344573154190177178e+01
5.430693625119176460e+01
5.511906837343913423e+01
5.588184914289509919e+01
5.657544819860225971e+01
5.724032218155569751e+01
5.784245526957941053e+01
5.838844509598614962e+01
5.888898551691701755e+01
5.934012131278144153e+01
5.973442310047218484e+01
6.011739858327509722e+01
6.043340329930732224e+01
6.073452105967562176e+01
6.098360098357823489e+01
6.120784432389341134e+01
6.137500067435298234e+01
6.153959218893682959e+01
6.165011765863379622e+01
6.175741626456846944e+01
6.183657614501013455e+01
6.188246395957320090e+01
6.192622484308851227e+01
6.190844160437411858e+01
6.190769138248533210e+01
6.186423959201501077e+01
6.182762802828167992e+01
6.176483084569947835e+01
6.168560322366730020e+01
6.159067539841199590e+01
6.148806031100365743e+01
6.139521410055166939e+01
6.127437065892837609e+01
6.113455897258942429e+01
6.100089745070381753e+01
6.086073253293888996e+01
6.071527085544746427e+01
6.056952587465620041e+01
6.039347020990413029e+01
6.022757008941240997e+01
6.005823595573209417e+01
5.986888086360424666e+01
5.969688732772670647e+01
5.950641846919979372e+01
5.932679925932222176e+01
5.915867617118698973e+01
5.894534125187895768e+01
5.874077022274909154e+01
5.854227630378255043e+01
5.833730466274579385e+01
5.812810692147598957e+01
5.794027475541123096e+01
5.773045024203605635e+01
5.752668557995826859e+01
5.731610187607068241e+01
5.710156798581068927e+01
5.688069144118319542e+01
5.666151032487934458e+01
5.644858097581679601e+01
5.620899539330699213e+01
5.600316584785315399e+01
5.575115995318322604e+01
5.554462256992157165e+01
5.532302400309200152e+01
5.510822616660252038e+01
5.488161347472863838e+01
5.465236514317643213e+01
5.442358678092203661e+01
5.420346521294998610e+01
5.397591873647073868e+01
5.373263269956149912e+01
5.351366502248335877e+01
5.329937631514329865e+01
5.306379653390550288e+01
5.282997092478864687e+01
5.259000326455696950e+01
5.235758492784146512e+01
5.212753302875493944e+01
5.188476147393068061e+01
5.165832536796770569e+01
5.142239144775182780e+01
5.116885333300674432e+01
5.093965885535676108e+01
5.069487413642347917e+01
5.045358787988527638e+01
5.022622140422068071e+01
5.000094518767082263e+01
4.974871185293857678e+01
4.952376667802706578e+01
4.930469505821700693e+01
4.907695877721175037e+01
4.881189127543090933e+01
4.859292093248797073e+01
4.836353797160509771e+01
4.814371647011551403e+01
4.791226183690886842e+01
4.769001369289973979e+01
4.745977916941019004e+01
4.722592893795771118e+01
4.698071477450923084e+01
4.677168918242162476e+01
4.653902504015213282e+01
4.631797686966055494e+01
4.609254099063331012e+01
4.587148450333718586e+01
4.566259808691837208e+01
4.542053748072234498e+01
4.519491493905400858e+01
4.497636409526725032e+01
4.475220407699899994e+01
4.454310026019844315e+01
4.433610722204140586e+01
4.410702464673795475e+01
4.390624034108585505e+01
4.368426597975312120e+01
4.348102529304837560e+01
4.326749743225904865e+01
4.306532579744741440e+01
4.287161959790974208e+01
4.266602176488627407e+01
4.246708869894062133e+01
4.225363001085921155e+01
4.205202801436839621e+01
4.185419254521160326e+01
4.165088201588091010e+01
4.144490348698697346e+01
4.125855242144925938e+01
4.105647147748878467e+01
4.086483683243619680e+01
4.067248197804752152e+01
4.048210771793063145e+01
4.028836001842715575e+01
4.011178527393492033e+01
3.990781617893784272e+01
3.972529560127239989e+01
3.954405666313393652e+01
3.935647213804566746e+01
3.918058885140543879e+01
3.899400707562968194e+01
3.881776435514345280e+01
3.865628576468311195e+01
3.846942146552907360e+01
3.828276621955577497e+01
3.810844377519555337e+01
3.794478165513699253e+01
3.777391060481102869e+01
3.759875095053333638e+01
3.743875179164772504e+01
3.726716492913696754e+01
3.709865059047324820e+01
3.692885882391133379e+01
3.678052432615137946e+01
3.661341895879750297e+01
3.645352417389789679e+01
3.630210808474307527e+01
3.615326187193925023e+01
3.598781547066811726e+01
3.584847713772528266e+01
3.570008819431265579e+01
3.554665082950966593e+01
3.540037499535430499e+01
3.525007847265616334e+01
3.510434393732766267e+01
3.496095216729013089e+01
3.482541322431195141e+01
3.467224909225465268e+01
3.455022898413245258e+01
3.440842445505143843e+01
3.427368978616145512e+01
3.414322977268561488e+01
3.401073873705094996e+01
3.387619521260789668e+01
3.374902024408801537e+01
3.361670925217039496e+01
3.348457975641364470e+01
3.336509465652557793e+01
3.323702017749508997e+01
3.311526690350184765e+01
3.299156335823659703e+01
3.287389879617525423e+01
3.274880793977482085e+01
3.263828990568962496e+01
3.252673462986028596e+01
3.241229422567005969e+01
3.231085268759813545e+01
3.219476161633087941e+01
3.209069538798729582e+01
3.197840099091743582e+01
3.188076386692867459e+01
3.177160961312167231e+01
3.166891083502797954e+01
3.158310642280279268e+01
3.148623349933997417e+01
3.139340307936374330e+01
3.131457631064907687e+01
3.121581596155019867e+01
3.112451825292044205e+01
3.104423117888696027e+01
3.094468267387000182e+01
3.086236570625807119e+01
3.078385897906355950e+01
3.071628347890601418e+01
3.063819079024006342e+01
3.057122801933250855e+01
3.049628516341634210e+01
3.043397265743905677e+01
3.036562450866012952e+01
3.030449988047973875e+01
3.025260614927249847e+01
3.019187811498878560e+01
3.014334820868625187e+01
3.010609456413987672e+01
3.006572650308422823e+01
3.001741086419176696e+01
2.997534317604145926e+01
2.995012198678626447e+01
2.991851352005039999e+01
2.989601025320318683e+01
2.988343162782751605e+01
2.987209339121868368e+01
2.985976679635244579e+01
2.986047689246548842e+01
2.987390984970078378e+01
2.989400063512745120e+01
2.990745471883125717e+01
2.992971439497638997e+01
2.995614532911315209e+01
2.999439488745363391e+01
3.003628568856888492e+01
3.009023945875364703e+01
3.015511184988789495e+01
3.023040411734672261e+01
3.031858218445826125e+01
3.041982935131864352e+01
3.053876751165071113e+01
3.067224144440073985e+01
3.082164648367672655e+01
3.098369237052462566e+01
3.116887533977633495e+01
3.136898815462661716e+01
3.159539014973374549e+01
3.184501164788402150e+01
3.213178898882063805e+01
3.246422585940139527e+01
3.284188776298714885e+01
3.326407202924769990e+01
3.375746595634421254e+01
3.428166342109885534e+01
3.487971224410806315e+01
3.556240022047415295e+01
3.633343957161711302e+01
3.714577640814021464e+01
3.804932718388348434e+01
3.898249904588509196e+01
3.994933739118131655e+01
4.090028888854907052e+01
4.176582764856313901e+01
4.253875646929537879e+01
4.309398095390346128e+01
4.340940417291350428e+01
4.336852083352662390e+01
4.295799553301880991e+01
4.207521344407911101e+01
4.071337339015415324e+01
3.893401027230015643e+01
3.669851811122809693e+01
3.408265278088375538e+01
3.117279158487261270e+01
2.802242063557412166e+01
2.477022842723058460e+01
2.150954887358403766e+01
1.832310755469443819e+01
1.534005295220612375e+01
1.260321884961497751e+01
1.015884857282662779e+01
8.020043810394566819e+00
