3.164359483627287584e-01
5.925080929004393759e-01
7.805992123739738942e-01
9.161341440025980720e-01
1.022415760948908181e+00
1.108234295565366345e+00
1.177521579313836719e+00
1.236367951847552327e+00
1.285962725903154524e+00
1.337154690364738219e+00
1.380901534362561911e+00
1.421711035565182302e+00
1.449079682804145008e+00
1.486213901152213968e+00
1.511725495920821727e+00
1.540366085255486572e+00
1.568125887307383559e+00
1.594000300014524862e+00
1.613170449830383379e+00
1.639697670306969890e+00
1.660972655272026088e+00
1.681969989653264497e+00
1.702630404546767284e+00
1.724257826623561973e+00
1.745594355898957728e+00
1.767957613270043415e+00
1.787560426464866348e+00
1.814084722801174721e+00
1.838721892784863865e+00
1.864830858167890293e+00
1.889180625497839827e+00
1.917257758283864799e+00
1.946341105524330706e+00
1.985061454286045191e+00
2.028415485871729818e+00
2.064739276397100642e+00
2.118164134535752030e+00
2.174718749540201390e+00
2.243935245771339737e+00
2.313367267463970034e+00
2.402365947796255785e+00
2.501674860741241346e+00
2.613210562128874592e+00
2.738138675414563572e+00
2.886698248454812710e+00
3.053361592727625418e+00
3.244424699089408559e+00
3.456043189966543139e+00
3.697632869899682539e+00
3.964572195792004372e+00
4.257303981528520964e+00
4.589201831224694494e+00
4.944241551477084329e+00
5.334210721566605251e+00
5.754975378777857919e+00
6.214380679431552146e+00
6.693815553912175531e+00
7.217779651666726082e+00
7.771615145059464602e+00
8.354662202896861345e+00
8.967257205906244977e+00
9.609121424081584095e+00
1.027112098748863644e+01
1.095567853953391690e+01
1.167514446428774377e+01
1.240248989574432770e+01
1.315249992159297676e+01
1.391316593925830958e+01
1.468879738156418924e+01
1.547352314012233343e+01
1.626852978777997194e+01
1.706369828647915199e+01
1.787147270610138605e+01
1.867562993526975390e+01
1.946932873226591099e+01
2.025823249086874256e+01
2.104301365216611686e+01
2.182254799263766998e+01
2.257719831856258708e+01
2.333043235648429459e+01
2.407692892409136221e+01
2.479507542886925364e+01
2.550162211519159783e+01
2.619263596428787721e+01
2.686210588695363199e+01
2.750827378773518461e+01
2.815312341622617254e+01
2.874621775977877647e+01
2.934183974550401430e+01
2.991439675242926199e+01
3.045481906282287099e+01
3.097915399692024607e+01
3.148342213580345117e+01
3.195763036922749123e+01
3.240765954774710877e+01
3.285485448889470206e+01
3.325884246039545644e+01
3.365473946385692017e+01
3.403502078190246749e+01
3.437891069104759367e+01
3.470349546092984383e+01
3.501607188422048722e+01
3.530360247855587374e+01
3.558144294974130872e+01
3.583956487316731199e+01
3.606274896535872188e+01
3.628302913905142191e+01
3.649041996723185832e+01
3.668679731234654184e+01
3.686778509039945817e+01
3.701740331968978381e+01
3.715862734023280467e+01
3.729424756770051630e+01
3.742013199193947770e+01
3.752359063828934893e+01
3.761570012643871763e+01
3.770842227956533321e+01
3.778739382182288864e+01
3.784402625724906244e+01
3.790449360547646052e+01
3.794298506144739491e+01
3.797676530029877284e+01
3.799515809902736407e+01
3.801876643032387904e+01
3.804095149493489458e+01
3.804287297505754140e+01
3.805939039138490187e+01
3.805117235308544821e+01
3.803843909285893687e+01
3.803113924707687232e+01
3.801458473742999189e+01
3.798270965642113595e+01
3.795495538961784376e+01
3.793400476587837034e+01
3.791631993200252282e+01
3.786117337897048429e+01
3.782678589521246693e+01
3.777683598344164295e+01
3.773416490876429208e+01
3.768275247625324909e+01
3.762533475134122085e+01
3.757569500105777394e+01
3.750641300646300635e+01
3.744653485251984648e+01
3.738730705298350898e+01
3.733860763292436502e+01
3.726376409947665280e+01
3.719739125712655436e+01
3.713023233283403357e+01
3.707529793224780690e+01
3.700912859815319678e+01
3.692244555591352650e+01
3.686069495509152460e+01
3.679176196908515095e+01
3.673224903294958210e+01
3.664493155051441420e+01
3.658504392262133109e+01
3.650898091418954294e+01
3.643224326278843961e+01
3.635537085395289125e+01
3.628984702511983329e+01
3.621118764561941816e+01
3.612352781561811810e+01
3.604155476924535861e+01
3.594741764416100693e+01
3.587318465921450894e+01
3.579900314981919962e+01
3.571529055680277764e+01
3.563163688162829601e+01
3.555910022447523744e+01
3.547002278187341062e+01
3.539203439864613188e+01
3.531565298164476729e+01
3.522532473972971445e+01
3.515418638562108100e+01
3.506296023513305471e+01
3.497961096549607163e+01
3.489444279947846894e+01
3.481827161363506917e+01
3.472970277807755934e+01
3.464845285548810949e+01
3.456924618754946010e+01
3.449321559211269772e+01
3.440158272987546439e+01
3.431784579537811908e+01
3.424147692116528674e+01
3.414520858993145680e+01
3.406729534176368901e+01
3.397475631464660495e+01
3.388716784418389238e+01
3.380395848259902891e+01
3.370936158400918714e+01
3.362600947976521581e+01
3.355760785379057864e+01
3.346402901384597328e+01
3.338855237965862699e+01
3.329594164504906217e+01
3.320883532566620744e+01
3.311994108827048677e+01
3.302957492818506324e+01
3.295784179664858016e+01
3.286214998876649673e+01
3.278726171602276906e+01
3.269720733723232797e+01
3.261612945191181012e+01
3.252878686319065338e+01
3.245561360304581910e+01
3.238218964260252619e+01
3.228411842855476266e+01
3.220000508071264989e+01
3.211255616910332833e+01
3.203179223705260625e+01
3.195042436482514603e+01
3.186393634957169141e+01
3.176863414859702672e+01
3.168831969911850521e+01
3.160595445111234980e+01
3.152698276988131809e+01
3.143908704028394752e+01
3.135752198098823484e+01
3.127335673562244978e+01
3.118908140058963596e+01
3.111158710678308736e+01
3.102432715623828585e+01
3.095443936515960104e+01
3.087541312461005560e+01
3.079222297009987486e+01
3.072388229486073641e+01
3.063545353400791527e+01
3.055078340173981388e+01
3.048783752660272839e+01
3.041393744393738530e+01
3.033768644562050198e+01
3.026002375626292817e+01
3.018110976054321526e+01
3.010461328492642963e+01
3.002579276389180762e+01
2.994625352317380873e+01
2.988290417499631602e+01
2.981191005639536229e+01
2.974670685739148368e+01
2.966506152237469252e+01
2.959863954288613286e+01
2.952722637500192349e+01
2.946529817419801489e+01
2.940695701993820066e+01
2.933151629223844736e+01
2.927821452070037367e+01
2.920702182600544106e+01
2.913350134112247147e+01
2.907237787738158019e+01
2.900700093576071126e+01
2.895026418825526449e+01
2.888599114094298059e+01
2.881207446139109862e+01
2.876465077628445499e+01
2.870297750774034995e+01
2.865291145427488217e+01
2.859626626523150250e+01
2.854713388157738763e+01
2.848895615451960595e+01
2.844941191758053378e+01
2.840185492263098865e+01
2.835802119766347573e+01
2.830684783604021959e+01
2.827012869941300366e+01
2.823492257562799068e+01
2.819192359943567894e+01
2.815369899457071057e+01
2.811327178480960853e+01
2.808869149975041779e+01
2.805854337748964511e+01
2.804485137834606689e+01
2.801733962037221914e+01
2.800031006565509983e+01
2.798249768176421526e+01
2.794994560946324569e+01
2.794555530623615525e+01
2.793361365900055659e+01
2.791860876919126255e+01
2.791677697348857379e+01
2.791548539868518475e+01
2.792834868727990738e+01
2.794947703401488681e+01
2.795191501800421818e+01
2.796290660754787893e+01
2.798652116835861392e+01
2.801897755423549796e+01
2.805063410344846275e+01
2.809010567793032465e+01
2.814357980215481092e+01
2.819933718382714005e+01
2.825787123494745501e+01
2.833205579431180610e+01
2.842059352782605330e+01
2.850505027343038122e+01
2.859650790202797310e+01
2.870927459989039576e+01
2.884075857170179447e+01
2.898502186119776880e+01
2.914891074545082716e+01
2.932260089555210669e+01
2.951107468136656564e+01
2.972815236092930391e+01
2.996710085833434789e+01
3.023023664204179539e+01
3.051526808292596371e+01
3.083996468690427406e+01
3.121804091496226263e+01
3.163829401003287600e+01
3.210923578338104534e+01
3.262762370070115736e+01
3.321910000867144674e+01
3.388952520363722698e+01
3.463249379110525439e+01
3.544446071610440185e+01
3.633699226614128719e+01
3.725977335854926764e+01
3.819931467946431525e+01
3.913892962394974973e+01
3.995530975753999314e+01
4.070692310893964105e+01
4.122450525109778852e+01
4.153471736746632104e+01
4.152385746994283977e+01
4.113262351400602768e+01
4.030990804792433124e+01
3.902999727500444749e+01
3.731800802732501410e+01
3.519805410231314369e+01
3.269495016818356703e+01
2.986749270283701208e+01
2.689367957398479803e+01
2.378259808748805781e+01
2.063385572416379077e+01
1.758967491794785332e+01
1.473118851143826014e+01
1.209348837201276261e+01
9.747836493690545723e+00
7.699139445033795326e+00
