7.035332634997216417e+01
6.178339601654084845e+01
5.434324578927481753e+01
4.769748911997876917e+01
4.196874200034965696e+01
3.719659227481185582e+01
3.269143817797917251e+01
2.823570574417944812e+01
2.390198327271433598e+01
1.980752414814131512e+01
1.611246734193361263e+01
1.290197169906898722e+01
1.022245128708913953e+01
8.065615891885016708e+00
6.364321703582326073e+00
5.047031529393848359e+00
4.037625152968560727e+00
3.268638422680478772e+00
2.683770924292525173e+00
2.238514074122571085e+00
1.896927916561065297e+00
1.647050615473693469e+00
1.533881456655069142e+00
1.479310942510917881e+00
1.425034209862510615e+00
9.433023450743190930e-01
9.740092827015219834e-01
1.073921315328578041e+00
1.056119333932077131e+00
1.037707687135568158e+00
9.492747068988701686e-01
1.043498639710841669e+00
9.290795980496892037e-01
1.000922245794491738e+00
1.093579593328203980e+00
1.031047362674773149e+00
1.012978062297330339e+00
1.085814812256018058e+00
8.850586168861641623e-01
9.980105430088399565e-01
1.130507488900289070e+00
9.151645476871163032e-01
1.037656239503685462e+00
9.446582062783821510e-01
1.034929669677881581e+00
9.261106810021556557e-01
1.012638359663649457e+00
1.124894038106615923e+00
1.111657932441504792e+00
1.138192851527021654e+00
1.052168859201611184e+00
9.318973985511873614e-01
1.224308229122329728e+00
9.863053564429981046e-01
8.274674507216769337e-01
8.520644858339394556e-01
9.284544562924568201e-01
1.052340605482679381e+00
9.150507171979661569e-01
9.627803739062270605e-01
1.070053784565185628e+00
1.182530773715813943e+00
1.173397130403672328e+00
9.952799642991914109e-01
1.183584525962748879e+00
1.019630300845144610e+00
1.048833250030396069e+00
9.529870465258548640e-01
9.777766798615026289e-01
1.007618879557437008e+00
9.458291718686216987e-01
1.367047972627940089e+00
1.009553130618063843e+00
9.888544864835514536e-01
1.028518644993836606e+00
1.426545738298660160e+00
1.295463591667884717e+00
7.669818152669456435e-01
1.368132762292172622e+00
1.449727844424558709e+00
9.423148485570161936e-01
1.052420516312368770e+00
7.948643242995961922e-01
1.068618347986842521e+00
8.634910016758754470e-01
8.106019313658439085e-01
1.202651349712470008e+00
1.243569364358928064e+00
1.063029691296606627e+00
1.403395579729847853e+00
8.806907355586655051e-01
9.786708696944981245e-01
1.161014292685649929e+00
9.196253054390919335e-01
9.044300901543728122e-01
1.002596978517383386e+00
8.322231250052486429e-01
1.271505122593957537e+00
1.191554724557532197e+00
9.903265555390055042e-01
