8.115908313670645384e+02
4.079567858267697034e+02
2.628480556200318006e+02
1.859436180331738626e+02
1.438813885642884145e+02
1.202945289990784374e+02
1.041627450922048865e+02
9.124094464009203875e+01
7.991621956358704892e+01
6.938979854009755854e+01
5.934798860580663415e+01
4.973735594841369334e+01
4.059056396131513367e+01
3.231071843641100827e+01
2.504865858270988355e+01
1.902575874062477368e+01
1.424521667818435411e+01
1.061612425969615892e+01
7.940959019836888899e+00
5.999486670928777521e+00
4.604832877381136669e+00
3.685755569024089962e+00
3.311149846292686938e+00
3.133678690922554022e+00
2.895671339147021239e+00
1.052948533399492792e+00
9.950926058238220850e-01
1.075208606139623768e+00
1.084863194084933147e+00
1.042587623476703307e+00
1.114401806554061958e+00
1.019482150853362912e+00
9.473228310372121541e-01
1.031312006661913028e+00
1.031776371667602721e+00
1.014085390446089807e+00
9.319367509159283136e-01
9.773799753854227612e-01
8.676023600954607673e-01
1.155545766805927244e+00
1.026842851147839353e+00
9.300927924704861516e-01
9.444370664887868916e-01
1.013848560624838635e+00
8.350399657094501604e-01
8.978694953140743396e-01
1.048018433560046869e+00
1.223523568139247342e+00
9.598383605000169183e-01
1.045533018496616950e+00
1.074753692342386158e+00
7.531490349045103505e-01
1.135438349325479823e+00
1.089248710550838828e+00
1.037174252658100482e+00
9.384552595385432516e-01
1.207543471990087713e+00
9.937273230794134715e-01
1.058619797607660118e+00
8.975493614452305646e-01
1.129257675584385057e+00
9.873026013889558694e-01
1.354227280249621579e+00
9.218621289956511200e-01
6.784596493062186040e-01
8.968981464595660036e-01
8.730230744847136126e-01
1.164142111126369228e+00
1.272684925941454104e+00
1.190094671459071440e+00
1.363558092009392597e+00
1.140868978345290996e+00
9.703575432711636362e-01
7.273000103549986939e-01
1.104380845907493969e+00
1.091534624868190972e+00
8.662626399028061641e-01
8.612212304479114344e-01
1.093017962272477828e+00
1.133872523231513219e+00
1.064809431067440082e+00
8.524121667039626926e-01
8.479700413791212421e-01
8.170853835631733952e-01
8.484138879067247840e-01
1.141829707102633540e+00
1.053812313640622556e+00
8.520411329878433415e-01
1.143227450449656013e+00
1.256990152078862666e+00
1.086385152152544054e+00
7.665406622815409410e-01
1.359456885869985365e+00
1.483131967038613164e+00
1.170824349807073173e+00
1.002879027788135424e+00
1.281919434025698079e+00
1.332758692673966516e+00
1.031310558947586165e+00
1.091062933775486021e+00
