5.062957704518182140e+02
5.172699377425909688e+02
5.263520732169263283e+02
5.351277994215097351e+02
5.434874943476214639e+02
5.496743503498962582e+02
5.540997607855248361e+02
5.567462542827593097e+02
5.576577535301163380e+02
5.568696290238200390e+02
5.548117895204793513e+02
5.518139317691856149e+02
5.484914540256964983e+02
5.455346350829770472e+02
5.440068833422280932e+02
5.453540681458661084e+02
5.508399434882110199e+02
5.631561888154901681e+02
5.872357904778942839e+02
6.338164481105621917e+02
7.368266062647338686e+02
1.010626127123264382e+03
7.415337777364475187e+02
5.997513550714438679e+01
2.123184320071963005e-01
2.024067233394418863e-03
1.961664250154580326e-03
1.686134633271995547e-03
1.640346877821990219e-03
1.344996080500232994e-03
1.259850755196004115e-03
1.119360360380966622e-03
1.005268279700248990e-03
9.199628932859536421e-04
8.880774527062690934e-04
7.745531940877475917e-04
7.670791680985749282e-04
8.341429548481591556e-04
6.609446220441155505e-04
5.967916922434726669e-04
5.324371194117041286e-04
5.147276744215026735e-04
5.150633481284507204e-04
4.621087532110501454e-04
3.928092852219098241e-04
4.538972065449625921e-04
4.635168130710954487e-04
4.206644042381415594e-04
3.579899074332831008e-04
3.894072801084637477e-04
3.555791700623902414e-04
3.389098141391603614e-04
2.716019693552875576e-04
2.701552476518318804e-04
2.400175130321060852e-04
2.209935428303121433e-04
2.011751595460313318e-04
2.400939125428827364e-04
1.980556845740792952e-04
2.230084416864074905e-04
2.015110437433605258e-04
2.065295534184964144e-04
2.474265120831945050e-04
1.958116637309075556e-04
2.430833959445878026e-04
1.377412588252744806e-04
1.648065826370854494e-04
1.540317528236509687e-04
1.705014410517662212e-04
2.129886355173399260e-04
1.184993275222482597e-04
1.575597350501490982e-04
1.107413105326471656e-04
9.043578298691640302e-05
1.403169282391415599e-04
1.148504067676491181e-04
1.434960357539113432e-04
1.005289478876925964e-04
9.306186844608104847e-05
1.495994167497601511e-04
8.009591939221033779e-05
1.112420123943241634e-04
1.016449812358745266e-04
9.829252434576530705e-05
5.069018033174162261e-05
8.263211661211288753e-05
1.100588723727751015e-04
5.008980758502898221e-05
1.037815668269527399e-04
9.683301110205766774e-05
6.037133104271793214e-05
6.304488991478573035e-05
6.767843033576723599e-05
4.819882309527654914e-05
5.357858036448490531e-05
4.917695373973535194e-05
5.109949281914041559e-05
5.462231160937132201e-05
4.672989643470399366e-05
5.131546433537620557e-05
