3.681462864875793457e+02
3.751823926501804181e+02
3.803002214961582013e+02
3.842952439520094003e+02
3.869180853631761465e+02
3.866402171982659297e+02
3.834629975954691758e+02
3.773478369183010273e+02
3.683338876830206914e+02
3.566018104553222656e+02
3.426814070807562871e+02
3.271009623209635606e+02
3.105290025605095821e+02
2.936860518455505371e+02
2.773841347694396973e+02
2.624140519566005878e+02
2.491280007892184756e+02
2.385306892924838564e+02
2.318744227621290293e+02
2.321101458337572012e+02
2.488533259497748418e+02
3.151081009440952130e+02
2.218160317473941348e+02
1.759100162320666882e+01
6.076552682336316263e-02
1.828193882843128298e-05
4.327667612866490054e-05
6.052360572716963816e-06
7.420463525445144690e-06
1.069754644558409729e-05
7.323610976131236391e-06
4.084965281986936120e-06
6.478030657267967549e-06
5.664437952468404092e-06
8.371095244146747077e-06
7.867813396937132025e-06
3.331653083095255173e-06
4.030956762355073345e-06
8.445063267535172030e-06
4.304208976198727235e-06
3.775010208663233190e-06
5.435265106730942555e-06
1.321342368607345399e-06
8.727432378760921674e-07
1.542815180894447396e-06
8.192276871543524696e-07
3.403878960423551252e-07
1.613722268217495610e-06
7.775454342606735736e-07
1.527978047101265023e-06
1.877884737099991454e-07
6.144373132757310705e-07
9.823152009542152868e-06
4.538699304785293424e-07
1.742648167793150613e-06
4.530711032025970435e-07
8.202549660119866984e-07
7.364072271482452851e-07
4.525584518571773478e-07
9.553551134584065935e-06
6.039940640473812454e-07
9.270265006004289061e-07
0.000000000000000000e+00
4.508316738199230241e-07
2.981460418204228059e-06
1.147096577527564484e-06
1.377312809975390164e-07
3.275429783202968102e-07
1.534237630570108427e-06
0.000000000000000000e+00
1.238941304319377859e-05
3.557831165481830748e-08
3.519451436457327435e-07
6.248070765953647170e-07
4.702665342569566182e-07
1.517094037555782224e-07
2.426520969341557440e-08
0.000000000000000000e+00
1.734928850459659206e-07
7.750408038810342112e-07
5.273060171223025371e-08
0.000000000000000000e+00
8.947380594450906710e-08
4.191570231644922001e-08
1.006227105588348250e-07
7.744835133709986529e-08
0.000000000000000000e+00
1.226687942335047410e-07
0.000000000000000000e+00
0.000000000000000000e+00
0.000000000000000000e+00
5.900682988150643977e-07
2.918103203026273622e-07
8.794881283493951960e-07
2.220986314366907946e-07
0.000000000000000000e+00
6.441566584827443185e-07
0.000000000000000000e+00
9.722791373986992697e-07
0.000000000000000000e+00
