5.064022654959012470e+02
5.175145867600086831e+02
5.267461026632262246e+02
5.356875604015914405e+02
5.441988015282676088e+02
5.504807325762354822e+02
5.549811531741200952e+02
5.577179263837307417e+02
5.587207408034747687e+02
5.580666471302935179e+02
5.561903504813578820e+02
5.534812281293039860e+02
5.506207779185491518e+02
5.483943004630725682e+02
5.480995585178842475e+02
5.515141328839491734e+02
5.602785280257330669e+02
5.776684320808368511e+02
6.095228791360418654e+02
6.681543162018272142e+02
7.920576694406829574e+02
1.111393734714444008e+03
8.275667833234265345e+02
6.744487733120816131e+01
2.392888527434918200e-01
1.985023976455965820e-03
1.936069007548726949e-03
1.710944562371031086e-03
1.614771420065006305e-03
1.302269160356265805e-03
1.309972946941237839e-03
1.181914864819030245e-03
9.775851403964798143e-04
9.868512029882652633e-04
8.090690782945091563e-04
7.947852488110688628e-04
7.834610311868675948e-04
7.506779924108740150e-04
7.986837810688844934e-04
4.969505503346724907e-04
5.582069042264225806e-04
5.630393970405385634e-04
6.017617573823337432e-04
4.541226994965534536e-04
5.215283219407535137e-04
4.669807982787954202e-04
4.194095962403636500e-04
3.223356692723499794e-04
3.746860356303550002e-04
4.550325234505968493e-04
3.517126599117993148e-04
3.660213307186705595e-04
2.422070853643393295e-04
2.765415241936295776e-04
2.962068680243476341e-04
3.232144151655503206e-04
2.194834915704908546e-04
2.150758531974518266e-04
2.576029657606268022e-04
1.823687675627360262e-04
2.247313562408153438e-04
1.890623793350856006e-04
1.947649062957745056e-04
1.971006786945662796e-04
2.121270073498414085e-04
1.333372688106870352e-04
1.876058626439298168e-04
1.692170402990993334e-04
1.654784015434706916e-04
1.451760393163244818e-04
1.140734401443167898e-04
1.650927753858248942e-04
7.763030794553155611e-05
1.342934435987100752e-04
1.370931597487176417e-04
7.864167558544519316e-05
1.498556313334073540e-04
7.656101565963559013e-05
7.719381383696009413e-05
1.029074339092318779e-04
8.653233428642967775e-05
9.879788926804298804e-05
7.662939310548440384e-05
1.006839779334931618e-04
5.675896385864650281e-05
9.657886496523793943e-05
1.126424655876150755e-04
8.720345139718742224e-05
9.428029196666719086e-05
6.615778916217614203e-05
8.716670861802592327e-05
1.027104699667390930e-04
4.500964091098430027e-05
4.190824795617341516e-05
6.742953829568011930e-05
3.541593300105574639e-05
7.075796927192745027e-05
8.206246933064970334e-05
4.575256590403147200e-05
3.419420410344837401e-05
