5.064907566576719660e+02
5.176814315288211219e+02
5.269968930980473942e+02
5.360194649143434162e+02
5.446084353877671447e+02
5.509452344981476699e+02
5.555020684770166781e+02
5.583078997959347589e+02
5.594209087572975250e+02
5.589362591833603346e+02
5.573388297186276077e+02
5.550523302998412873e+02
5.528774768085537517e+02
5.517256154821569680e+02
5.530717359914767712e+02
5.588818262187876371e+02
5.710753554852944944e+02
5.932147297646395145e+02
6.315599876089655709e+02
6.992602846671859425e+02
8.376366949658166732e+02
1.187599448326760921e+03
8.896390482833763826e+02
7.271928824763730859e+01
2.594288817335739794e-01
2.138744772140118485e-03
2.001408312145763757e-03
1.755964709190204224e-03
1.549887133092968730e-03
1.408743112883821709e-03
1.293982535255783868e-03
1.098679869040032403e-03
9.375548543746389102e-04
9.672993204714726246e-04
8.487138299395862026e-04
8.601433043294392069e-04
8.540146809473045646e-04
7.876441010824537098e-04
7.934876283404040682e-04
5.104421861527522327e-04
5.809968892546506745e-04
6.005758896569887055e-04
5.605880920470590958e-04
4.953654335269087059e-04
4.517662797881645174e-04
4.490882801166559387e-04
4.181471685702080375e-04
3.446162956941812802e-04
3.878091515224769384e-04
4.235392950477717081e-04
3.688304913455008028e-04
4.093110658483090493e-04
2.439086175471044465e-04
2.742650265938365527e-04
2.364657438689033169e-04
3.393961326200494919e-04
2.150870971590493157e-04
2.719042385102352207e-04
2.391219622689945109e-04
1.643590151733158810e-04
2.096229043957612633e-04
1.994454477962308400e-04
1.788422935263974084e-04
1.738153735067839210e-04
1.756321133431086091e-04
1.455545376975781900e-04
2.114596430059772624e-04
1.307735976146655072e-04
1.727621495937817220e-04
1.491513608690534800e-04
1.017793016251638264e-04
1.701140390824693483e-04
7.011784332987361932e-05
1.497431229450603071e-04
1.449489650418615762e-04
7.791843675450615915e-05
1.619387551878941598e-04
7.389295478225502481e-05
8.364809385579487677e-05
8.865886673120564998e-05
9.939934448300700857e-05
6.556063228495291313e-05
7.992124681033187933e-05
1.256144922897061995e-04
6.009596765411749197e-05
8.599987554400739961e-05
8.895261549250675875e-05
9.532429054582967519e-05
8.316005786065147447e-05
6.355484128112850952e-05
7.487829271608194748e-05
1.164703209647699407e-04
4.855246855871066936e-05
4.525632000458160501e-05
7.762902701746842023e-05
3.758862436460066352e-05
5.788061840014452933e-05
4.528558633871036327e-05
4.248604487264380139e-05
4.317992234428289405e-05
