5.061697507083968617e+02
5.169262121306642257e+02
5.258159447128911097e+02
5.343204273581277448e+02
5.424015416713421018e+02
5.483642913757116730e+02
5.526054968833359453e+02
5.550915422344705803e+02
5.558540357151005082e+02
5.549312315799298858e+02
5.527217342466963146e+02
5.495770215319125782e+02
5.460596208026122440e+02
5.428539802287227758e+02
5.409452936826222640e+02
5.417364253550206286e+02
5.462608760714095979e+02
5.569128982777052670e+02
5.781254610646283254e+02
6.195031499001748898e+02
7.122513202204129357e+02
9.610594042962890171e+02
6.972764587557439881e+02
5.606128339633612967e+01
1.973785034468810151e-01
2.121042654524079533e-03
1.863527441927324184e-03
1.734783928602851239e-03
1.611127551199502232e-03
1.390662887952570821e-03
1.378324799430758352e-03
1.068797195056750502e-03
9.473057562729757328e-04
9.339773948619543376e-04
8.936007097493869032e-04
8.588917842931718298e-04
7.404980802359884505e-04
7.311532691471925001e-04
7.320879192835389121e-04
6.543637612712971223e-04
5.779624309284318341e-04
5.414190449295445831e-04
4.870880137703782254e-04
4.782681195761280882e-04
3.962716604359279118e-04
4.598967816380755561e-04
4.188767411894905261e-04
4.185607326497960330e-04
3.584872714547871950e-04
3.946525323383083647e-04
4.230340465832090535e-04
2.667388585749805134e-04
2.836968771429869895e-04
2.835714981885230270e-04
2.910388224874071485e-04
2.815631155515515367e-04
2.524482370023094940e-04
2.626503453490424008e-04
2.307088399426279702e-04
1.634273208888383205e-04
1.932750109586547688e-04
1.750669987523667602e-04
2.023263719574407463e-04
1.584726556194798719e-04
1.183665941669454603e-04
1.478900966447960837e-04
1.514352534743300968e-04
1.657733391697693100e-04
1.978640482380159460e-04
1.793239886430729837e-04
1.212386368757566342e-04
1.700734236091955688e-04
8.591507910855703271e-05
1.358037178635712540e-04
1.397613568134143378e-04
8.906421307701441995e-05
1.485385573631519220e-04
8.340425529918502089e-05
8.598633325223646140e-05
1.210109116891596674e-04
1.241708182284289935e-04
8.184392243895336893e-05
7.745962931004177242e-05
8.712127139372487087e-05
5.688775422364247011e-05
8.367080200817118190e-05
1.082972957756378382e-04
6.359236901764711125e-05
8.571429929150242895e-05
6.111073829942909605e-05
8.461549834576308194e-05
7.440811561381551462e-05
9.945621455341163567e-05
7.370612099237576129e-05
1.019295104920553316e-04
4.602157515033134471e-05
1.070144000034264616e-04
7.724706252801783921e-05
6.241652711536617372e-05
4.142772008852546432e-05
