5.061491997760605841e+02
5.168723462568932518e+02
5.257198042621909053e+02
5.341882654976137701e+02
5.422129474530013340e+02
5.481166764408435483e+02
5.523123519148655305e+02
5.547598420552802736e+02
5.554846365784760565e+02
5.545227228004962399e+02
5.522841938512827937e+02
5.491067636195014074e+02
5.455681005762168070e+02
5.423038017768781174e+02
5.403582138119520550e+02
5.410846529869226060e+02
5.455372766733059962e+02
5.560873173052375478e+02
5.771497274635695476e+02
6.183073570961653331e+02
7.107174970972794199e+02
9.586501396081048370e+02
6.957152091695656964e+02
5.595984879188808492e+01
1.970048994027978895e-01
2.250027798944930976e-03
1.842896012269544439e-03
1.716470034591609413e-03
1.627772794332077097e-03
1.388614397746025389e-03
1.372538911287995989e-03
1.138019909628977923e-03
9.493452820439449331e-04
8.982366746808770949e-04
8.587090381817665940e-04
8.207931635806791672e-04
7.589733095230446992e-04
7.292089026993915429e-04
7.877324195106275972e-04
6.187310980572826398e-04
5.804216357911658273e-04
5.705992580425472667e-04
5.150023592896468350e-04
4.018982268974010752e-04
3.484916060056310197e-04
4.721253220047799876e-04
4.668905172858066614e-04
3.772116879356978455e-04
3.624469818289783544e-04
4.075442758474731456e-04
3.829867229120964317e-04
3.312834691014196345e-04
2.646269761569066195e-04
2.256235457798146170e-04
2.742458279677227042e-04
3.026041103072685192e-04
2.359261876870441467e-04
2.871791979673456239e-04
2.190606481364884420e-04
1.440263707178005394e-04
1.723933341818670892e-04
2.016906536189686568e-04
1.663977793026236390e-04
2.428673747165325061e-04
1.538360166732187907e-04
1.345581498704143727e-04
1.412111105255346884e-04
1.626773485405337159e-04
1.903208738741323251e-04
1.394980868780226237e-04
1.062850135319614160e-04
1.897150741502140676e-04
1.169595996507839596e-04
1.262847609108424987e-04
1.459626384284881857e-04
1.176822373721465588e-04
1.400686373222314761e-04
8.524005884609683599e-05
7.811440650449943208e-05
1.134641663365345085e-04
7.448786853957864375e-05
6.402782682151433305e-05
7.572733846298565410e-05
1.007603545199994074e-04
7.238318067188827243e-05
8.602727801478368816e-05
1.062204085061755243e-04
5.494549460692140191e-05
1.189039515795843453e-04
7.602472104138923651e-05
4.710980823674830003e-05
6.634818412550085249e-05
5.382365132368996499e-05
4.268304651392098816e-05
9.176605460250181613e-05
5.160170561706868385e-05
4.826052912835266686e-05
6.608199069401074770e-05
7.471885214138386218e-05
3.684869491515035635e-05
