5.061610168331343402e+02
5.169021315602921050e+02
5.257751872519971812e+02
5.342623228915967957e+02
5.423195021858575728e+02
5.482563949306735367e+02
5.524806080779319473e+02
5.549486810480293570e+02
5.556950169916698314e+02
5.547553894323361874e+02
5.525388276656751714e+02
5.493743488317506944e+02
5.458547240496948234e+02
5.426222086658660828e+02
5.406941449234308266e+02
5.414636052313048822e+02
5.459592500930730239e+02
5.565633760817173652e+02
5.777076171610860911e+02
6.189861881600324978e+02
7.115740226125487879e+02
9.599537372948570919e+02
6.965215109613101276e+02
5.600892827136118512e+01
1.972518135020706609e-01
2.176219318085338954e-03
1.882054345910885414e-03
1.604010607881940645e-03
1.522921680709257188e-03
1.352500741171715551e-03
1.322659501040802498e-03
1.016554919182885647e-03
9.886001645319926999e-04
9.470784784041868859e-04
8.459068726176362457e-04
8.249304752802593538e-04
7.586616261584375924e-04
7.533193772986107725e-04
7.232276317367345450e-04
5.803185979936430162e-04
5.968309874884252485e-04
5.470047072833524602e-04
5.483169230603074156e-04
4.745599970285292843e-04
4.136402733854286111e-04
4.730639815501374679e-04
4.111096607866793857e-04
3.818967102176885919e-04
3.227740383642490707e-04
3.825287542140513278e-04
3.978398155246589091e-04
3.119303695736038470e-04
2.359430252486048975e-04
2.742241147288006198e-04
3.614472529842995626e-04
3.640284673463715275e-04
2.523406536061610964e-04
3.402309035531700149e-04
2.179312057613396456e-04
1.805995922870989607e-04
1.706278313388402614e-04
1.796957575989967541e-04
2.278677006074355431e-04
1.641889218765265127e-04
1.248434539985191958e-04
1.526904154606745472e-04
1.293801706084608285e-04
1.460986504534784558e-04
1.295564321050238449e-04
1.890690695830446097e-04
1.073104084089378951e-04
1.512378785208953020e-04
9.509704224421798536e-05
1.015311123792528498e-04
1.127524674791414099e-04
7.731329334611575970e-05
1.494146677426328915e-04
7.268232538807575663e-05
6.838192253742849693e-05
1.175181013034239645e-04
9.131565788575158856e-05
6.473830758865725167e-05
9.700162331484487666e-05
9.223517202522930750e-05
7.664367905437484158e-05
9.461443206803372107e-05
8.584599608360261955e-05
4.344055049477167901e-05
8.242281612113734981e-05
5.749280767587685394e-05
5.449602748788579567e-05
6.360605205756684880e-05
8.071038850521641936e-05
6.493072711478281578e-05
8.432596710751047854e-05
3.984963724342474649e-05
7.519243284140257979e-05
9.309021179857179557e-05
5.090478840494970937e-05
4.058529074361408534e-05
