5.061139482642588519e+02
5.167986366605327930e+02
5.255587010323420145e+02
5.339584903674136740e+02
5.419104753992639871e+02
5.477148231530482008e+02
5.518144253780851614e+02
5.541731669146347485e+02
5.548205546887841138e+02
5.537854851632761211e+02
5.514752034129143112e+02
5.482155898800606337e+02
5.445839604851961440e+02
5.412345901429530386e+02
5.391888216069017972e+02
5.397866723982923531e+02
5.441005261013571044e+02
5.544536305439174839e+02
5.752827179267668498e+02
6.161151782794433984e+02
7.079908857070705608e+02
9.548183162783286662e+02
6.938660199378640527e+02
5.587041741481019841e+01
1.966153353408585103e-01
2.038298947842734441e-03
1.784228371075156829e-03
1.657440365527155894e-03
1.598404661634126060e-03
1.348424594537281146e-03
1.271992289021902766e-03
1.056394589187746548e-03
1.000814836833379328e-03
9.710333576657595835e-04
8.768956556468138989e-04
7.427249671481338765e-04
7.485794576100689547e-04
6.532288480467765210e-04
7.068586444147864937e-04
5.412875911956073309e-04
5.463010261670631041e-04
5.149940783435504607e-04
4.502460361203632229e-04
5.160831590277074237e-04
4.117617316665226875e-04
4.065091439254543389e-04
4.264548760444739897e-04
4.454956152490417796e-04
4.270095445428483171e-04
4.127279026560877820e-04
3.315685168725435389e-04
3.220398914067267916e-04
3.406109244209398952e-04
2.767793662962034391e-04
2.675328582620368112e-04
3.464610860566295436e-04
2.010878377362203132e-04
2.075648165290012125e-04
2.250416639921217453e-04
2.173785949746427464e-04
1.539863799725208404e-04
1.863270325880812611e-04
1.636374120154732040e-04
1.749776639403746454e-04
2.065020870654949326e-04
1.776566853426416544e-04
1.883143621493507365e-04
1.423222765718706677e-04
1.591480525322043233e-04
1.473732200679193048e-04
1.271835725859229895e-04
1.823415159790526781e-04
1.024487160785717428e-04
1.598220557781774892e-04
1.228228519026940016e-04
9.543919906768494918e-05
1.317866936230420070e-04
1.175806579783224574e-04
9.511587013672645214e-05
1.254860996883373216e-04
6.699067077894408869e-05
7.730788890479351925e-05
8.147158266485641977e-05
6.802705116162255036e-05
6.387100048535291339e-05
7.013992088068785372e-05
9.288433313138464722e-05
6.288400369009890223e-05
6.517875566526378016e-05
5.301093460478485550e-05
6.457537055678042102e-05
6.264307505331663279e-05
5.662457114948325705e-05
3.570866535118447126e-05
6.331500039606829586e-05
6.073431263667083594e-05
4.114292374481643826e-05
6.301154479108297035e-05
7.243152360585371446e-05
2.735989697211060388e-05
