3.681890667826015715e+02
3.752793960666624571e+02
3.804732935752961112e+02
3.845513166991675007e+02
3.872701945907821255e+02
3.870978104241140727e+02
3.840122191097018458e+02
3.779848627803181103e+02
3.690546602432473833e+02
3.574098140053037014e+02
3.435785203264741767e+02
3.280883354647020269e+02
3.116234645746234264e+02
2.948997230398235843e+02
2.787255317971576005e+02
2.639134390391150760e+02
2.508284373781126533e+02
2.404963391599659417e+02
2.342082434333602237e+02
2.349914648943684199e+02
2.527262117306494815e+02
3.207458039585293932e+02
2.252291238729441147e+02
1.782712840018304234e+01
6.187120012999399593e-02
1.567927675842489821e-04
1.548155355398850763e-04
1.092942383637319516e-04
7.454018858273532566e-05
7.354522423319577419e-05
7.220963145440012032e-05
6.573373344317030864e-05
8.981061348231699859e-05
7.183382860182250607e-05
5.452186507307980190e-05
6.252633347914388008e-05
2.865972128370438204e-05
7.865776647131900634e-05
3.875525808307177700e-05
3.722062687888044263e-05
2.314291131024946106e-05
1.790015970169910159e-05
5.611494571761749728e-05
3.348138957322123010e-05
2.010734862917868315e-05
4.003586510195055072e-05
2.096098713795311108e-05
1.221578031342963888e-05
2.686039175154370429e-05
1.493207316214137614e-05
1.866890911269257491e-05
1.359223688396798854e-05
1.737235424389045951e-05
4.723074784488782296e-05
8.760668007503883304e-06
2.088882050784353700e-05
4.946403888780523395e-06
1.366895352461483526e-05
7.000360480533939639e-06
1.276853980609164515e-05
4.417514721064305883e-05
4.758284615439588528e-06
4.669494522750265539e-06
3.181076332027366993e-05
7.501986712830220609e-06
8.858972948401370721e-06
7.336457581885734039e-06
3.401512219299481547e-06
2.146534283481855006e-05
4.045567629833928563e-06
1.488209371647286616e-05
6.271367766134498631e-06
3.031611545768435244e-06
4.373040974551521867e-06
3.215271165954744895e-06
5.060568207543920366e-06
2.203139997310661974e-05
2.535240903555489170e-05
3.272856927496705801e-06
3.568871035339624534e-06
2.629094235651052713e-06
6.912935144668179321e-06
2.775762517220275199e-06
3.602768483940761130e-06
1.394476045943646561e-06
2.432714060852782129e-05
1.234449853389681626e-05
1.792929160495917593e-06
4.711042520631912367e-06
2.984998397595164752e-07
1.357996922952193289e-05
3.299554596874414741e-06
4.121950536154865383e-06
4.731147342636650613e-06
2.515940262842124880e-06
1.354237176602139266e-06
2.009719702458470245e-06
1.647118286898476988e-06
1.449816142300935324e-06
2.066170049867347905e-08
