5.061393132277522113e+02
5.168485957350109175e+02
5.256712972868485849e+02
5.341230328450307070e+02
5.421245862072787531e+02
5.479997323197023888e+02
5.521681193618159114e+02
5.545948060611131041e+02
5.552956414836438626e+02
5.543189829537448077e+02
5.520623140927682471e+02
5.488672656689640235e+02
5.453064995242709756e+02
5.420172509065596387e+02
5.400420408290870000e+02
5.407403965032216320e+02
5.451528049151588675e+02
5.556647332420046723e+02
5.766635172519621619e+02
6.177125121867205735e+02
7.099702126499622636e+02
9.575768928704077325e+02
6.951231158801082302e+02
5.592697356498248240e+01
1.969988002611295641e-01
2.068685439944457829e-03
1.798592918479962558e-03
1.565902389422273600e-03
1.525641824915411476e-03
1.326801801005614116e-03
1.185560200100678864e-03
1.117168831264865950e-03
9.529529082680738899e-04
9.050955323227828251e-04
9.118626915178009665e-04
7.778924262735695825e-04
7.835411023518445680e-04
7.537296572091601058e-04
7.553843067727072837e-04
6.050037948995632808e-04
6.061498455841162359e-04
5.563586228306502965e-04
4.839064193285614419e-04
4.188609605550661628e-04
3.942787649379005869e-04
4.508804914458705093e-04
4.258689116113314349e-04
3.845362460773003475e-04
3.303770511116135020e-04
4.345049653222062295e-04
3.464985318236333514e-04
2.927162397822697716e-04
2.612577374997520057e-04
2.319790137779557959e-04
3.320324571486199658e-04
2.415189485231835275e-04
2.307903205324084541e-04
2.333849289754731529e-04
2.096587169505606508e-04
1.756323769819009926e-04
1.717640783037841152e-04
1.619763193535746811e-04
1.529026155028838569e-04
1.960994700411110216e-04
1.765158996006470674e-04
1.300990990631715951e-04
1.303412641208476610e-04
1.400346654493433692e-04
2.022677494390042157e-04
1.547564221359670311e-04
1.114656272164672176e-04
1.587235415566695901e-04
1.571307541136131975e-04
1.827387314689319449e-04
1.345682327384080845e-04
7.112527393102211967e-05
1.145117774133906630e-04
1.400545139400074385e-04
6.510083685363318078e-05
9.203609453280444720e-05
8.204115276629068878e-05
6.806372534240544422e-05
9.526995081904426562e-05
8.536386178643583515e-05
6.105453614100183571e-05
7.360235967509198753e-05
1.086471523932637170e-04
7.750877357067214972e-05
6.728024731784103133e-05
6.010902391949302402e-05
5.378700497861880017e-05
8.745745023186711476e-05
5.808461834154294120e-05
4.688509473641524838e-05
6.344150058291499509e-05
5.893647907636520046e-05
5.667410964736177369e-05
5.412585863488097028e-05
6.628530062542141378e-05
4.103275408209803692e-05
