5.062552129044104845e+02
5.171695134084657184e+02
5.261918230710932676e+02
5.348868122160993153e+02
5.431768483729912305e+02
5.493138784400847499e+02
5.536934493949972875e+02
5.563062508487945479e+02
5.571795097671754320e+02
5.563597342492344069e+02
5.542468096973021829e+02
5.511990761385916358e+02
5.478204847221464888e+02
5.447490433528874973e+02
5.430563192534852988e+02
5.441334844684395193e+02
5.491106232002404113e+02
5.605219811425407670e+02
5.830405254008151132e+02
6.268302320417166129e+02
7.245638168868218827e+02
9.858372369681561622e+02
7.192019814577105308e+02
5.797075011196793071e+01
2.045616918654911964e-01
2.109978258054887555e-03
1.895062974641167994e-03
1.750042462045962519e-03
1.572804001476240049e-03
1.376491223043831104e-03
1.232960115246690622e-03
1.117959716647490016e-03
9.755509499379487730e-04
9.754335428253277070e-04
9.119137091336145494e-04
8.493257904819969751e-04
7.979743113156688959e-04
8.123457634619486245e-04
7.284870810924949083e-04
6.501179745722019884e-04
6.291304555771027240e-04
4.833347284770197864e-04
5.331955904969798519e-04
4.352405950726828481e-04
3.763099167806882215e-04
4.634446222865697433e-04
4.423241546268552268e-04
4.526153262709571535e-04
3.489731479301617532e-04
3.966479855101782644e-04
3.966264023849684650e-04
3.246504929053291321e-04
2.692834079208151717e-04
2.239893857244135231e-04
2.451544466004883932e-04
2.809907952446104025e-04
2.159631699137723210e-04
2.844478314962008950e-04
1.892670185776960652e-04
2.209293152941187741e-04
1.595976486475500706e-04
2.045430466894134131e-04
1.874124264002687999e-04
2.301951140181084999e-04
1.817624866638268579e-04
1.373987566353375564e-04
1.819825131218440260e-04
1.862742284605043927e-04
1.798013370404418019e-04
1.609710839733610212e-04
1.152312863326124004e-04
1.622532908867845556e-04
1.101670593622591446e-04
1.088994361581753609e-04
1.442505887069783852e-04
1.241965935235708686e-04
1.393262042851828189e-04
9.436855841679062020e-05
6.514756560952725045e-05
9.885046819238898271e-05
8.819398295500527416e-05
6.981350718956789547e-05
8.174156168284512107e-05
9.444000913968932792e-05
9.079315122229257822e-05
7.985747869392086497e-05
9.890811627991860503e-05
7.040733836585161905e-05
1.067102519742355168e-04
7.417597498809079223e-05
7.237673849334698623e-05
6.388721372876798052e-05
6.709104941111652715e-05
6.473050036416116808e-05
7.131626840614367136e-05
4.616293472841838131e-05
4.562079032371166022e-05
7.315338471432128150e-05
5.187327552959843455e-05
3.561308235705975633e-05
