3.256951051896946892e-01
7.296633375406913480e-01
1.191360678193770672e+00
1.766175602104521181e+00
2.388821150029852181e+00
2.965040360919893203e+00
3.499536702333197358e+00
4.027335302121223037e+00
4.564924469507386284e+00
5.145721709489446738e+00
5.779998710257042482e+00
6.502862212324395763e+00
7.352497054332733484e+00
8.406386904488275746e+00
9.752367094740927556e+00
1.161731035372220511e+01
1.436413191517287302e+01
1.856020031330826470e+01
2.521440479739535334e+01
3.615733766192929011e+01
5.574378832297384179e+01
9.441056947978778169e+01
7.483534432392085023e+01
6.353380764839263506e+00
2.621678642978181664e-02
1.949487700504114749e-03
1.865368212260480087e-03
1.537576720173343403e-03
1.547127178589265909e-03
1.366736335773686322e-03
1.224890477846056740e-03
1.074859417861433013e-03
1.082787913220019773e-03
9.076102856076755229e-04
8.447037019788816324e-04
7.441931539905678912e-04
7.010635584246407634e-04
7.986552371895221493e-04
7.141187131847245156e-04
6.387699771575247858e-04
5.773645324550455730e-04
5.654908074973451215e-04
5.345606119740236532e-04
4.733886598581560595e-04
4.796749660121126164e-04
5.142450081682912186e-04
4.070712668963796777e-04
3.566605559455216239e-04
3.337985389012879654e-04
3.413359044737695460e-04
3.500286141375353178e-04
3.026279905022463863e-04
3.089790525054797519e-04
2.632071956456799979e-04
2.567382842432165907e-04
2.095846905789240872e-04
2.063483784567896398e-04
2.217279445629197557e-04
2.088631933947551755e-04
2.364507381232318621e-04
1.887009544417547486e-04
1.451710579826377982e-04
1.723193464515810074e-04
2.079276183833299514e-04
1.961238210497477815e-04
1.499392739042593832e-04
1.306979691521072660e-04
1.157278247876114980e-04
1.433252023445703263e-04
1.817783421537201853e-04
1.633077658788381734e-04
1.368823572738447675e-04
1.028354246907914592e-04
1.342528969055160448e-04
1.315341703431632857e-04
1.140618262773834601e-04
1.128850933590274324e-04
1.147863938965138441e-04
1.255075573837766286e-04
1.045077087095019533e-04
7.376225466251629733e-05
8.313832196875871783e-05
7.340419017664311411e-05
1.113032850946629260e-04
8.203586192160080670e-05
9.753103045145594403e-05
1.180362923408414280e-04
5.957287294921956804e-05
6.999542576274707622e-05
5.078169205403723949e-05
5.714601349448354375e-05
6.315881342801778090e-05
6.900931027725494169e-05
6.027150565380300139e-05
3.698170406180025188e-05
4.428174603726867624e-05
4.930950369559967966e-05
4.000008822857038793e-05
9.036260309216933044e-05
3.834962075990781350e-05
