3.637561799894672987e+00
4.632746825944252578e+00
5.755417835458461973e+00
7.029842322550353906e+00
8.412121546560280549e+00
9.821161499424670538e+00
1.144697000170199352e+01
1.352474118112432144e+01
1.626639504328782593e+01
1.998900974497572847e+01
2.505971953775993910e+01
3.200240933695874901e+01
4.139328434384865574e+01
5.391273897518268399e+01
7.032781668548550158e+01
9.163558116538514753e+01
1.189240362435823641e+02
1.537514779916388363e+02
1.991284549271704236e+02
2.615121407901471571e+02
3.623790954955371149e+02
5.750447797633003120e+02
4.530616321161384121e+02
3.801593242389999006e+01
1.396950901077285701e-01
2.080231347514347254e-03
1.800276047669267581e-03
1.587549260605492212e-03
1.475327210470865798e-03
1.276878461377528584e-03
1.312558451938232191e-03
1.175520081972900250e-03
1.036687212798406612e-03
1.050909511061990731e-03
8.018898377322602631e-04
8.058051269338115932e-04
7.669062498644286597e-04
7.926012378540309416e-04
7.442112747020524941e-04
6.690814645009068948e-04
5.889159132761882581e-04
5.853515605784405601e-04
5.712720095137625550e-04
5.216092402618650089e-04
3.894276691968705218e-04
4.948436923571969837e-04
4.529766736280838231e-04
3.743019822201657226e-04
3.300060742329242081e-04
3.244773059249861803e-04
3.305359541646715553e-04
3.491505042000969325e-04
2.020349956708892127e-04
2.595017539236996553e-04
3.437382909981518526e-04
3.070913739233947478e-04
2.501169415074261555e-04
2.571530466962588754e-04
2.095214487185937237e-04
2.465559614992098134e-04
1.840132327234461336e-04
1.918728233069465390e-04
1.774972281246552455e-04
2.064352998740922847e-04
1.969753973848184416e-04
1.651752758549926198e-04
1.706701405955726096e-04
1.817311821588880969e-04
1.375729934268495752e-04
1.534309486482565742e-04
1.250239829662302341e-04
1.058624002282728430e-04
1.192319672620191620e-04
9.540582491665771335e-05
1.220372941193073027e-04
9.348448350221291833e-05
1.049775080406800898e-04
1.170240617511343536e-04
6.970225038813309694e-05
7.420942365634735629e-05
6.944257900219027210e-05
8.225334259507755127e-05
1.116856083781708650e-04
9.689110789503129287e-05
7.752553635463475161e-05
9.010594552830664356e-05
8.995832047275684716e-05
6.039591547985719868e-05
7.751258342563053301e-05
6.735344115625652162e-05
7.195720071839804084e-05
6.336374510379535053e-05
6.151778493035025077e-05
8.708610938335530516e-05
7.168919015300777135e-05
4.881998315512007467e-05
5.262448293402876865e-05
5.167844005125159110e-05
4.816164135828479462e-05
4.031831559563177033e-05
