6.569378811163028331e+02
3.540091341998847838e+02
2.545509576057921777e+02
2.071212452425351103e+02
1.777419590225968022e+02
1.584095396220554903e+02
1.437422448679788829e+02
1.320230435583363828e+02
1.230719488759828266e+02
1.155524714734252711e+02
1.092882809214124222e+02
1.036179206031896030e+02
9.842586942723247034e+01
9.400976032562100215e+01
8.968048331226168557e+01
8.567709396449669157e+01
8.170677376849371853e+01
7.810847261534041763e+01
7.459410197604933046e+01
7.091857239874414631e+01
6.742500861722933791e+01
6.399935824916199323e+01
6.041441927452729033e+01
5.686609348115953821e+01
5.339511430411022985e+01
4.980522283998273991e+01
4.634500243644075113e+01
4.283239632742959202e+01
3.932880256007824471e+01
3.594676705835628638e+01
3.270157650267498184e+01
2.957249509655967046e+01
2.662531695774173102e+01
2.388743491451526424e+01
2.134888387490404682e+01
1.903972943736659218e+01
1.693852161028263481e+01
1.504365946044311997e+01
1.335704706745386083e+01
1.186991823763492526e+01
1.055461077565625416e+01
9.401012666308337984e+00
8.390864509809309979e+00
7.504330019790204531e+00
6.731687929674925464e+00
6.057198830359800112e+00
5.470362495040848039e+00
4.954211868360589577e+00
4.502196900842266203e+00
4.108101664551591092e+00
3.761680145138237119e+00
3.455848467670867397e+00
3.186868834785009597e+00
2.949583340549733368e+00
2.739453190053624532e+00
2.553214380360914415e+00
2.387982778392471861e+00
2.240512861848263704e+00
2.108830346565909952e+00
1.991298180490516767e+00
1.886203104621003268e+00
1.791869224385431725e+00
1.707075922082347486e+00
1.631557559314555705e+00
1.563496590143254927e+00
1.502427700036077507e+00
1.447359000524999439e+00
1.397943666065969870e+00
1.353282608594180925e+00
1.313398474800559157e+00
1.277536143426410753e+00
1.245383988609961134e+00
1.216623905490922697e+00
1.190811226512234366e+00
1.167867792596464005e+00
1.147681046887339518e+00
1.129622207112120691e+00
1.113970564272959818e+00
1.099701612870428669e+00
1.087805260659468587e+00
1.077074644991107943e+00
1.068049847687208898e+00
1.060110787102448882e+00
1.053471983820776670e+00
1.047751185878165403e+00
1.043109086975917421e+00
1.039170430198083528e+00
1.036395815730368541e+00
1.033996431356419832e+00
1.032379740724784112e+00
1.031225458022912544e+00
1.030444341931149976e+00
1.030335883973877653e+00
1.030488313699483349e+00
1.030748099364296122e+00
1.031375030383573810e+00
1.032145862036238926e+00
1.033053963016126398e+00
1.034424333697913534e+00
1.035623691507561617e+00
1.036879636968644602e+00
1.038467746650165946e+00
1.039871793665287480e+00
1.041163530955511618e+00
1.042689448818663100e+00
1.044108780368061096e+00
1.045105051609232394e+00
1.046162820206395505e+00
1.047188278192772160e+00
1.048434360147396660e+00
1.049667534764193499e+00
1.050574901274635931e+00
1.051424378994781472e+00
1.052536065137546828e+00
1.053386268591597785e+00
1.054108252295932857e+00
1.054345531469417674e+00
1.055260089698897730e+00
1.054963046584087794e+00
1.055877562627698607e+00
1.055262109738369647e+00
1.056351355171097239e+00
1.054321980250334967e+00
1.047879106678794026e+00
1.028116569452883544e+00
1.074664949000438074e+00
1.043483580126878696e+00
9.778043184023911261e-01
9.545266653599735474e-01
9.852155808661364755e-01
1.043048557404659515e+00
1.046534561087825610e+00
9.739952569013319295e-01
1.027138864165413557e+00
1.032941696873346027e+00
9.915821583522312910e-01
1.038550782711514575e+00
9.427567054448947603e-01
8.612538834804523979e-01
9.632942913962194709e-01
9.699817829425538829e-01
9.341885775793469238e-01
9.669779285883222109e-01
8.220673026481835066e-01
8.766885647235452828e-01
9.596305318756499503e-01
1.013888960950313445e+00
1.135986793020683727e+00
1.024072246090876881e+00
9.758339597970423496e-01
