1.041440840528571016e+03
5.402247902466780261e+02
3.695971427267395484e+02
2.911525175025324188e+02
2.452344195630560932e+02
2.158981624399424106e+02
1.942903652100090710e+02
1.779362652133649192e+02
1.643211392900109047e+02
1.534660221035492498e+02
1.445526560130067253e+02
1.367049694014050658e+02
1.294826788739469521e+02
1.233785776129538903e+02
1.178402825331129549e+02
1.127894842258638732e+02
1.079144130050468533e+02
1.033724177800984023e+02
9.924839890006455789e+01
9.537992052758312411e+01
9.155408378301446248e+01
8.809436952264711351e+01
8.452660085036720261e+01
8.107250206160505002e+01
7.767568053051058996e+01
7.441606378042531844e+01
7.136442818832637158e+01
6.824892016154748831e+01
6.513586187069829236e+01
6.211859064789675955e+01
5.918172937388479227e+01
5.607639621170950761e+01
5.304140519864266423e+01
5.001803813324589498e+01
4.694594192086236717e+01
4.387529744898473183e+01
4.086584446262751413e+01
3.783189271833655454e+01
3.489290764147914814e+01
3.198284038527541995e+01
2.915462603510277972e+01
2.649692270464178279e+01
2.397110288037166370e+01
2.158302163064084667e+01
1.939694235288725466e+01
1.739331763896583638e+01
1.556291639746986455e+01
1.391643644629914789e+01
1.243894082708196436e+01
1.114052278197678625e+01
9.976046763233799908e+00
8.943925022699783511e+00
8.047851135845789372e+00
7.251339023634573167e+00
6.556965001992557163e+00
5.939286179276375144e+00
5.400553830646769526e+00
4.925415964480236219e+00
4.506729102318946190e+00
4.137794035434749773e+00
3.810721762475411722e+00
3.520184924595566756e+00
3.263412896908974403e+00
3.035299314155305517e+00
2.831051182433477198e+00
2.649362272658052575e+00
2.486239124827048119e+00
2.340369372916983881e+00
2.209166112050214625e+00
2.090733002447241251e+00
1.984719901239954343e+00
1.888598933245246414e+00
1.801437315357573343e+00
1.722670289695132029e+00
1.651665739033896019e+00
1.586996449909345630e+00
1.528767193697685656e+00
1.475647219187808057e+00
1.427215379342045454e+00
1.383959908142705419e+00
1.344343160648223678e+00
1.308640040019616757e+00
1.275989481389173452e+00
1.246522499977146481e+00
1.220176612385547532e+00
1.196255722165920465e+00
1.174866723517620448e+00
1.155651139386547843e+00
1.138062328471293849e+00
1.122817587770947423e+00
1.109017244746282271e+00
1.096897028391151219e+00
1.085935334628999271e+00
1.076276490151056198e+00
1.067980918243819355e+00
1.060920137692156651e+00
1.055060746875684297e+00
1.049771285676997623e+00
1.045357745725407073e+00
1.041713815302319768e+00
1.038567476105109799e+00
1.036179297061554649e+00
1.034282999827369487e+00
1.033056538058970464e+00
1.032318001693904641e+00
1.031953270531797751e+00
1.031660546170890758e+00
1.031942734903577685e+00
1.032222666857298687e+00
1.032712968969047740e+00
1.033443958522942463e+00
1.034486791575176978e+00
1.035679684120511146e+00
1.036510718075290161e+00
1.037423127750382923e+00
1.038127273511165960e+00
1.038590020345814269e+00
1.039796187296991858e+00
1.039402205745180607e+00
1.040579754682550373e+00
1.039685725673098693e+00
1.041811949109079816e+00
1.034716086595905082e+00
1.038263556321382675e+00
1.030830202563834064e+00
9.801073569549076936e-01
9.529375337534771173e-01
9.788696539097734295e-01
1.022960683078558031e+00
9.977146104391101389e-01
9.373129751209068328e-01
1.033582437143486743e+00
1.028088334488234112e+00
1.024338678883915055e+00
1.041841322173663098e+00
9.965423181832446797e-01
9.832525757575528713e-01
1.114989629616485400e+00
8.714601080865085336e-01
8.905809810189772024e-01
1.032860185305904954e+00
9.338333570823691421e-01
9.757937062913517590e-01
9.075481587494258484e-01
9.481721121053613421e-01
9.346629101061245670e-01
9.505961919464965826e-01
1.026940380533349240e+00
1.017642657330568801e+00
1.004181616895771567e+00
