1.450128466166990506e+02
1.468982966474629279e+02
1.473235557233156499e+02
1.476786799465553202e+02
1.479340196502071194e+02
1.480857559123735143e+02
1.481719768669036057e+02
1.481481265650772627e+02
1.480424510217339105e+02
1.478245845507387344e+02
1.474828892054301264e+02
1.470509583269397353e+02
1.464839424223764297e+02
1.457679223591234745e+02
1.449533392990234404e+02
1.440202371264489898e+02
1.429541870969781314e+02
1.417682085597136847e+02
1.404535544656015702e+02
1.390115539191054097e+02
1.374812941548001675e+02
1.358336694293744813e+02
1.340962164640887977e+02
1.322683001415586261e+02
1.303665587133210977e+02
1.284057297629142340e+02
1.263818481692123044e+02
1.243191621335680992e+02
1.221988512649824230e+02
1.200579254651395900e+02
1.179042543539568868e+02
1.157169721185427989e+02
1.135397822779230381e+02
1.113690839438038722e+02
1.092034842687713905e+02
1.070500170950809320e+02
1.049120066894412133e+02
1.028111089434177927e+02
1.007419167525792005e+02
9.872504953064540700e+01
9.672490159150473232e+01
9.478456789787787784e+01
9.287568307782548516e+01
9.100191975058994842e+01
8.919043154608945656e+01
8.741915530122730615e+01
8.568004092189070775e+01
8.400673849270994253e+01
8.237313674569034561e+01
8.079287401503468402e+01
7.924367236374156676e+01
7.774619663198707542e+01
7.632203576999812356e+01
7.491936731707694719e+01
7.357200013463149446e+01
7.225217008367383187e+01
7.100824912324327443e+01
6.979256176822946145e+01
6.861850453542703576e+01
6.749890808256924402e+01
6.640420381027156793e+01
6.536469197537627451e+01
6.434612852399150995e+01
6.339556645351659370e+01
6.248633498590830015e+01
6.160401738073336020e+01
6.077882788815087167e+01
5.999462896424616787e+01
5.925230269775511971e+01
5.855082565618680945e+01
5.788526212060770604e+01
5.726483000514055988e+01
5.668958214274780261e+01
5.617601491359066301e+01
5.569168988426911682e+01
5.527705389135388714e+01
5.490092133742260927e+01
5.458065073414619661e+01
5.431209564479951979e+01
5.410859828379881975e+01
5.393587090209076962e+01
5.383869267449500740e+01
5.377986058267656944e+01
5.376830986538430324e+01
5.381746983435651543e+01
5.391876200115455475e+01
5.409716527069291914e+01
5.434777997641877079e+01
5.464393920985529007e+01
5.502771282031912392e+01
5.547144084818722831e+01
5.598279415963658323e+01
5.657348226140548064e+01
5.725906466260783390e+01
5.801885477477544839e+01
5.891325018159690075e+01
5.989774641876397965e+01
6.098819514909185813e+01
6.220217367649209450e+01
6.353586519759572582e+01
6.502553534180243844e+01
6.671858512819430587e+01
6.865151158265777553e+01
7.088734428447097002e+01
7.352735326916599945e+01
7.671002962064258668e+01
8.061676699365058596e+01
8.555071577075258915e+01
9.188499987474514796e+01
1.000076140202443753e+02
1.096198737322538648e+02
1.190320922223736773e+02
1.249701632702216045e+02
1.231256222515345939e+02
1.109061652990960170e+02
8.938949210333565532e+01
6.348300711815806352e+01
3.935358894675550800e+01
2.112417245393119813e+01
9.798505432863107600e+00
3.904507319758303563e+00
1.341145381785162183e+00
3.959384495773689561e-01
1.034437605986264497e-01
2.380160331559532869e-02
6.534046616379428352e-03
3.129178830198261953e-03
2.635984241092021851e-03
2.446252398185049057e-03
2.328140883222458955e-03
2.168068011622944786e-03
2.121700420105596813e-03
1.868217575308098611e-03
1.952578975517608702e-03
1.912805687658751617e-03
1.671181082777416964e-03
1.685087156475175742e-03
1.768085409652150278e-03
1.542627402675043240e-03
1.461557670739907239e-03
1.697642668940702601e-03
1.406821067052309391e-03
1.388108666444928200e-03
1.312124507308348341e-03
1.224618008340279439e-03
1.119072671202142729e-03
1.193461770918530880e-03
1.227588092230579887e-03
1.195800440755394540e-03
1.253251983136682889e-03
