1.450590807417138706e+02
1.470062004477057656e+02
1.474831892223949978e+02
1.478713436669027885e+02
1.481490517885907821e+02
1.483205117250629428e+02
1.484228724606239211e+02
1.484149244504486376e+02
1.483264241958559069e+02
1.481284989182382787e+02
1.478045554659459810e+02
1.473904849346911305e+02
1.468375038293914940e+02
1.461404805628257861e+02
1.453384946243018589e+02
1.444176427513759506e+02
1.433726736237416048e+02
1.421967518015776193e+02
1.408900554437677499e+02
1.394596844588004103e+02
1.379420128093875633e+02
1.363048249441257838e+02
1.345799096799983090e+02
1.327618796124218363e+02
1.308659281202941145e+02
1.289188238328727607e+02
1.269016715194746041e+02
1.248532498513627615e+02
1.227404761085402214e+02
1.206115330155615055e+02
1.184705156162225848e+02
1.163007525801428841e+02
1.141342614100679640e+02
1.119744545529353843e+02
1.098303330025765376e+02
1.077008756794430013e+02
1.055777103672765378e+02
1.035160064982056838e+02
1.014726780088038964e+02
9.949254932163928800e+01
9.753948426214530798e+01
9.565042604156113271e+01
9.380683749764033053e+01
9.200320800680145794e+01
9.028119264279716560e+01
8.861640236821828864e+01
8.700833121511332990e+01
8.548609918432426014e+01
8.401496097914251493e+01
8.262877608614623171e+01
8.132169563732571760e+01
8.008570407774850253e+01
7.896125621463832545e+01
7.789030804030096533e+01
7.691731643251657147e+01
7.600470648270545837e+01
7.521051480891627250e+01
7.448210398861841952e+01
7.384802682405025109e+01
7.330592984095126496e+01
7.282081011256407521e+01
7.243308613444693833e+01
7.209682599522481894e+01
7.186550285861088128e+01
7.169403264953920996e+01
7.158643484841880422e+01
7.155641475187508149e+01
7.157880197928977850e+01
7.166250015396458650e+01
7.179733761176909468e+01
7.197997514688455567e+01
7.220200225755078804e+01
7.247482793500846299e+01
7.281638148300801561e+01
7.315958868956833783e+01
7.356635029243902579e+01
7.399275996560157864e+01
7.447295826224556947e+01
7.497875449740713805e+01
7.553828942041408823e+01
7.608372925242056795e+01
7.668088968751148116e+01
7.729319183494206413e+01
7.794124511866822047e+01
7.861249361036888672e+01
7.931366248461968382e+01
8.005288070418602331e+01
8.083502336070115746e+01
8.166289284763497847e+01
8.253258829949305664e+01
8.346177191239944193e+01
8.442896742404298038e+01
8.545255385701717898e+01
8.656307968793677787e+01
8.774736364910656050e+01
8.903674784413914267e+01
9.045036762487592341e+01
9.194491452903068307e+01
9.357955182687297224e+01
9.533416378074068120e+01
9.726895034984653421e+01
9.946262885097567619e+01
1.019562773288343180e+02
1.048351241568075665e+02
1.082155305487190731e+02
1.122902820119096532e+02
1.173603022924947226e+02
1.238361923425274824e+02
1.322380133522005963e+02
1.430707861027865135e+02
1.559334578281024619e+02
1.685592805582618894e+02
1.762613941210418034e+02
1.731619292107530725e+02
1.556661321251329184e+02
1.253490371303009567e+02
8.896420882915961670e+01
5.512020285114714113e+01
2.956720572008212855e+01
1.369984041275486675e+01
5.447434800082762152e+00
1.863299408668401824e+00
5.507224528147637299e-01
1.421475361989122388e-01
3.249910690867952728e-02
7.954410385308143330e-03
3.491671375842175101e-03
2.616774687294970599e-03
2.424470547456318743e-03
2.394184196857198667e-03
2.277197607007639367e-03
1.990262060149717259e-03
1.980515689434614399e-03
1.978600756811810333e-03
1.934467629003475651e-03
1.831082545936114176e-03
1.775162618811855541e-03
1.584687691486642890e-03
1.510363452687790925e-03
1.473846031714341667e-03
1.681535364070273122e-03
1.507616050221395219e-03
1.457091532761015410e-03
1.301656848915609026e-03
1.179408417092971768e-03
1.167642591657119984e-03
1.041566433552656079e-03
1.244942532763678410e-03
1.267760309274964083e-03
9.429049611022961071e-04
