1.322588827860136929e-01
2.586607384220242500e-01
3.789966126123865964e-01
4.830573637621458083e-01
5.759979905893599650e-01
6.542008106500144526e-01
7.275625367734642746e-01
7.948505296265495623e-01
8.603617876731572967e-01
9.201684629081435807e-01
9.741385386173233574e-01
1.027163595663912021e+00
1.081864494674250832e+00
1.130690538285216151e+00
1.179841102238422534e+00
1.224069183981125963e+00
1.269816498532374327e+00
1.316841594362554879e+00
1.360471248353890550e+00
1.403041624893556882e+00
1.444130106377268019e+00
1.485624290929540070e+00
1.531114652401080356e+00
1.575046059371121743e+00
1.621754413767472203e+00
1.665794512752437173e+00
1.711868709948169309e+00
1.760832158511786982e+00
1.814233663541187980e+00
1.869875660681668439e+00
1.923723001967419854e+00
1.992956203460641396e+00
2.062764489169816695e+00
2.144885396417024914e+00
2.237048720948771052e+00
2.343985132587220743e+00
2.464019526429966245e+00
2.604514544248194952e+00
2.761080045974789954e+00
2.946319489368282252e+00
3.161501997438001865e+00
3.407426429256996681e+00
3.687387576369645092e+00
4.009556615176401273e+00
4.374796569471528507e+00
4.787039424162537138e+00
5.250657562105844889e+00
5.764439986069187505e+00
6.332221454543219608e+00
6.947663423464228494e+00
7.623598526931543162e+00
8.357312281506533935e+00
9.135986059182812369e+00
9.982325455538957115e+00
1.086153107350893698e+01
1.179492198638748413e+01
1.277155219741557346e+01
1.378796951362290457e+01
1.484389996120680522e+01
1.592562275138023509e+01
1.705084048883643533e+01
1.819983903414485837e+01
1.935949923574799669e+01
2.053122404989338889e+01
2.171450294177475726e+01
2.290296800613609207e+01
2.410291877751223666e+01
2.529401328842483565e+01
2.649159710032214932e+01
2.768669556487291672e+01
2.886896928892508996e+01
3.004577824586559842e+01
3.121303411405553518e+01
3.237225003123396760e+01
3.349965792686280253e+01
3.460825214951827888e+01
3.569525869172737487e+01
3.679163079352272092e+01
3.786891551582946391e+01
3.891999963255941708e+01
3.996193322834543693e+01
4.097648392154368224e+01
4.198650616684098225e+01
4.299039549098079505e+01
4.399082385505840875e+01
4.498489645761399203e+01
4.595985105338819920e+01
4.693851334886122828e+01
4.793689924691832260e+01
4.893378565758897025e+01
4.994989460973376083e+01
5.097485924490310794e+01
5.204766042650242497e+01
5.315676250574187378e+01
5.428144188682004767e+01
5.546978261589920578e+01
5.674023039649799927e+01
5.807221782335864191e+01
5.947522088974158549e+01
6.096829597949558632e+01
6.259632112720815655e+01
6.436775096496320714e+01
6.636051962813024829e+01
6.862107944091420109e+01
7.122671389225841665e+01
7.434676855686880970e+01
7.811189466136022475e+01
8.285521291454853099e+01
8.902058356637176928e+01
9.681922710064287685e+01
1.060467012797283388e+02
1.151064543996664753e+02
1.206334680058568694e+02
1.187516602713797482e+02
1.069016335545596945e+02
8.607626840723222017e+01
6.116621685310328616e+01
3.784851799346468937e+01
2.031243207582907218e+01
9.425237929325977149e+00
3.750588299589294738e+00
1.289997272042095799e+00
3.818491475864813633e-01
9.994260364412690945e-02
2.284559934108017568e-02
6.899394790845409658e-03
3.044647995928983965e-03
2.771243145387470349e-03
2.239514863462663524e-03
2.349500673672395672e-03
2.299823565883668802e-03
1.929949980605752445e-03
1.849254799980085259e-03
1.899619043033240343e-03
1.759893538075230643e-03
1.765900069467907056e-03
1.714740894126869303e-03
1.522479279030528911e-03
1.733275829908372543e-03
1.740760409505909484e-03
1.589816549298742098e-03
1.478959637215528349e-03
1.461044840644880414e-03
1.379696378605741076e-03
1.383789987303178952e-03
1.303474351953574353e-03
1.329123661013154349e-03
1.209108164156457062e-03
1.049259898757809147e-03
1.072279718938423968e-03
