1.015896824348775596e+00
1.297939577567115421e+00
1.502660511541277000e+00
1.665445051766063056e+00
1.816719321726403935e+00
1.951270865888609096e+00
2.081687425402262370e+00
2.203252161486963789e+00
2.320025721980671474e+00
2.436263215881681266e+00
2.561420323169900648e+00
2.693165050671772587e+00
2.832324831549542399e+00
2.987000608593587181e+00
3.158030592639596179e+00
3.340544712164002839e+00
3.541413681445789052e+00
3.775945771617217339e+00
4.039040654044335099e+00
4.339648994984646180e+00
4.675807134591910774e+00
5.063286854971302375e+00
5.498270600159771426e+00
5.990651584644736793e+00
6.546169683847062437e+00
7.174997712842208664e+00
7.868180688597170125e+00
8.651681500694829552e+00
9.525120801129178361e+00
1.048106290066372281e+01
1.154013931158111816e+01
1.268623329343052220e+01
1.392715925466161231e+01
1.526370102002038820e+01
1.668843987131826978e+01
1.820393617423551902e+01
1.980406435243894592e+01
2.146872277503938520e+01
2.320559923466063523e+01
2.500105611053879429e+01
2.684153973013107120e+01
2.872604703877400212e+01
3.064021835250852632e+01
3.258052094277634581e+01
3.452010722690651079e+01
3.644704084690063439e+01
3.836251605657819397e+01
4.026475291585889238e+01
4.213421796548411891e+01
4.394914529339678921e+01
4.573309281726816522e+01
4.745438399001695728e+01
4.912525826736980861e+01
5.073527393368173222e+01
5.227046064500073186e+01
5.373478615722284957e+01
5.514487588884472302e+01
5.647762965526639789e+01
5.773430082475695002e+01
5.893985215403862554e+01
6.007633967281306298e+01
6.114339816599237309e+01
6.215134456575204069e+01
6.310313152008102833e+01
6.400703784136739216e+01
6.484682883481204385e+01
6.564809579094348635e+01
6.639192724444519911e+01
6.708440315813722066e+01
6.775076361275351644e+01
6.837278205661020536e+01
6.897116288574683551e+01
6.954049215654640648e+01
7.009690512640493409e+01
7.062692496558734945e+01
7.115132305327917095e+01
7.166769832485545066e+01
7.217035571655398485e+01
7.268756301109523577e+01
7.319543871191575590e+01
7.370820705605426326e+01
7.420503121207593722e+01
7.472239464293159017e+01
7.523697078896837809e+01
7.579265130056654698e+01
7.636927061858479249e+01
7.696667005074868939e+01
7.760448796256031301e+01
7.826923522278654843e+01
7.898717855490397710e+01
7.973662706495051111e+01
8.055137085591978519e+01
8.142786341376383064e+01
8.239844968098950062e+01
8.344731936092037472e+01
8.458274716809398797e+01
8.581768610976216394e+01
8.718582247983346178e+01
8.867115162680063634e+01
9.029280147113256305e+01
9.209578511081923580e+01
9.411438585443409011e+01
9.641854902878041855e+01
9.910561288600189300e+01
1.022694542658814640e+02
1.061116758757349601e+02
1.109157916269868736e+02
1.170080726811846858e+02
1.249822218943675693e+02
1.352364686324113165e+02
1.474642724060898047e+02
1.594114781774486289e+02
1.667005417481693712e+02
1.638843737158746876e+02
1.473044886119324417e+02
1.185408940419902279e+02
8.407480741348227582e+01
5.209448484022320969e+01
2.795026217413729697e+01
1.294439018865358726e+01
5.161192958390232732e+00
1.771222181258891748e+00
5.240024601532234927e-01
1.348531842133566805e-01
3.148062694456737337e-02
7.625175646659262257e-03
3.328606666012773590e-03
2.460976330449818686e-03
2.363597086195936073e-03
2.173076583710803998e-03
2.202290967845381940e-03
2.073203938618855408e-03
1.842123793595166776e-03
1.854529405805408100e-03
1.828213577464826364e-03
1.947201326613790884e-03
2.006101827673676275e-03
1.681326238865303536e-03
1.747406957852770367e-03
1.705830378020201489e-03
1.519846866963143030e-03
1.506415291176826455e-03
1.438822156854843107e-03
1.308339893142142869e-03
1.304465791797683287e-03
1.228418774101639561e-03
1.365348091282174046e-03
1.174191933900211498e-03
1.192751708847557832e-03
1.161208450262597768e-03
