1.295325841692249185e+02
1.325287032796876758e+02
1.351477081226157395e+02
1.378940658624176194e+02
1.408229415779894964e+02
1.435649729065404188e+02
1.463104245125236105e+02
1.491322899155117057e+02
1.520242353661725474e+02
1.550303315987209771e+02
1.581923969899258111e+02
1.615342493576016807e+02
1.652055160593842515e+02
1.692969420841440638e+02
1.740622611074151393e+02
1.799323418748898007e+02
1.872335664747272688e+02
1.968793534065927133e+02
2.106052996491058877e+02
2.323244129863581122e+02
2.746394513604105327e+02
3.796004557612571375e+02
2.792226575057053424e+02
2.263988729051347804e+01
8.020587264065481836e-02
9.058285616521025542e-04
9.151321389188117085e-04
8.193301455027185475e-04
7.568228546243208413e-04
6.552865682709345819e-04
6.102625472207205389e-04
5.727917437984322542e-04
5.173926502274129105e-04
4.000529250573140860e-04
4.300820178162828252e-04
4.027298120668442154e-04
3.959923182333578099e-04
3.607176287001615748e-04
3.175664002933692811e-04
2.856166086548373980e-04
2.393623958434724648e-04
2.787386457587125079e-04
2.523561661083646604e-04
2.200566157321759073e-04
2.371199516242714805e-04
2.114609744218147328e-04
1.945992679686277813e-04
1.725318137306113681e-04
2.078420879801416927e-04
1.650799576719639433e-04
1.613739880902642328e-04
1.303841196306750668e-04
1.290571213557079749e-04
1.273960367735560678e-04
1.228115710125633373e-04
1.149854387225860493e-04
1.246133743434314236e-04
9.565175359072323991e-05
1.185213041150911140e-04
1.169504262699657467e-04
1.038094436124741964e-04
1.117204306534300525e-04
8.846923402466703220e-05
8.047406746654420804e-05
6.491625780855115918e-05
7.117863107027461156e-05
7.088932445908205696e-05
7.812112458863674992e-05
5.436069802165776916e-05
6.505763722481209860e-05
7.141089915563964257e-05
7.886581054921165039e-05
6.979722520064649764e-05
5.083406016213981820e-05
5.339434075492698517e-05
4.217706734106122754e-05
5.687965697165584417e-05
5.078098030260237044e-05
2.891129203232374316e-05
5.595610692939234008e-05
5.559927805460462396e-05
3.491722789959029696e-05
3.165711249983866704e-05
2.970592176496299029e-05
3.640388059398585649e-05
3.279398448003952531e-05
4.353320784581640230e-05
2.795513713295224697e-05
3.796602810195380372e-05
4.791538618822656419e-05
3.244999193409181830e-05
3.081263140002757426e-05
5.257363842612960909e-05
3.399065524132727261e-05
2.682494457631111218e-05
1.939123755754329256e-05
2.399626578542342668e-05
1.803328581558618629e-05
2.883470796760621643e-05
1.767178272608326266e-05
