1.295077370956696541e+02
1.324869793560025357e+02
1.350750375636547460e+02
1.377735361253625967e+02
1.406509512125554977e+02
1.433407505392103474e+02
1.460311129462923248e+02
1.487910616311411331e+02
1.516144932216690222e+02
1.545433968266925717e+02
1.576242545663425005e+02
1.608759333529888238e+02
1.644494578009334020e+02
1.684375551222682645e+02
1.730871548318545763e+02
1.788361589451779707e+02
1.859962673222382534e+02
1.954674825146811372e+02
2.089785030856053254e+02
2.304286998262199688e+02
2.720493967207286801e+02
3.766030960268643639e+02
2.783425400852034954e+02
2.261433389078431588e+01
8.015005857991044924e-02
8.304378353863063047e-04
7.731141662978846269e-04
8.037627269973357785e-04
7.116204463363421740e-04
6.068800223453987147e-04
5.408478416966628960e-04
5.112310817959319102e-04
4.992557537395718318e-04
4.500933429798836859e-04
4.339425889826534883e-04
4.078184322269627756e-04
3.353040571317407177e-04
3.983446115245737836e-04
3.095737178379547668e-04
2.571176045881617186e-04
2.527164235605062191e-04
2.651972424552767236e-04
2.411774734194897254e-04
2.104051110012162098e-04
2.297001822148533672e-04
1.751828835469953507e-04
1.971021327830207147e-04
1.489224209250115429e-04
1.533778455367161965e-04
1.813153904420336927e-04
1.558263074609752131e-04
1.380109337669458878e-04
1.537987811445159266e-04
1.459306856695544803e-04
1.420184202061897170e-04
1.218400089201887782e-04
9.711812918686503666e-05
1.015922547256435719e-04
9.494012042734230187e-05
1.075644001052709382e-04
9.539568690570654052e-05
8.745076606252972042e-05
8.094513874201520972e-05
7.386880992999712533e-05
9.099221797261475590e-05
7.655562112926521032e-05
6.946053037723316922e-05
6.797484473670741966e-05
7.009654837046024761e-05
7.475569841566859924e-05
5.502523270547807216e-05
5.983310021056541939e-05
6.409343090382793010e-05
4.024400612405489979e-05
5.316254816232430570e-05
6.149175141753276757e-05
6.010598817849060175e-05
5.341225172504564353e-05
5.066759572157272649e-05
5.045910021577079392e-05
4.583373411931041241e-05
3.020809536322548430e-05
4.396499323325803117e-05
5.496862529970603626e-05
4.185185319623127212e-05
3.878315325609481073e-05
4.362253932698566267e-05
2.983745720750089937e-05
2.979464241319716868e-05
3.721855698708397280e-05
4.052135067322132356e-05
3.169371463673129145e-05
3.542847269538177242e-05
2.670236219622339140e-05
2.422558764499237898e-05
2.779116374814291244e-05
1.977578161742343617e-05
2.239577059204193998e-05
3.125490514925022571e-05
1.822090880951735881e-05
