6.987006857434147067e-01
8.784139859196529176e-01
1.092199941353364734e+00
1.348178141225502502e+00
1.630715779959245992e+00
1.908324794167261418e+00
2.186166753407832175e+00
2.483592541626159722e+00
2.806215696696389372e+00
3.173387634609049712e+00
3.604127530064734852e+00
4.129916151185188511e+00
4.773291025461832149e+00
5.579666257477095215e+00
6.598677100771815240e+00
7.934723798710817455e+00
9.712017850404970787e+00
1.215824713350917641e+01
1.565079081436189057e+01
2.091302249699091576e+01
2.967956154837593630e+01
4.627966012190348266e+01
3.508653877488275441e+01
2.904525101766013861e+00
1.150865308572366318e-02
9.533033350869851404e-04
8.733253193773402121e-04
7.714093636432059605e-04
6.805378874287502152e-04
6.432162780295242648e-04
6.001566733440692140e-04
5.740544826508676805e-04
4.626063002146289359e-04
4.624606386294683597e-04
3.907930647130132247e-04
4.638658969425301683e-04
3.928352761338707762e-04
3.284070903687586070e-04
2.890054828720559272e-04
3.030149296882602913e-04
3.485155189475401386e-04
2.923373220009144202e-04
2.765007183005261000e-04
2.291457844053757388e-04
2.580502824785548270e-04
2.332478851807222439e-04
1.947430470263749160e-04
2.107678527478775701e-04
1.537933736503576396e-04
1.698148243001480068e-04
1.679657518716439466e-04
1.642539684828897518e-04
1.909299330677305027e-04
1.590335069279666651e-04
1.438597685848775243e-04
1.011998391521141879e-04
1.113069152432543887e-04
1.196030232649333825e-04
1.012744305262895385e-04
1.263157451438738220e-04
1.256377943303948661e-04
1.213401457763535810e-04
7.453709588002711123e-05
8.968706690856679165e-05
9.742349216942631314e-05
1.004165498803906605e-04
7.489132134638310878e-05
7.805230079149024381e-05
6.798347587103004336e-05
7.111716679609720140e-05
7.312514566044083723e-05
8.395053960304705361e-05
6.826467676080074265e-05
5.438936360222043908e-05
5.272360205854571450e-05
5.980914824100457786e-05
4.513751133867994689e-05
6.105395226365865999e-05
5.701038690086610646e-05
7.501376085523194892e-05
5.144726270655689747e-05
4.378652210476434697e-05
2.307106208131599586e-05
5.456993547733863761e-05
5.775088565597051913e-05
4.419669905580741673e-05
4.455917139404587911e-05
3.501282892607961487e-05
4.292406947996294550e-05
4.822647267222199610e-05
3.106262527876677416e-05
2.843249283331743474e-05
2.837744461280451954e-05
2.942289544956845469e-05
4.338671787395739619e-05
4.275201064532735911e-05
2.724378943125577455e-05
1.882636682076799397e-05
3.130204906421300549e-05
1.819894534311884655e-05
