5.886777832097530444e-02
1.024304661361792462e-01
1.751406028192002418e-01
2.629023974521008666e-01
3.571196208226334878e-01
4.627476037887516269e-01
5.752741653144840539e-01
6.933710961505528125e-01
8.207304503142885954e-01
9.640281033851701986e-01
1.121902344720905997e+00
1.305006765166430771e+00
1.516543321746498307e+00
1.747250723374180748e+00
2.019717558645174549e+00
2.334098069053925251e+00
2.714095914271676957e+00
3.191657476170195462e+00
3.846985503546734630e+00
4.704178661059378541e+00
5.739571334541362368e+00
5.626222239916147672e+00
1.888595525398603980e+00
8.198431028098848716e-02
1.153282383387399350e-03
9.149972178111145981e-04
8.177225798779057860e-04
7.515914072053105077e-04
6.486447562466822253e-04
6.759962534045858319e-04
5.838126201252486370e-04
5.045011205651193844e-04
4.172404973353459031e-04
4.821788384587512039e-04
4.403114173063525931e-04
3.889715473225848776e-04
3.485732303402464135e-04
3.298725443442862689e-04
2.772322635313538889e-04
2.971430226404491240e-04
2.628245695406902609e-04
2.411603692946769528e-04
2.271857460395374396e-04
2.065104099153557550e-04
2.288902417030385370e-04
2.224508630432337885e-04
1.876926420673018508e-04
1.756994879910946897e-04
1.559588424433531008e-04
1.342399466139707759e-04
1.448333187395696236e-04
1.276254051116858951e-04
1.385115580647417865e-04
1.056048413669379807e-04
1.545708011943771785e-04
1.041473530282321398e-04
1.042424410009176099e-04
1.026522792547361081e-04
1.061608013327680584e-04
1.051045123998982025e-04
1.174335112160120937e-04
9.679685955345343788e-05
8.164807260610834237e-05
9.567102152110813708e-05
9.395873553814044273e-05
9.371630207111506482e-05
7.644244401578483049e-05
7.104831551322614281e-05
5.629097279068975590e-05
6.960439229751246091e-05
5.933785902768267762e-05
5.299548677086575861e-05
5.978962813830492626e-05
5.375066609143064778e-05
6.220856549094489418e-05
4.908133674254702759e-05
5.720413817255383930e-05
5.298926157175551762e-05
4.281475692392129416e-05
3.989075914949675696e-05
3.894230487472231109e-05
3.552787987670263269e-05
4.361848385894814893e-05
6.445010440910986526e-05
4.739034699491069519e-05
3.907769704846271772e-05
5.133760769484627373e-05
4.192449878782971090e-05
3.338970134993322317e-05
3.002362977500579297e-05
4.398353597847842603e-05
2.437691551933427180e-05
4.465223578401497829e-05
3.228433280707655262e-05
2.628277037937016650e-05
2.489809572793603998e-05
2.129822698631329538e-05
2.127519562878391952e-05
2.826701049881435475e-05
2.071381879340909455e-05
