5.100614713526164801e-01
5.103368801355425699e-01
5.108357006421578861e-01
5.114626377518760592e-01
5.123629321085511057e-01
5.134889231386949859e-01
5.147960106628560739e-01
5.166294768249571900e-01
5.186723230522967132e-01
5.210926156823938449e-01
5.239183046536632915e-01
5.273004557668484749e-01
5.309973167672971117e-01
5.350796966782551678e-01
5.398676799089058287e-01
5.449356620910604798e-01
5.506534641603334501e-01
5.566802147692696545e-01
5.633791640688931013e-01
5.706381760770548039e-01
5.782039567266887836e-01
5.864453580273039091e-01
5.952205030531335650e-01
6.046696335104362330e-01
6.144768525004143944e-01
6.246637033633217762e-01
6.355403458289178298e-01
6.467627845410873766e-01
6.588716191867597383e-01
6.711736983014688906e-01
6.837773698345723794e-01
6.970994838971901197e-01
7.106713153152616202e-01
7.245986062411819972e-01
7.391720154889501737e-01
7.535833556832608471e-01
7.686250162221287541e-01
7.836723309860144093e-01
7.988893935892179554e-01
8.145281560752007932e-01
8.296276388302135096e-01
8.452202006274456281e-01
8.603723165897759761e-01
8.757084439083191452e-01
8.901539085399764462e-01
9.043794441247342553e-01
9.183533427963023188e-01
9.320900799069389286e-01
9.452671205270802846e-01
9.582066583135554483e-01
9.703894349899211402e-01
9.811098333861514309e-01
9.919894106620286145e-01
1.001782188722265987e+00
1.010555398007526140e+00
1.019864975389920048e+00
1.026291898532645019e+00
1.034009175256554114e+00
1.040536121783234513e+00
1.046262399055037484e+00
1.052113932997597923e+00
1.055776565186227867e+00
1.061119152485082706e+00
1.064984299868407369e+00
1.067574633409710039e+00
1.070314537467314420e+00
1.072925409701835919e+00
1.074663536119438989e+00
1.075995836314890042e+00
1.076825290667726476e+00
1.078057841357166868e+00
1.083196515092707646e+00
1.079968231612518759e+00
1.082147927305826984e+00
1.082073996584031361e+00
1.084918599485467317e+00
1.089902929271203025e+00
1.091067061808478345e+00
1.091635482044595040e+00
1.090536246791310893e+00
1.088926102647942651e+00
1.091191273570528697e+00
1.096363102116390875e+00
1.090180468009364301e+00
1.113838836061923798e+00
1.110236036275205729e+00
1.113893943506841788e+00
1.144108113672557270e+00
1.149991294162268751e+00
1.183614708643767166e+00
1.175451151566758057e+00
1.195134789351799398e+00
1.225377451791502370e+00
1.274720615971037807e+00
1.291435968417028679e+00
1.371985965190762213e+00
1.449407224300913954e+00
1.484655157603053777e+00
1.636092710060885747e+00
1.731231727865092829e+00
2.107608361665424201e+00
2.451912502484026923e+00
2.211132375578586995e+00
2.719776507893958861e+00
5.550142853643968088e+00
5.399157298967208973e+00
5.663543807172092492e+00
5.590394108644744620e+00
0.000000000000000000e+00
5.619162017791534680e+00
5.634433652245878221e+00
0.000000000000000000e+00
5.665867473112079722e+00
0.000000000000000000e+00
0.000000000000000000e+00
0.000000000000000000e+00
5.733837558753249297e+00
0.000000000000000000e+00
5.770199139732917537e+00
0.000000000000000000e+00
0.000000000000000000e+00
0.000000000000000000e+00
0.000000000000000000e+00
0.000000000000000000e+00
0.000000000000000000e+00
0.000000000000000000e+00
5.260378618668458905e+00
0.000000000000000000e+00
0.000000000000000000e+00
0.000000000000000000e+00
0.000000000000000000e+00
5.427028956765424184e+00
3.913553288356373283e+00
3.932116296342572426e+00
4.321843044258973698e+00
6.468579823138841611e+00
0.000000000000000000e+00
0.000000000000000000e+00
0.000000000000000000e+00
6.267203487879116075e+00
6.295937287188747788e+00
0.000000000000000000e+00
6.355685220455220552e+00
6.386527863372887026e+00
6.416950481130466954e+00
6.448465909920481742e+00
6.480295882533813057e+00
6.512499530882760013e+00
6.545209691052286338e+00
6.579021172325476563e+00
6.612877757654356259e+00
6.646343146430714555e+00
6.681357393082371310e+00
6.716018178908149672e+00
6.751418641714582058e+00
6.787038536864029581e+00
6.824125654148113895e+00
6.861556093184299598e+00
6.898466749046289870e+00
6.936358781667491868e+00
6.975775305861314557e+00
7.014796935672269917e+00
7.053876949209562319e+00
7.093771357535393562e+00
7.134101373455416173e+00
7.175074107246865118e+00
7.216055928328641400e+00
7.258429279711434035e+00
7.299619611015884857e+00
7.343336943334665357e+00
7.386232302004994921e+00
7.429414287345492696e+00
7.472427326047687224e+00
7.517131085764214404e+00
7.561235706156362646e+00
7.606663526521872498e+00
7.651619075209734611e+00
7.698156001164307760e+00
7.743841398706174495e+00
7.792247225500586794e+00
7.840764371320906534e+00
7.889422306513151462e+00
7.937600878577856456e+00
7.986656476297006257e+00
8.034954982310720695e+00
8.085788185315296417e+00
8.136586256493197666e+00
8.186930788510162316e+00
8.236544126031114743e+00
8.288961033878186058e+00
8.342449233192912317e+00
8.394700579522858419e+00
8.448645013938854476e+00
8.502740768107942770e+00
8.557444681906591910e+00
8.613176185054806311e+00
8.669003401456736313e+00
8.726110450213230507e+00
8.779116417050534693e+00
8.834754068084402334e+00
8.894311999734050289e+00
8.953287769864141765e+00
9.012699587753521868e+00
9.070528042524951928e+00
9.132464322933589784e+00
9.191971341280023466e+00
9.252779489954459535e+00
9.316146588319101696e+00
9.378382287078739665e+00
9.444606230208211883e+00
9.509339732738634865e+00
9.575213241372704687e+00
9.640847428903494887e+00
9.707702782432583888e+00
9.776262674804231168e+00
9.841160158553982740e+00
9.909177282981126211e+00
9.980356857422259864e+00
1.005209443812554859e+01
1.012169543206550593e+01
1.019513568717172980e+01
1.026932251651862771e+01
1.034066701937739552e+01
1.041500385068292900e+01
1.049527285028188750e+01
1.057434027663210330e+01
1.065506340137975272e+01
1.073678680882381187e+01
1.081480379732490604e+01
1.089866038512272617e+01
1.098311449638150350e+01
1.106700131759353134e+01
1.115749523852513292e+01
1.124931151761399484e+01
1.134212662914207037e+01
2.250645848708460850e+00
1.152374636497894400e+01
1.162470914509741604e+01
1.172440064546155014e+01
1.182742330099081407e+01
1.192634387909416205e+01
1.203861122175059784e+01
1.214873447749559610e+01
1.226049884555819780e+01
1.237773901125785514e+01
1.248679901336555353e+01
1.261350096877506921e+01
1.274796478525105137e+01
1.286399042658630520e+01
1.297407723635504695e+01
1.310200948377644714e+01
1.321655068255381238e+01
1.332558872840879260e+01
6.232399967376352379e+00
1.350647828467279332e+01
1.358638961993174377e+01
1.366102935029525156e+01
1.372062276268130354e+01
1.378031181252620740e+01
1.383751980437649642e+01
1.388593460961199000e+01
1.390792006293213845e+01
1.394355910520030228e+01
1.398792850661846465e+01
1.401660125108050714e+01
1.405927527745624950e+01
