5.096707764695244114e-01
5.100402288104594062e-01
5.104874900372340374e-01
5.110755893381668802e-01
5.120667429307639296e-01
5.133516794264717520e-01
5.149393609291501583e-01
5.170184178290142540e-01
5.192950929517050618e-01
5.222966651099044677e-01
5.254883955862124090e-01
5.293984224317940246e-01
5.337339370522110604e-01
5.386286902399859411e-01
5.440176294277208058e-01
5.499750059015505732e-01
5.565790399898512542e-01
5.638693932007785570e-01
5.716428656765581984e-01
5.800369402224679893e-01
5.888184753801194438e-01
5.984924341221968813e-01
6.086448212582943329e-01
6.194654190957000761e-01
6.305920921064992468e-01
6.426305287886152628e-01
6.550187903930074773e-01
6.678539835414581960e-01
6.810867624771644868e-01
6.947916932012470070e-01
7.087239907406240880e-01
7.229412557633102532e-01
7.373036362244824726e-01
7.517295467195225234e-01
7.659930345362877535e-01
7.803892095146864882e-01
7.946885577305234927e-01
8.087664695416192373e-01
8.225563451622529554e-01
8.357391440883790157e-01
8.487389480398088715e-01
8.606704200462458321e-01
8.723115222074764308e-01
8.831112383363670659e-01
8.929359028446816060e-01
9.026049796963747651e-01
9.119571940073034622e-01
9.190020991497074299e-01
9.258938193807468853e-01
9.329941465888516028e-01
9.391826172707810061e-01
9.431127191393625653e-01
9.474188375935744810e-01
9.509822548623301230e-01
9.546789576310655834e-01
9.579961546687395524e-01
9.597388124212524740e-01
9.619447968286867212e-01
9.650689282035280758e-01
9.679404548073942127e-01
9.680753095148132426e-01
9.684448164912051737e-01
9.712857828713161723e-01
9.708138977423920180e-01
9.733981307855957832e-01
9.725764389700775059e-01
9.748629581531219612e-01
9.776713342098419801e-01
9.743594730464484321e-01
9.751784500018539914e-01
9.835159191659057498e-01
9.928923470238654181e-01
9.892185313313691664e-01
1.010707306255565374e+00
1.008354248114960328e+00
1.009540498608556547e+00
1.037726684506641073e+00
1.076619680138904744e+00
1.106286124071450105e+00
1.126008261385665232e+00
1.194745620811395792e+00
1.225199617877621883e+00
1.305783141940883629e+00
1.391958597673723208e+00
1.553867934876438150e+00
1.743314148619258042e+00
1.947794984263785834e+00
2.422078655784328571e+00
2.909472421023799438e+00
3.342302032126882594e+00
4.237925672694567325e+00
0.000000000000000000e+00
0.000000000000000000e+00
0.000000000000000000e+00
0.000000000000000000e+00
0.000000000000000000e+00
0.000000000000000000e+00
0.000000000000000000e+00
0.000000000000000000e+00
0.000000000000000000e+00
0.000000000000000000e+00
0.000000000000000000e+00
0.000000000000000000e+00
0.000000000000000000e+00
0.000000000000000000e+00
0.000000000000000000e+00
0.000000000000000000e+00
0.000000000000000000e+00
0.000000000000000000e+00
0.000000000000000000e+00
0.000000000000000000e+00
0.000000000000000000e+00
0.000000000000000000e+00
0.000000000000000000e+00
0.000000000000000000e+00
0.000000000000000000e+00
0.000000000000000000e+00
0.000000000000000000e+00
5.260960135988645980e+00
0.000000000000000000e+00
0.000000000000000000e+00
0.000000000000000000e+00
4.556294872956399900e+00
4.792026551659408717e+00
5.544758056878341002e+00
5.211362582446965597e+00
4.003482179827265952e+00
0.000000000000000000e+00
0.000000000000000000e+00
0.000000000000000000e+00
0.000000000000000000e+00
0.000000000000000000e+00
4.646660010622050585e+00
0.000000000000000000e+00
6.504530098550555195e+00
0.000000000000000000e+00
0.000000000000000000e+00
0.000000000000000000e+00
0.000000000000000000e+00
0.000000000000000000e+00
6.406844219258104545e+00
6.450480669146413604e+00
6.494547684154596823e+00
6.539773606513337612e+00
6.585058199047021610e+00
6.631152130663929611e+00
6.677778460454786291e+00
6.724820633504540623e+00
6.772095952199872038e+00
6.820482625574096680e+00
6.870154236439394602e+00
6.920160491310082485e+00
6.969746069573991676e+00
7.020406547001729614e+00
7.071606393575391891e+00
7.123588618763631253e+00
7.176636238328835127e+00
7.229646578716035776e+00
7.283874218759683217e+00
7.339017894680630150e+00
7.392700717091278406e+00
7.448129278369775008e+00
7.505397546713308721e+00
7.563313696528012997e+00
7.619259329168414752e+00
7.676479337684055437e+00
7.735096201977663455e+00
7.793586336695542904e+00
7.854696696279429347e+00
7.915933292819824274e+00
7.978700664698670231e+00
8.041659947755912086e+00
8.104650854479464428e+00
8.167957654725981342e+00
8.232926097358882700e+00
8.296885346858138277e+00
8.366113844580214121e+00
8.432361034855118120e+00
8.497717179121494269e+00
8.567688426013202019e+00
8.639694729063775114e+00
8.711205729222802674e+00
8.780923470563744004e+00
8.853737609301340683e+00
8.936590185698932487e+00
9.045489757206953030e+00
9.119728566056023666e+00
9.196467755005883760e+00
9.273516015192365458e+00
9.355611984879262266e+00
9.437839674042777460e+00
9.520703962493071160e+00
9.608380466841765610e+00
9.695321588401245805e+00
9.784641635775805923e+00
9.873511747816387185e+00
9.967413907883511115e+00
1.005881082354704326e+01
1.014347139425523991e+01
1.022622513725436910e+01
1.029971687568200522e+01
1.036853474722219914e+01
1.042575326652864653e+01
1.047692873997083041e+01
1.051882758575719734e+01
1.056505922335949244e+01
1.059164551487140571e+01
