5.115547771239218333e-01
5.118869290660547078e-01
5.123936137850908512e-01
5.129710488860990125e-01
5.137850563813320948e-01
5.148093627103637049e-01
5.161428683974267351e-01
5.176401633313051365e-01
5.195931585503774652e-01
5.216801550335001814e-01
5.242117293432567715e-01
5.270746308693317062e-01
5.302759379623644964e-01
5.337842078185293104e-01
5.377152805728224738e-01
5.422130467749022298e-01
5.470119130435762145e-01
5.522177516023920596e-01
5.577692199271034879e-01
5.638939960715874111e-01
5.704188243585217588e-01
5.773977592859469432e-01
5.849967431797016282e-01
5.929763838263460984e-01
6.012471097171244727e-01
6.101999413446910214e-01
6.196489670528882998e-01
6.294093589851141868e-01
6.396373256994921652e-01
6.504279054378325764e-01
6.616262814330354791e-01
6.731423100540615545e-01
6.851974548049325486e-01
6.977119899233801270e-01
7.107154872906291665e-01
7.238707032429508859e-01
7.373757857353451239e-01
7.516650637100918964e-01
7.659718122274986607e-01
7.806566701065391634e-01
7.958120006918084632e-01
8.112465380663169690e-01
8.272586795986458519e-01
8.436479388441051608e-01
8.599037060138988720e-01
8.764742313473720126e-01
8.935158849372389911e-01
9.105869766628283957e-01
9.279455531180464956e-01
9.450746863802673703e-01
9.624582542227004822e-01
9.799350650369470506e-01
9.974831431577079188e-01
1.015189099717936250e+00
1.033007601898815242e+00
1.050332763168428940e+00
1.066986570139087709e+00
1.083930350674189746e+00
1.100418105260956292e+00
1.117251498383551533e+00
1.132497187533195726e+00
1.147677665923642287e+00
1.162926723928152883e+00
1.177594909961545033e+00
1.191464307681628698e+00
1.204738941395691709e+00
1.217588804779004885e+00
1.228478898321149870e+00
1.239314298898541722e+00
1.250136541348437325e+00
1.260828494711113468e+00
1.269128351280724987e+00
1.276782399906250642e+00
1.285976824594660783e+00
1.293753428076559464e+00
1.300717310141292771e+00
1.304987346612033194e+00
1.311192636258227351e+00
1.316435779079458745e+00
1.320119257099949817e+00
1.324237348082935473e+00
1.327031597513363304e+00
1.330783227015850834e+00
1.333321512511826290e+00
1.337089913693855658e+00
1.338160982654202913e+00
1.340462181278840204e+00
1.340490304651077436e+00
1.341594340648090355e+00
1.343705977246125505e+00
1.346588355715180985e+00
1.348040272235693449e+00
1.352187838705731560e+00
1.355507521547576921e+00
1.358060152380074603e+00
1.358776821696560777e+00
1.356242001642163020e+00
1.357200902235230267e+00
1.365089116885466192e+00
1.359483667312250121e+00
1.357301811414395321e+00
1.351799473926694528e+00
1.361987655512138851e+00
1.364815218637783989e+00
1.366396981832444180e+00
1.387022731698538180e+00
1.388519083262706566e+00
1.384417360079359227e+00
1.388393858364109779e+00
1.383720301568499789e+00
1.418432113612692946e+00
1.404010197113683800e+00
6.904770234177674659e+00
1.430431483494802425e+00
1.473353252562452420e+00
1.464011168877902724e+00
1.507805566183389345e+00
1.572177811047690055e+00
1.639148579305552689e+00
1.675740885979316364e+00
1.712018170047642451e+00
1.795954448994175667e+00
1.854934057705095674e+00
1.978890907041494840e+00
2.166564763881810407e+00
2.284797714200087704e+00
2.808474103061399330e+00
2.951839689091051433e+00
3.480993880673817209e+00
7.068192749870282121e+00
7.080083052596768844e+00
7.092401280494738280e+00
7.104949641767958290e+00
5.421578049391048815e+00
7.131013100836559815e+00
7.144367378223551057e+00
7.158172695053894863e+00
7.172075452019191388e+00
7.186747359702008175e+00
7.201381986481496966e+00
7.216222743414477669e+00
7.231919120695486924e+00
7.247395525131461014e+00
0.000000000000000000e+00
7.279664500109499059e+00
7.296165045485641265e+00
7.313454721491999599e+00
7.330666917912146197e+00
7.348389438545086527e+00
7.366481425663777394e+00
7.384892044660166910e+00
7.403241550826910711e+00
7.422329537212981165e+00
7.441669558186664979e+00
0.000000000000000000e+00
7.481763195985647208e+00
7.502243916512258970e+00
7.523475462189186835e+00
7.544396295487968196e+00
7.566020866047866278e+00
7.587697425941930973e+00
7.610361702884967272e+00
7.632442255213113036e+00
7.656035608014934546e+00
7.679361745915113779e+00
7.703016606155272505e+00
7.727060358005303442e+00
7.752061561254037336e+00
7.776831424257149017e+00
7.801625740227746242e+00
7.826569884903151753e+00
7.852493290424242822e+00
7.879242754349816913e+00
7.905788215410378683e+00
7.932603620410807466e+00
7.959865497885334484e+00
7.987908910019465125e+00
8.015939791955718263e+00
8.044508212148727466e+00
8.073345809056073463e+00
8.102433832222782684e+00
8.132036223468135816e+00
8.162287446052399531e+00
8.191515884230771150e+00
8.222551560706795826e+00
8.254815745770448743e+00
8.285575429122499003e+00
8.317119550507507952e+00
8.348519534604147196e+00
8.380722094774103681e+00
8.413332689235986095e+00
8.446499140138049810e+00
8.480531094241126056e+00
8.514794759686621362e+00
8.549240339498767938e+00
8.583804661266272618e+00
8.619139483114100386e+00
8.653982948825120758e+00
8.690140888344743075e+00
8.725105929979321218e+00
8.760612709015667576e+00
8.798615352603956552e+00
8.835221502592045084e+00
8.872767224816955789e+00
8.912368577819787419e+00
8.950667609430748684e+00
8.988209317529616271e+00
9.027957414131400071e+00
9.066994205656223826e+00
9.108054718718410214e+00
9.147186030570237492e+00
9.186530333092896683e+00
9.227469323399292378e+00
9.269599281137789859e+00
9.311561423543970761e+00
9.353151400829247564e+00
9.396554420426166843e+00
9.440225809966653614e+00
9.481532605774241063e+00
9.524390797901130412e+00
9.569191400772014688e+00
9.614184612796218943e+00
9.660232430743430854e+00
9.705033054261285486e+00
9.750774788397869486e+00
9.798171769358008376e+00
9.843801750947529072e+00
9.892418937638305820e+00
9.940294967038372675e+00
9.988947983606051295e+00
1.003721480626193596e+01
1.008805043782693467e+01
1.013870495966825835e+01
1.018566674498971736e+01
1.023498376407030719e+01
1.028626006849106744e+01
1.033925472684063962e+01
1.039189578750224463e+01
1.044227526452313981e+01
1.049731992276749715e+01
1.054859378274005266e+01
1.060336775920362840e+01
1.065928063445755569e+01
1.071131039095184612e+01
1.076919936463268357e+01
1.082774372917366534e+01
1.088352815494761039e+01
1.094527850737552122e+01
1.100029854957222319e+01
1.105633116967268492e+01
1.112089025938772124e+01
1.118046584026833123e+01
1.124289238610620956e+01
1.130649490571753546e+01
1.136131758433946715e+01
1.142672574133724339e+01
1.149231146121972280e+01
1.156011637227587308e+01
1.162393891511750255e+01
1.169473296477264412e+01
1.176764663877500539e+01
1.183031933332254582e+01
1.189788178455312995e+01
1.197075703014665748e+01
1.203779543182186451e+01
1.210975392281992491e+01
1.217889999781134236e+01
1.225423668885706086e+01
1.232586077903519595e+01
1.240609814728928662e+01
1.248126056597122080e+01
1.255851602630264274e+01
1.263688804069144567e+01
5.224334685407200141e+00
1.279999950798155517e+01
1.288131951251085283e+01
1.296657582102108286e+01
1.305493635965894050e+01
1.313826402491351963e+01
1.322371348597869201e+01
1.331147253387682916e+01
1.340046832469412585e+01
1.349444818309184946e+01
1.359327035032066000e+01
1.369014540330810625e+01
1.378720339350689095e+01
1.388170616589214212e+01
1.397449894469439435e+01
1.408387924177197092e+01
1.418449320389481372e+01
1.429328576998307732e+01
1.440725554204467329e+01
1.450609712903601789e+01
1.461799237259737794e+01
1.472947598382211787e+01
1.485207615663537517e+01
1.497949109349163699e+01
1.509447788787070266e+01
1.521739217510737596e+01
1.533908977029413379e+01
1.547374138376637376e+01
1.561019050497575655e+01
1.574522937492573327e+01
1.589468420485319733e+01
1.604552759700841591e+01
1.618544898064382664e+01
1.633936584421588023e+01
1.649664178333019038e+01
1.666334707688340444e+01
1.684709073532604862e+01
1.700264645227681015e+01
1.716637510166843228e+01
1.734889716058055598e+01
1.753801827455290763e+01
1.772112510644490868e+01
1.793230132206453931e+01
1.812087586628421931e+01
1.830890599741296043e+01
1.848797080694628647e+01
1.864442805175877638e+01
1.883600848823460794e+01
1.902942270848416939e+01
1.918999828962625287e+01
1.933061893855629521e+01
1.945987383788092018e+01
1.960301888388983826e+01
1.974552726384639101e+01
1.987204899682402015e+01
1.988008250142345190e+01
1.999655505331381278e+01
2.009149620365345967e+01
2.017985906092187065e+01
2.023408402340258050e+01
2.031419933475625683e+01
2.032732139106099822e+01
2.044238676802952526e+01
