4.987692243619348265e-01
4.990941260518356737e-01
4.997813429215278158e-01
5.008351575479558226e-01
5.025216140853859814e-01
5.045926269256162389e-01
5.072292651395983176e-01
5.106527839257568591e-01
5.146810465097031440e-01
5.197568779457264476e-01
5.253955877165529254e-01
5.315897519779757552e-01
5.382224043875817321e-01
5.454572718194159453e-01
5.535270501415485711e-01
5.615336807741920788e-01
5.698919393282306789e-01
5.780814851669023868e-01
5.859033822238371991e-01
5.937028781398817623e-01
6.005816311010847564e-01
6.066741023795269028e-01
6.125543429475900359e-01
6.174886564604445960e-01
6.220812397421064954e-01
6.256312264383184774e-01
6.287587837573000993e-01
6.311519460774350776e-01
6.327222710327806698e-01
6.341448737793354828e-01
6.342015662190846337e-01
6.367970154402856631e-01
6.396545573924209416e-01
6.421942487766988394e-01
6.492472200833574458e-01
6.452664182135608995e-01
6.545681538528133059e-01
6.650486828939500272e-01
6.921028071797239445e-01
7.093842275885809956e-01
7.759252864363510582e-01
8.451666652925858836e-01
9.492622770256955445e-01
1.274047381613791163e+00
1.400647144318982074e+00
2.118288368980918879e+00
0.000000000000000000e+00
0.000000000000000000e+00
0.000000000000000000e+00
0.000000000000000000e+00
0.000000000000000000e+00
0.000000000000000000e+00
0.000000000000000000e+00
0.000000000000000000e+00
0.000000000000000000e+00
0.000000000000000000e+00
3.558679821060319881e+00
0.000000000000000000e+00
0.000000000000000000e+00
2.780233148570802282e+00
0.000000000000000000e+00
0.000000000000000000e+00
0.000000000000000000e+00
0.000000000000000000e+00
0.000000000000000000e+00
3.134757260385573563e+00
2.856365852150095641e+00
0.000000000000000000e+00
0.000000000000000000e+00
0.000000000000000000e+00
2.666711357176279940e+00
2.829715753113015708e+00
0.000000000000000000e+00
0.000000000000000000e+00
2.169810389019366514e+00
1.958224097874321279e+00
2.608390626719792049e+00
3.354543219826859435e+00
0.000000000000000000e+00
