4.934035137301287510e-01
4.935142233338819517e-01
4.938677488250959313e-01
4.943487625390013962e-01
4.950487082754390089e-01
4.957950409259710423e-01
4.966348230912544515e-01
4.978666330589214262e-01
4.994065405644754763e-01
5.010129007943933122e-01
5.027609460201887259e-01
5.051638741981482328e-01
5.076975788029525205e-01
5.100723919035058396e-01
5.134107103733445143e-01
5.163576172986718005e-01
5.199049122832464231e-01
5.231132398687411422e-01
5.269432349487479517e-01
5.309491099043480711e-01
5.345152907058680070e-01
5.385075301254413915e-01
5.423724008564597687e-01
5.466509847245982767e-01
5.503732321355014889e-01
5.540336865990590498e-01
5.575993467280101479e-01
5.611148931113557614e-01
5.648363591762810554e-01
5.679927396708734921e-01
5.709598034481960793e-01
5.739127856603015720e-01
5.758902811574204694e-01
5.780843523022879404e-01
5.799441820059635377e-01
5.822688174949055551e-01
5.837811228866082169e-01
5.846061070352129851e-01
5.853535414260876424e-01
5.875564510860272760e-01
5.883526347951009150e-01
5.906070184913203569e-01
5.899734254665850441e-01
5.914209951880037286e-01
5.919604360126735632e-01
5.918366703042653443e-01
5.927561017037794588e-01
5.959501396913837734e-01
5.954179480381620593e-01
5.985753404791538390e-01
5.994388604776580420e-01
6.032838991059653599e-01
6.060077050190949555e-01
6.082238008269685858e-01
6.079233832661332659e-01
6.115043417213249510e-01
2.870502940929320346e-01
2.911914103990003722e-01
6.364142036436726269e-01
6.616541470214045706e-01
7.153574941068774340e-01
7.710298881548178773e-01
8.501629023839207822e-01
9.123142023905809195e-01
9.734474326125950316e-01
1.247298952118206072e+00
1.299114687166301962e+00
1.963866170619019691e+00
2.574143483240030061e+00
0.000000000000000000e+00
0.000000000000000000e+00
0.000000000000000000e+00
0.000000000000000000e+00
0.000000000000000000e+00
0.000000000000000000e+00
0.000000000000000000e+00
0.000000000000000000e+00
0.000000000000000000e+00
0.000000000000000000e+00
0.000000000000000000e+00
0.000000000000000000e+00
0.000000000000000000e+00
0.000000000000000000e+00
0.000000000000000000e+00
0.000000000000000000e+00
0.000000000000000000e+00
0.000000000000000000e+00
3.418595649250535384e+00
0.000000000000000000e+00
0.000000000000000000e+00
2.850701664789028644e+00
3.501915353364064565e+00
3.573914181376758314e+00
0.000000000000000000e+00
0.000000000000000000e+00
0.000000000000000000e+00
0.000000000000000000e+00
0.000000000000000000e+00
0.000000000000000000e+00
0.000000000000000000e+00
0.000000000000000000e+00
0.000000000000000000e+00
0.000000000000000000e+00
0.000000000000000000e+00
0.000000000000000000e+00
0.000000000000000000e+00
0.000000000000000000e+00
0.000000000000000000e+00
0.000000000000000000e+00
0.000000000000000000e+00
0.000000000000000000e+00
0.000000000000000000e+00
4.233190566186160630e+00
3.674447032286175308e+00
2.819592636172541411e+00
3.006470925356641732e+00
0.000000000000000000e+00
0.000000000000000000e+00
0.000000000000000000e+00
0.000000000000000000e+00
0.000000000000000000e+00
2.779666146985541708e+00
2.078807773735810827e+00
1.826741383335598545e+00
1.849605107100321222e+00
2.961748992641686673e+00
3.592014629698569550e+00
0.000000000000000000e+00
3.891116624620570619e+00
0.000000000000000000e+00
2.937453451873951238e+00
3.934911863821061395e+00
2.634213084493227885e+00
2.001777356306130518e+00
2.108050895456043961e+00
2.239961599311298457e+00
1.975427737149549223e+00
1.934377242075381975e+00
1.694024969729178931e+00
2.068753586258470278e+00
1.930220473847616303e+00
2.025418880840816893e+00
2.911349801648513314e+00
0.000000000000000000e+00
3.156394750748757971e+00
2.696969897524202686e+00
1.821355942955076745e+00
2.163515621805406131e+00
2.977317028894083339e+00
4.102324838528234707e+00
1.746236991126848714e+00
0.000000000000000000e+00
0.000000000000000000e+00
0.000000000000000000e+00
2.662156243046306603e+00
0.000000000000000000e+00
0.000000000000000000e+00
0.000000000000000000e+00
4.035769902124111574e+00
1.958388808096737321e+00
1.698906138451603098e+00
3.427660547432153315e+00
0.000000000000000000e+00
0.000000000000000000e+00
0.000000000000000000e+00
0.000000000000000000e+00
0.000000000000000000e+00
0.000000000000000000e+00
3.616848439035858842e+00
0.000000000000000000e+00
0.000000000000000000e+00
0.000000000000000000e+00
0.000000000000000000e+00
1.922566611939121595e+00
1.366625404684165712e+00
2.391251915108627557e+00
2.440233560089092535e+00
0.000000000000000000e+00
0.000000000000000000e+00
0.000000000000000000e+00
1.785549514718165698e+00
0.000000000000000000e+00
0.000000000000000000e+00
0.000000000000000000e+00
1.920647143193469741e+00
7.175532723793160095e+00
2.280910029002202855e+00
0.000000000000000000e+00
2.289597333141279112e+00
0.000000000000000000e+00
7.466988462312002639e+00
0.000000000000000000e+00
7.586579557529040230e+00
7.647354811971567301e+00
7.708678785475555628e+00
7.770534821385018276e+00
7.832641281727680038e+00
7.896315667460139132e+00
7.954552973784585035e+00
8.015468172733298147e+00
8.081289878685209871e+00
8.146607231583400832e+00
8.211916603725843089e+00
8.274966206433141735e+00
0.000000000000000000e+00
8.407146522456969251e+00
8.473270046252045162e+00
8.542109870768438640e+00
8.609233927683140664e+00
8.681549873731757572e+00
8.750911313832876459e+00
0.000000000000000000e+00
0.000000000000000000e+00
8.963956795603664318e+00
0.000000000000000000e+00
9.105779712500343237e+00
1.309707960373334590e+00
0.000000000000000000e+00
2.617743602986141727e-01
9.404531844919755912e+00
9.486236984453894294e+00
9.567135772762751955e+00
9.641691476961250729e+00
9.719131928745170512e+00
9.805563927545069447e+00
9.888570984147461829e+00
9.972340337465123383e+00
1.005838553795992141e+01
1.013860516061567552e+01
1.022641254856918636e+01
1.031379109059649046e+01
1.040124271610639894e+01
1.049632502432885062e+01
1.058995224503404842e+01
1.068648532798051853e+01
1.078006370852037676e+01
1.087366099601107550e+01
1.097884450366519360e+01
1.108241423805320736e+01
1.118819044165038079e+01
1.129014605867185139e+01
1.140599248389478682e+01
1.152020420336754114e+01
1.163445780664229012e+01
1.175326332663944839e+01
1.186459679795061817e+01
1.199363881403634302e+01
1.213651107346828617e+01
1.225610202940569771e+01
1.236758361399238026e+01
1.249757470035429208e+01
1.261806996646805601e+01
1.273724023961182361e+01
1.283640400843311546e+01
1.292938792828418038e+01
1.301996461746972678e+01
1.310265325756762600e+01
1.316377967694746864e+01
1.323036477899456820e+01
1.329437860105483793e+01
