5.112221470337192653e-01
5.115083964932030103e-01
5.120187778218594499e-01
5.125768348728941826e-01
5.133749923855098762e-01
5.143831053671622522e-01
5.157117074776842447e-01
5.172206186495005298e-01
5.190982640455995556e-01
5.211936517838045013e-01
5.237124241834947291e-01
5.265488144323485775e-01
5.297390133569658266e-01
5.332395837534095184e-01
5.371202435894690819e-01
5.415707170395518411e-01
5.463597181469495023e-01
5.514770027153899079e-01
5.569829953754545926e-01
5.630408196390679354e-01
5.695399606505435752e-01
5.763880735972470859e-01
5.839369728700887219e-01
5.918104243836947997e-01
5.999594057948671733e-01
6.087890518706893239e-01
6.181153325600334814e-01
6.276919905327998928e-01
6.376905311353699979e-01
6.483293809782516570e-01
6.592820567671875409e-01
6.704982561205667935e-01
6.821268985369903781e-01
6.942663377983302464e-01
7.068719949270623193e-01
7.194822818182374791e-01
7.322064758783809468e-01
7.456666123046949979e-01
7.590550605170935938e-01
7.725568008459265945e-01
7.863004425457015278e-01
8.003801820441968085e-01
8.143979747543090841e-01
8.287766416362265520e-01
8.425619956041432435e-01
8.566188637639443604e-01
8.704829716307411758e-01
8.838978994401680556e-01
8.974250095306274266e-01
9.103574446107378648e-01
9.226783079104364793e-01
9.348575599355002375e-01
9.468010042163482742e-01
9.585489895868714028e-01
9.701015436159804439e-01
9.795897507793247527e-01
9.888749705137656054e-01
9.983843767405761183e-01
1.007091606548017104e+00
1.015199586403677134e+00
1.022382290661705273e+00
1.029013276514012087e+00
1.035451644252359804e+00
1.041677348708819784e+00
1.046938796598352095e+00
1.050312061354762072e+00
1.055198340138010948e+00
1.056605808908933186e+00
1.060040501746598585e+00
1.061930681542080146e+00
1.065051504327233056e+00
1.067101308477327537e+00
1.068010689493009702e+00
1.073149452031328721e+00
1.073635114357361697e+00
1.075240153590294900e+00
1.073521839182589810e+00
1.076172496210838991e+00
1.079329012609694605e+00
1.080711663989317062e+00
1.080627733641966515e+00
1.080847095152682069e+00
1.082059681434731413e+00
1.081508904471447430e+00
1.086512963220970684e+00
1.085242104830191900e+00
1.090076718096499198e+00
1.086726895835191886e+00
1.092729959018623909e+00
1.094429038686542954e+00
1.101511452282999182e+00
1.115856993311844070e+00
1.115890090237182442e+00
1.125833313003320679e+00
1.134067090810317646e+00
1.137408735793094872e+00
1.129672054466103637e+00
1.164662074029161554e+00
1.196379048553739111e+00
1.232248164451231087e+00
1.250805635990005271e+00
1.298243302514595410e+00
1.291468472932218559e+00
1.318586451944190996e+00
1.363594749905602699e+00
1.531595364004489257e+00
1.631774694930107961e+00
1.719619231497809819e+00
1.939086845648503532e+00
1.806116341088212840e+00
1.908819583240634721e+00
2.044798464484421263e+00
3.062968496993317746e+00
4.095297909878284237e+00
0.000000000000000000e+00
0.000000000000000000e+00
0.000000000000000000e+00
0.000000000000000000e+00
0.000000000000000000e+00
0.000000000000000000e+00
0.000000000000000000e+00
0.000000000000000000e+00
0.000000000000000000e+00
5.677453228934289164e+00
0.000000000000000000e+00
0.000000000000000000e+00
0.000000000000000000e+00
0.000000000000000000e+00
0.000000000000000000e+00
0.000000000000000000e+00
0.000000000000000000e+00
0.000000000000000000e+00
0.000000000000000000e+00
0.000000000000000000e+00
0.000000000000000000e+00
0.000000000000000000e+00
0.000000000000000000e+00
0.000000000000000000e+00
0.000000000000000000e+00
0.000000000000000000e+00
0.000000000000000000e+00
0.000000000000000000e+00
0.000000000000000000e+00
0.000000000000000000e+00
0.000000000000000000e+00
0.000000000000000000e+00
0.000000000000000000e+00
0.000000000000000000e+00
0.000000000000000000e+00
0.000000000000000000e+00
0.000000000000000000e+00
0.000000000000000000e+00
0.000000000000000000e+00
0.000000000000000000e+00
0.000000000000000000e+00
0.000000000000000000e+00
0.000000000000000000e+00
0.000000000000000000e+00
6.422464147443024629e+00
6.450596301491701823e+00
0.000000000000000000e+00
6.508195888055515077e+00
6.536793027164351955e+00
6.567186383007859618e+00
6.596896006672804624e+00
6.627415727857013827e+00
6.658192942309383966e+00
6.689938138962802761e+00
6.721447051576605602e+00
6.752672452531299108e+00
6.784084842617382094e+00
6.816812932066251385e+00
6.850160901112099410e+00
6.883512192098873328e+00
6.916804952874608503e+00
6.950643570632609070e+00
6.985485344543927333e+00
7.020256055144930230e+00
7.055222513583225386e+00
7.090621182579146975e+00
7.126431154548703795e+00
7.162486024801915541e+00
7.199396268284051104e+00
7.235022304196824017e+00
7.272758631146378328e+00
7.311821665787997304e+00
7.348671346497537726e+00
7.386855257907749106e+00
7.424498355509883574e+00
7.463212127112225147e+00
7.502138740444430631e+00
7.541673896927309606e+00
7.582318577398557302e+00
7.622659017088648348e+00
7.663907291626130380e+00
7.704394246899475718e+00
7.746199254150255342e+00
7.786936810310731261e+00
7.829536971282081481e+00
7.870544862306842582e+00
7.912002224244153226e+00
7.956554210099062274e+00
7.999212026438867085e+00
8.042595387891264380e+00
8.088933639178579327e+00
8.133217417522692116e+00
8.176528338963537479e+00
8.222544549141645120e+00
8.267587620433006990e+00
8.314559663764390152e+00
8.359160387314375384e+00
8.404364924831176253e+00
8.451429510843576409e+00
8.499739249100285221e+00
8.547526302142212984e+00
8.594980169011472881e+00
8.644262365090227718e+00
8.693635640103805073e+00
8.740267543900152702e+00
8.789176568006071832e+00
8.839256462940809911e+00
8.890226383833532253e+00
8.942449781558805100e+00
8.992209884517349039e+00
9.043601837476204608e+00
9.097438291330933069e+00
9.148918375587310692e+00
9.203137231757251513e+00
9.257082477594018144e+00
9.311503231172371997e+00
9.365119978030701731e+00
9.422191743011021359e+00
9.478608890663254627e+00
9.531247553297230724e+00
9.585701210398520189e+00
9.642665972773722061e+00
9.701256469772923552e+00
9.760234163333970869e+00
9.816463631613553176e+00
9.877319163170378502e+00
9.933967760643303890e+00
9.994892669807779129e+00
1.005732323626044256e+01
1.011428231871918371e+01
1.017853929867956708e+01
1.024394245074320153e+01
1.030682743086989994e+01
1.037357136180081696e+01
1.043386897402617741e+01
1.049565253590802527e+01
1.056692418717484472e+01
1.063355974225894940e+01
1.070284937713549134e+01
1.077322392011200769e+01
1.083347627829432014e+01
1.090717362013323211e+01
1.097865006217351080e+01
1.105290731931800785e+01
1.112388933058016072e+01
3.929566909783694051e+00
1.128325658863182213e+01
1.135290284056950583e+01
1.142825438785273207e+01
1.150940019844492213e+01
1.158523880013803975e+01
1.166597415422352846e+01
1.174266813773500928e+01
1.182785495050734603e+01
1.190649699541551598e+01
1.199860735165508174e+01
5.219738477422671608e+00
1.216766959240889356e+01
1.225531738319177499e+01
1.234967184351961400e+01
1.244086574474555640e+01
1.253232521745377248e+01
1.262973314929526936e+01
1.272892326731722967e+01
1.282775585732506940e+01
1.292424258104382773e+01
1.302417577849187857e+01
1.312595821412413066e+01
1.323434922542813474e+01
1.334672764352409047e+01
1.346023505835083967e+01
1.357558970277725230e+01
1.368571881192318429e+01
3.009046752055098750e+00
1.392141917402920370e+01
1.403984048513088112e+01
1.416884624908856694e+01
1.430400021049926096e+01
1.442177227652856963e+01
1.455686331872199624e+01
1.469183489642648333e+01
1.483860333575418800e+01
1.499454982671301906e+01
1.513330772229300081e+01
1.528769564292997707e+01
1.540560722501767721e+01
1.552201896763696176e+01
1.568472472493180270e+01
1.585307654424859436e+01
1.603205190203868824e+01
1.622089529004896846e+01
1.638592019279436940e+01
1.657981627866193008e+01
1.675941494095424034e+01
1.697599459274994516e+01
1.721487690313380980e+01
1.742255609620812251e+01
1.762787090894932263e+01
1.785781154731775189e+01
1.811490612488506358e+01
1.836395928447935688e+01
1.865581630098784416e+01
1.891539957591205123e+01
1.916629321651166507e+01
1.940667351235937232e+01
1.962592678303595406e+01
1.988535349231956317e+01
2.018732218838957237e+01
2.040496136851310283e+01
2.059835965430994520e+01
2.080193807749984103e+01
2.101293504207447072e+01
2.122458119325652603e+01
2.145511227414098698e+01
2.147465528770823440e+01
