5.003564283408340474e-01
5.005132544722573629e-01
5.009320840105248029e-01
5.014323149556452197e-01
5.022179562509176964e-01
5.030887587625215707e-01
5.040703411322406957e-01
5.055014629830849593e-01
5.072227905444826046e-01
5.091045289925695272e-01
5.111528243083434120e-01
5.139272325834925992e-01
5.168742830602920391e-01
5.197164988070582803e-01
5.235666241291823120e-01
5.271135267504079014e-01
5.313347045357939002e-01
5.352990430475269568e-01
5.398690632045337612e-01
5.447411943153113167e-01
5.492802877938923745e-01
5.543069745962914130e-01
5.592459088095120823e-01
5.646188947150900805e-01
5.695391075085488586e-01
5.744510381120891962e-01
5.793522218728900386e-01
5.840444455163296134e-01
5.890729996425786430e-01
5.934309549637333259e-01
5.976625315353097934e-01
6.019884679991712728e-01
6.050936006498002229e-01
6.083443649117560303e-01
6.112906050776835132e-01
6.144723732776152803e-01
6.168624481455621256e-01
6.186849295978238406e-01
6.199840156425653337e-01
6.229626503786427349e-01
6.242286835711713389e-01
6.273031257643454373e-01
6.269556424219812074e-01
6.286991110904786018e-01
6.296777959117372259e-01
6.290152298782388796e-01
6.298699870256141420e-01
6.325694204152990663e-01
6.318017767306524091e-01
6.347456049358755070e-01
6.346607340895801253e-01
6.376704183009896942e-01
6.395202752744723051e-01
6.388083519578502401e-01
6.370522353444776353e-01
6.383184954200959993e-01
6.379561653719777459e-01
6.424854015502182714e-01
6.441485900824097666e-01
6.642154625521298206e-01
6.946493775077779986e-01
7.262666872306523524e-01
7.575501140074653028e-01
7.789259663315751814e-01
8.215657155972037051e-01
9.372799824519539857e-01
9.442723171477842570e-01
1.153985142450008938e+00
1.341436099654889746e+00
1.907306329418447355e+00
2.190228053986572387e+00
0.000000000000000000e+00
0.000000000000000000e+00
0.000000000000000000e+00
0.000000000000000000e+00
0.000000000000000000e+00
0.000000000000000000e+00
0.000000000000000000e+00
0.000000000000000000e+00
0.000000000000000000e+00
0.000000000000000000e+00
0.000000000000000000e+00
0.000000000000000000e+00
0.000000000000000000e+00
0.000000000000000000e+00
0.000000000000000000e+00
3.819851076398285361e+00
2.517916905768314617e+00
0.000000000000000000e+00
0.000000000000000000e+00
3.256154462506484659e+00
3.852759604413984018e+00
0.000000000000000000e+00
0.000000000000000000e+00
0.000000000000000000e+00
0.000000000000000000e+00
0.000000000000000000e+00
0.000000000000000000e+00
0.000000000000000000e+00
0.000000000000000000e+00
0.000000000000000000e+00
0.000000000000000000e+00
0.000000000000000000e+00
0.000000000000000000e+00
0.000000000000000000e+00
0.000000000000000000e+00
0.000000000000000000e+00
0.000000000000000000e+00
0.000000000000000000e+00
0.000000000000000000e+00
0.000000000000000000e+00
0.000000000000000000e+00
0.000000000000000000e+00
3.962061766600143198e+00
0.000000000000000000e+00
0.000000000000000000e+00
0.000000000000000000e+00
0.000000000000000000e+00
0.000000000000000000e+00
0.000000000000000000e+00
0.000000000000000000e+00
3.960596516146888124e+00
2.738252746346015343e+00
2.107475868267838948e+00
2.066244733490850471e+00
3.533058801700185381e+00
3.425424464580761441e+00
0.000000000000000000e+00
0.000000000000000000e+00
0.000000000000000000e+00
0.000000000000000000e+00
0.000000000000000000e+00
0.000000000000000000e+00
3.817602122034446488e+00
3.331891005226399027e+00
2.551511175455610125e+00
1.974259135200103987e+00
2.006150729307556446e+00
1.558537649251200863e+00
2.164050928293951959e+00
1.923102402625218144e+00
2.096771362536464345e+00
2.460916929766389760e+00
0.000000000000000000e+00
0.000000000000000000e+00
3.151975978047987237e+00
1.877089095224879101e+00
1.690248393397784987e+00
2.228118031952286859e+00
3.957810061748201047e+00
1.755071097716522921e+00
0.000000000000000000e+00
0.000000000000000000e+00
0.000000000000000000e+00
2.913950755210939825e+00
3.880746799214879861e+00
3.064470387945579688e+00
0.000000000000000000e+00
0.000000000000000000e+00
2.071869023887021655e+00
1.743145817376388518e+00
3.178190266049647938e+00
0.000000000000000000e+00
6.039208343092164810e+00
0.000000000000000000e+00
0.000000000000000000e+00
0.000000000000000000e+00
0.000000000000000000e+00
0.000000000000000000e+00
0.000000000000000000e+00
6.394111341150458649e+00
0.000000000000000000e+00
0.000000000000000000e+00
3.055015762567141024e+00
1.747414444044455450e+00
1.975592335432005520e+00
1.540980367841774168e+00
6.763132589887997703e+00
3.297838478592403977e+00
6.872394625605245722e+00
6.929019814789012521e+00
6.985507964248304447e+00
2.912371318390320596e+00
0.000000000000000000e+00
7.152155650112643315e+00
7.210290632720156800e+00
7.268145144749797559e+00
7.325009505605059701e+00
7.381224823488990339e+00
7.440193023528862248e+00
7.500552840214281147e+00
7.559286773597464482e+00
7.619712878599070649e+00
7.680240908634532460e+00
7.741313047956652760e+00
7.802984825327053287e+00
7.864889963019508379e+00
7.928351304310665704e+00
7.986407212131774180e+00
8.047206657409589070e+00
8.112847383065140860e+00
8.177941578277373225e+00
8.243068279547928867e+00
8.306000821222990993e+00
8.373572567588066562e+00
8.437897095979398188e+00
8.503900407316445254e+00
0.000000000000000000e+00
8.639660201717433097e+00
8.711794729480097033e+00
8.781039571835476565e+00
0.000000000000000000e+00
2.192450326322970544e-01
8.993847487980485056e+00
0.000000000000000000e+00
0.000000000000000000e+00
1.614309513867157042e+00
0.000000000000000000e+00
9.359554012060762318e+00
1.826145049565187639e+00
0.000000000000000000e+00
9.589514404569348116e+00
9.664247623608773097e+00
9.746661615240830301e+00
9.837088827397389323e+00
9.919955049730710073e+00
1.000397815261117174e+01
1.008986187610670093e+01
1.017025854009645514e+01
1.025812833853550998e+01
1.034558623310937975e+01
1.043334862059103507e+01
1.052854131134766114e+01
1.062248568907684998e+01
1.071924384818800746e+01
1.081283480706351874e+01
1.090655046865321331e+01
1.101196732605788142e+01
1.111558491161846973e+01
1.122193889887138596e+01
1.132410297457388282e+01
1.144065297546350912e+01
1.155543655846830653e+01
1.166978032086596784e+01
1.178905817866304950e+01
1.190083592694285741e+01
1.203012758917884106e+01
1.217399231514206548e+01
1.229425847965424090e+01
1.240575565719888473e+01
1.253636707994671262e+01
1.265778156404900301e+01
1.277710032427703801e+01
1.287687263621942968e+01
1.296943859767891283e+01
1.305980814989926131e+01
1.314358865417954725e+01
1.320463474893550782e+01
1.327136644884319239e+01
1.333656922884197016e+01
