4.783241456268645386e-01
4.784064026676902448e-01
4.786840755680601411e-01
4.788959420933520672e-01
4.794223341244938652e-01
4.799025425570442871e-01
4.806545997422131400e-01
4.813981080276170665e-01
4.825572695518627331e-01
4.835551871201751450e-01
4.849461063193388211e-01
4.864506066603420109e-01
4.882828741369223957e-01
4.896089396766677981e-01
4.913987007266624185e-01
4.935943509225228509e-01
4.955157188386526412e-01
4.977911289576835707e-01
4.999793428735905820e-01
5.021125706408160472e-01
5.045028564119086179e-01
5.066845662840794295e-01
5.093466161014925664e-01
5.116026592294642406e-01
5.134020867391567711e-01
5.159865456261194527e-01
5.177934950907431277e-01
5.197071474050899420e-01
5.215040727091422301e-01
5.232574953728040823e-01
5.253725768591717138e-01
5.269786839277393886e-01
5.285040261943575457e-01
5.295787457405648491e-01
5.311685225431228563e-01
5.321571485207832186e-01
5.336435003275759037e-01
5.339431933847794687e-01
5.344215248488968228e-01
5.348244236874051261e-01
5.359345092480012340e-01
5.366860335909782176e-01
5.372529016146274650e-01
5.378734324225359353e-01
5.389561614445924631e-01
5.416667936919964399e-01
5.414460546104363781e-01
5.416763380234281833e-01
5.398841352580198150e-01
5.453033627681216355e-01
5.450986270613286111e-01
5.452380267447898277e-01
5.503958416711235424e-01
5.523173519054805913e-01
5.598779128455316778e-01
5.663987046186111929e-01
5.714849785989324360e-01
5.740358262157703173e-01
6.017247449193071640e-01
6.323318573340240834e-01
6.612750058124122754e-01
6.888739774382031111e-01
7.431884655500644588e-01
8.283588180127123834e-01
8.872025540870458471e-01
9.707555340266611488e-01
1.359236108197643400e+00
1.492915910318286965e+00
1.727972768866200770e+00
2.158975801097157809e+00
0.000000000000000000e+00
0.000000000000000000e+00
0.000000000000000000e+00
0.000000000000000000e+00
0.000000000000000000e+00
0.000000000000000000e+00
0.000000000000000000e+00
0.000000000000000000e+00
0.000000000000000000e+00
0.000000000000000000e+00
0.000000000000000000e+00
0.000000000000000000e+00
0.000000000000000000e+00
0.000000000000000000e+00
0.000000000000000000e+00
0.000000000000000000e+00
0.000000000000000000e+00
0.000000000000000000e+00
0.000000000000000000e+00
0.000000000000000000e+00
0.000000000000000000e+00
0.000000000000000000e+00
0.000000000000000000e+00
0.000000000000000000e+00
0.000000000000000000e+00
0.000000000000000000e+00
0.000000000000000000e+00
0.000000000000000000e+00
0.000000000000000000e+00
0.000000000000000000e+00
0.000000000000000000e+00
0.000000000000000000e+00
0.000000000000000000e+00
0.000000000000000000e+00
3.069691556567522905e+00
0.000000000000000000e+00
3.065725556873570845e+00
0.000000000000000000e+00
4.053245820887549478e+00
2.071144295108094724e+00
2.125051431613591113e+00
2.211832219764397145e+00
3.627563251646436004e+00
0.000000000000000000e+00
0.000000000000000000e+00
0.000000000000000000e+00
2.811352666586125260e+00
3.725875043808662745e+00
0.000000000000000000e+00
2.648085570984092474e+00
0.000000000000000000e+00
1.878833724416361983e+00
3.000978830470018455e+00
0.000000000000000000e+00
3.129865089369903597e+00
3.345535398681591222e+00
2.689290925068334115e+00
4.210957516597930272e+00
2.358994764975499869e+00
2.224100199985705295e+00
1.966621441843095619e+00
4.042810934034354986e+00
0.000000000000000000e+00
3.000983625705754054e+00
0.000000000000000000e+00
0.000000000000000000e+00
0.000000000000000000e+00
0.000000000000000000e+00
0.000000000000000000e+00
0.000000000000000000e+00
0.000000000000000000e+00
0.000000000000000000e+00
0.000000000000000000e+00
4.048952046746722822e+00
0.000000000000000000e+00
0.000000000000000000e+00
0.000000000000000000e+00
2.812223903020077298e+00
3.610568855492923390e+00
0.000000000000000000e+00
0.000000000000000000e+00
0.000000000000000000e+00
0.000000000000000000e+00
1.596495601660971264e+00
1.691181016116706459e+00
3.702048428017269632e+00
0.000000000000000000e+00
0.000000000000000000e+00
0.000000000000000000e+00
0.000000000000000000e+00
0.000000000000000000e+00
2.300512179897309384e+00
0.000000000000000000e+00
0.000000000000000000e+00
0.000000000000000000e+00
0.000000000000000000e+00
0.000000000000000000e+00
0.000000000000000000e+00
0.000000000000000000e+00
0.000000000000000000e+00
0.000000000000000000e+00
0.000000000000000000e+00
0.000000000000000000e+00
0.000000000000000000e+00
2.549501505532077328e+00
1.864284402080270686e+00
1.963595298596985561e+00
0.000000000000000000e+00
0.000000000000000000e+00
0.000000000000000000e+00
0.000000000000000000e+00
0.000000000000000000e+00
0.000000000000000000e+00
0.000000000000000000e+00
0.000000000000000000e+00
0.000000000000000000e+00
2.429915762404796453e+00
2.250355124684868979e+00
1.320585210906910278e+00
2.884176742256576276e+00
2.334145542745071911e+00
0.000000000000000000e+00
0.000000000000000000e+00
2.474761074970243779e+00
0.000000000000000000e+00
1.264418559269572695e+00
0.000000000000000000e+00
1.950717668383086245e+00
1.494321987197812840e+00
0.000000000000000000e+00
0.000000000000000000e+00
0.000000000000000000e+00
7.013894399393865164e+00
0.000000000000000000e+00
1.572818098077653159e+00
1.663258421793494923e+00
1.720766974096550994e+00
2.187911581655618498e+00
0.000000000000000000e+00
0.000000000000000000e+00
0.000000000000000000e+00
7.478822474200577552e+00
9.222323970592464226e-01
7.587284808111639300e+00
0.000000000000000000e+00
1.778859182698506514e+00
0.000000000000000000e+00
1.890225043862402421e+00
7.856838814716425645e+00
0.000000000000000000e+00
7.966947090952873900e+00
8.023366783262328994e+00
8.081250471320222672e+00
0.000000000000000000e+00
1.237405791643904962e+00
1.639084937942663744e+00
8.308604375977287404e+00
9.329542845638039150e-01
8.426206229529311642e+00
8.485921451630741075e+00
8.544036409139080135e+00
8.606425057319089689e+00
8.667478985857902885e+00
2.371345600173309531e+00
8.782217731933760874e+00
1.072279519432931538e+00
1.227833441735539211e+00
8.970684617542470818e+00
9.031360659373422806e+00
1.032244662688729830e+00
0.000000000000000000e+00
0.000000000000000000e+00
9.288788406726684599e+00
0.000000000000000000e+00
0.000000000000000000e+00
0.000000000000000000e+00
0.000000000000000000e+00
2.312591935515015518e+00
2.468206964441450157e+00
9.750330679162777514e+00
1.876773046225420849e+00
0.000000000000000000e+00
0.000000000000000000e+00
1.176838670753604044e+00
2.315756519122993129e-01
0.000000000000000000e+00
0.000000000000000000e+00
0.000000000000000000e+00
1.001067471325439495e+00
1.262155218822466285e+00
1.207787411347443829e+00
0.000000000000000000e+00
1.066829059341287911e+00
0.000000000000000000e+00
0.000000000000000000e+00
0.000000000000000000e+00
1.104651425066593795e+01
2.616784176218445168e+00
1.121293281823927046e+01
1.130748013714534217e+01
1.139322698064621520e+01
7.852397372466650705e-01
0.000000000000000000e+00
0.000000000000000000e+00
1.175834590101825405e+01
1.185361920792201396e+01
1.196271270649249452e+01
1.206014527380142809e+01
1.215851060835165676e+01
1.225696625374883730e+01
1.235718782501377788e+01
1.246491652616246171e+01
1.257723537699705574e+01
1.268920589093955442e+01
1.280734205103530954e+01
1.292254559820443660e+01
1.303790584507961015e+01
1.315395847892323822e+01
1.328150629192444399e+01
1.339963627083159459e+01
1.352968315233854213e+01
1.366737678654523336e+01
1.378975720918190895e+01
1.393004483866577736e+01
1.407172819848113221e+01
1.422647225313371955e+01
1.438842975898423227e+01
1.452434173943542284e+01
1.467955215031426874e+01
1.483428203694394476e+01
1.500698123732390599e+01
1.518903830299844948e+01
1.537991775825381957e+01
1.556910504018186181e+01
1.578944974622264930e+01
1.596772038751582024e+01
1.619112146357382898e+01
1.638423443944950364e+01
1.663474357609243981e+01
1.691422127588578661e+01
1.713645869731574933e+01
1.735194907504344997e+01
1.762114382443700222e+01
1.792021523438516084e+01
1.820008294056605536e+01
1.856872902494382771e+01
1.887720187166610941e+01
1.916462725623809149e+01
1.946166679421759582e+01
1.975050073347071233e+01
2.002498681691360360e+01
2.046422822918394857e+01
2.073700097396192632e+01
2.097555090941764533e+01
2.127559742384499231e+01
2.152258965392082146e+01
2.181122356414826058e+01
2.215062828429382336e+01
2.218263850492418854e+01
