5.455269943830176160e-01
5.059000988204473970e-01
5.071366705874759129e-01
5.091368083400502620e-01
5.120139299723859283e-01
5.160302236187392921e-01
5.212366084785573506e-01
5.279447372299700403e-01
5.362290937097741184e-01
5.462894790346900509e-01
5.580351959093823311e-01
5.717546387568249733e-01
5.873576406616691781e-01
6.048561489117871837e-01
6.244211775122813224e-01
6.459978106960276856e-01
6.693755630034150528e-01
6.947159298158939178e-01
7.218106036121741953e-01
7.505503510410677093e-01
7.804164821950748676e-01
8.114148776371837846e-01
8.430527991420683209e-01
8.749652000765212323e-01
9.069315727969429197e-01
9.381132447600351032e-01
9.679854319063012635e-01
9.953801456143468451e-01
1.020240204215244750e+00
1.043350343120253765e+00
1.063529768424335886e+00
1.079749596278408053e+00
1.093875460420122403e+00
1.105232629165011637e+00
1.114000775822648226e+00
1.122952123351579123e+00
1.127380751032000639e+00
1.131207214013858708e+00
1.134991912869638631e+00
1.138654211459086296e+00
1.142537291326086946e+00
1.153238901778840253e+00
1.151780570493541767e+00
1.158192411435153613e+00
1.178134578223525297e+00
1.176312271029827938e+00
1.170492217832788784e+00
