5.051795092844303392e-01
5.054102427602332748e-01
5.060667619610462742e-01
5.069686081140287737e-01
5.084287552958256517e-01
5.101883972367891040e-01
5.125483771003079836e-01
5.154488639271264105e-01
5.189015477989408209e-01
5.230488969333649818e-01
5.278755740001994656e-01
5.334938316976136630e-01
5.397855442959146322e-01
5.468578931325176473e-01
5.545420003050973712e-01
5.629969906583278672e-01
5.720848254468222649e-01
5.818154602735031711e-01
5.923532768625503486e-01
6.031426015151284403e-01
6.137633562086267647e-01
6.248666265666248387e-01
6.362312943100841833e-01
6.474524397494929584e-01
6.583194205690530154e-01
6.684406904531716709e-01
6.784863982911319980e-01
6.879632059746982886e-01
6.963673418800285786e-01
7.037288426066531377e-01
7.108342292773002224e-01
7.176096824868268831e-01
7.225301926216400883e-01
7.271837155268692232e-01
7.301403994537861708e-01
7.335023716038185926e-01
7.366680864869432632e-01
7.390152325116593479e-01
7.413053338071274867e-01
7.442810485608516435e-01
7.447971892624111190e-01
7.456656851724726698e-01
7.444592718581608537e-01
7.476985386861491056e-01
7.470905086774639603e-01
7.488329398726171204e-01
7.547810859410748474e-01
7.533292958525901195e-01
7.653805068648193988e-01
7.860771995738992102e-01
7.973699785132249973e-01
8.352640496618558563e-01
8.844314738419499777e-01
8.855279311604543624e-01
9.249802390629684457e-01
1.045109795313496903e+00
1.292892085613048359e+00
1.517939826819150184e+00
2.059667875477634524e+00
2.007317350321382587e+00
0.000000000000000000e+00
0.000000000000000000e+00
0.000000000000000000e+00
0.000000000000000000e+00
0.000000000000000000e+00
0.000000000000000000e+00
0.000000000000000000e+00
0.000000000000000000e+00
0.000000000000000000e+00
0.000000000000000000e+00
0.000000000000000000e+00
0.000000000000000000e+00
0.000000000000000000e+00
0.000000000000000000e+00
0.000000000000000000e+00
0.000000000000000000e+00
0.000000000000000000e+00
0.000000000000000000e+00
0.000000000000000000e+00
0.000000000000000000e+00
3.986305209395609062e+00
0.000000000000000000e+00
0.000000000000000000e+00
3.046016705923058066e+00
0.000000000000000000e+00
0.000000000000000000e+00
0.000000000000000000e+00
0.000000000000000000e+00
0.000000000000000000e+00
0.000000000000000000e+00
4.061987098678573105e+00
3.124056943170343104e+00
0.000000000000000000e+00
2.679560461492519696e+00
3.271191679637346805e+00
0.000000000000000000e+00
3.982958538854612485e+00
3.229744663229239698e+00
0.000000000000000000e+00
3.823526064275494019e+00
3.031690072709838368e+00
2.189607915733476240e+00
3.269301375707109880e+00
0.000000000000000000e+00
0.000000000000000000e+00
3.285966081493968183e+00
2.821687022831084857e+00
3.588266251237273163e+00
2.693083680960933979e+00
2.399701131610195048e+00
2.325293534949032015e+00
2.228794857294497334e+00
0.000000000000000000e+00
2.845176956315603523e+00
0.000000000000000000e+00
6.166968751972862428e+00
2.873081136041452321e+00
0.000000000000000000e+00
