5.093620360424417903e-01
5.180571503585187365e+00
5.101761870192678128e-01
5.108082940213428680e-01
5.117869137555496328e-01
5.130915885823769118e-01
5.146768171306285167e-01
5.167774514450017564e-01
5.190802133519005768e-01
5.220728756814778659e-01
5.252713705404148392e-01
5.292117207980955307e-01
5.336064795843850073e-01
5.385211845574985334e-01
5.439565528214390655e-01
5.499922106034516034e-01
5.566256417618270502e-01
5.639821675930616340e-01
5.718658242310242779e-01
5.803736222412638757e-01
5.892831475818935960e-01
5.991105510274918888e-01
6.094672893949311110e-01
6.205120166632689394e-01
6.319538559978592485e-01
6.443148418530830757e-01
6.570874475366930145e-01
6.704962565650837147e-01
6.843547253295700905e-01
6.987904152978332561e-01
7.136501263579155818e-01
7.289616336242740191e-01
7.446611054435372523e-01
7.606031128290436927e-01
7.766505565041679215e-01
7.931695056659016085e-01
8.097784511363377291e-01
8.265194844146739328e-01
8.432142497355632482e-01
8.597113231358156638e-01
8.761981718066279567e-01
8.921139667578737997e-01
9.076591953229171672e-01
9.227840673139926508e-01
9.370212651938578663e-01
9.510847724011035620e-01
9.648909743706568509e-01
9.770591126910369573e-01
9.886004989345116289e-01
1.000152065873766816e+00
1.010446822335607120e+00
1.018885448681077888e+00
1.027004736832450860e+00
1.034293057760881762e+00
1.042084515382766474e+00
1.047629046459256585e+00
1.052495640020624457e+00
1.057432573745455962e+00
1.061424999334590780e+00
1.066809335411390336e+00
1.068926788520376148e+00
1.071288046783638093e+00
1.073402659357214572e+00
1.074057035192587994e+00
1.076406585416361139e+00
1.078391860085183840e+00
1.080598349451751927e+00
1.082702073880237092e+00
1.080006516839732145e+00
1.078729230050348820e+00
1.081946997227055673e+00
1.087123190482773838e+00
1.082785916137075422e+00
1.089182394825221056e+00
1.084509038102050571e+00
1.088914697705030799e+00
1.101737102275455182e+00
1.111748254462179286e+00
1.114532907359698122e+00
3.853026498768545409e-03
1.151920599528398315e+00
1.157921143411162923e+00
1.177602484994168197e+00
1.196667255078848857e+00
1.233341893531722855e+00
1.290197540974146628e+00
1.331327028987256300e+00
1.374252138034271153e+00
1.494000480414988674e+00
5.469479316028145632e+00
1.779880609889707532e+00
1.986460280055203143e+00
1.923067988208976731e+00
2.185592681783474323e+00
2.409938167716012547e+00
3.164837156020273934e+00
6.065124041160646406e+00
0.000000000000000000e+00
0.000000000000000000e+00
0.000000000000000000e+00
0.000000000000000000e+00
0.000000000000000000e+00
5.657114067078261144e+00
0.000000000000000000e+00
0.000000000000000000e+00
0.000000000000000000e+00
0.000000000000000000e+00
0.000000000000000000e+00
0.000000000000000000e+00
0.000000000000000000e+00
0.000000000000000000e+00
0.000000000000000000e+00
0.000000000000000000e+00
0.000000000000000000e+00
0.000000000000000000e+00
0.000000000000000000e+00
5.956658100207495643e+00
0.000000000000000000e+00
0.000000000000000000e+00
0.000000000000000000e+00
0.000000000000000000e+00
0.000000000000000000e+00
0.000000000000000000e+00
0.000000000000000000e+00
0.000000000000000000e+00
6.210216099775919929e+00
5.942563543541719007e+00
6.300325234956107856e+00
6.305552278194025639e+00
5.144846494023535222e+00
0.000000000000000000e+00
6.406619558431306594e+00
6.441598503472938830e+00
0.000000000000000000e+00
6.513188390696003971e+00
5.562836812727958602e+00
6.587866697485200262e+00
6.625743252637561476e+00
6.664350164514058150e+00
6.703413525664251971e+00
6.743875147225177891e+00
6.784389290064623879e+00
6.825409157842423191e+00
6.867457184471647658e+00
6.909675805043961283e+00
6.952718117295855649e+00
6.996289906800107872e+00
7.040356654443243656e+00
7.084701065865387726e+00
7.130165335306810626e+00
7.176849364105430062e+00
7.223993088908525095e+00
7.270706626720166099e+00
7.318587485213437382e+00
7.366993192050261818e+00
7.416287681677700583e+00
7.466547821882033809e+00
7.516828848247540051e+00
7.568389592283070400e+00
7.620812141511075666e+00
7.671947690945484233e+00
7.724852578317626062e+00
7.779516058906258635e+00
7.834861203874590174e+00
7.888354375573788602e+00
7.943078199621212754e+00
7.999309169394211771e+00
8.055384101484682091e+00
8.114042482871141715e+00
8.172920062240372374e+00
8.233303440715324939e+00
8.293852603463905737e+00
8.354599646662236978e+00
8.415616912262644078e+00
8.478268618478029595e+00
8.540059114613885782e+00
8.606825941170683336e+00
8.670925337381241604e+00
8.734339725806774979e+00
8.802060831146407693e+00
8.871816834249155903e+00
8.940954169977780808e+00
9.008739855964794430e+00
9.078897969696855696e+00
9.149996026677634120e+00
9.224054950120320839e+00
9.296692456998229659e+00
9.372218277507895934e+00
9.447823203860385988e+00
9.528172544613413564e+00
9.608829685731283377e+00
9.690354846270532008e+00
9.776473182030763098e+00
9.862124240797777830e+00
9.950329817581831549e+00
1.003794382848288436e+01
1.012984197589715762e+01
1.022003627219110200e+01
1.030331893367177543e+01
1.038434688917144832e+01
1.045619504094125318e+01
1.052363765131930862e+01
1.057932647889444588e+01
1.062915938917073966e+01
1.066877346616897348e+01
1.071422344350449052e+01
1.073916717583466252e+01
1.076081521437609645e+01
1.078432650743517485e+01
1.081048256428244692e+01
1.082989119735483108e+01
1.084460711500448227e+01
