5.106869800262062720e-01
5.111448198149403099e-01
5.116301132702946175e-01
5.122998061124427460e-01
5.133193016242085793e-01
5.146676775160480277e-01
5.162940629715122576e-01
5.184148513580391082e-01
5.207642308806070819e-01
5.237864607576087073e-01
5.270352730151633969e-01
5.310107886036302682e-01
5.354341261469741653e-01
5.404114883827741966e-01
5.459248107048417786e-01
5.520683383612586814e-01
5.587796600535737124e-01
5.662285933374689995e-01
5.742609054545677605e-01
5.828812561608516241e-01
1.124532967564895536e+01
6.020384041267929920e-01
6.126366172728331394e-01
6.239731381934696675e-01
6.357627536944476798e-01
6.485068642632569880e-01
6.617157522155732163e-01
6.756682786319131440e-01
6.901354135198061179e-01
7.053174568626429108e-01
7.210906448710062699e-01
7.374603207336946076e-01
7.545810594125405002e-01
7.720764248083086256e-01
7.900036426357498476e-01
8.088211388118916600e-01
8.281097326491135835e-01
8.479158276498375280e-01
8.683960779545879527e-01
8.893991963481878704e-01
9.109415940077796314e-01
9.327727918409659535e-01
9.552474081881580092e-01
9.783193534610569175e-01
1.001495703049575470e+00
1.025438473239538073e+00
1.049918456521322874e+00
1.074696787319787461e+00
1.099765887131971098e+00
1.125654415144986320e+00
1.151668356486918343e+00
1.177951994681371461e+00
1.204728632075684924e+00
1.231647918412897669e+00
1.259422957218584882e+00
1.287401300427578832e+00
1.315751612444712171e+00
1.344460346019971997e+00
1.373435580094185759e+00
1.402427234452883864e+00
1.432439173394969067e+00
1.461905749302032653e+00
1.491719327169877651e+00
1.521862273929396769e+00
1.552194350086739894e+00
1.582288783246891040e+00
1.612437920300853866e+00
1.643298226686966901e+00
1.672769674802810469e+00
1.703672621771648021e+00
1.733699198623730009e+00
1.764049957229702148e+00
1.792902127810731772e+00
1.822558900095575085e+00
1.851136455186435992e+00
1.879686357844621902e+00
1.907138650550102676e+00
1.935275413432495428e+00
1.962744024162135892e+00
1.988370453902146728e+00
2.015592240817338343e+00
2.038728440205186843e+00
2.062616080127170459e+00
2.085215819587092678e+00
2.107631657614361220e+00
2.128553595942181964e+00
2.147985427738234865e+00
2.168279481033025924e+00
2.187539305540945556e+00
2.203587983651698945e+00
2.219015980160001789e+00
2.232354041122374788e+00
2.245694390201149471e+00
2.260716923720904159e+00
2.271189650384844327e+00
2.282073925278364168e+00
2.295365144975941796e+00
2.304357750833377683e+00
2.313069667967994292e+00
2.323084619395614947e+00
2.328885755840392591e+00
2.334239854475315568e+00
2.344096389201752118e+00
2.349883506083050744e+00
2.350108822016049537e+00
2.354290356028990949e+00
2.359470249426192101e+00
2.362173613709245501e+00
2.365057282261900262e+00
2.367648363819313317e+00
2.372859448887266520e+00
2.371755352402659334e+00
2.372441514596859591e+00
2.382376126316595677e+00
2.390999783674970125e+00
2.386426226223934410e+00
2.393470740404593844e+00
2.385657039723687589e+00
2.392598332796403326e+00
2.398483040088488227e+00
2.395512559278135889e+00
2.396341057015552778e+00
2.399518550321207311e+00
2.397474176408751045e+00
2.397450218363554431e+00
2.404516004098875559e+00
2.402934588705570640e+00
2.405757878156624230e+00
1.178616606842438230e+01
2.404620747364397904e+00
2.449362765749179438e+00
1.183016569611820934e+01
2.445258120291548654e+00
2.480078466454674224e+00
1.187736487964786747e+01
2.515756223700445826e+00
2.537600084226253827e+00
1.192732318222369337e+01
1.194430799448775282e+01
1.196167992216284048e+01
1.197977774670987650e+01
1.199792231531812625e+01
1.201669844214502980e+01
1.203538258705864195e+01
1.205475550203621893e+01
1.207427289640859769e+01
1.209374455608790733e+01
1.211393189626457634e+01
1.213451171308454235e+01
1.215547535449917405e+01
1.217656849706223454e+01
1.219862764129898380e+01
1.222010635082416918e+01
1.224249120092453680e+01
1.226487165870096163e+01
1.228809715015966475e+01
1.231166647766823452e+01
1.233541588106286646e+01
1.235983543416472052e+01
1.238477484049212407e+01
1.240872023530287649e+01
1.243487838381765798e+01
1.246050778930276870e+01
1.248740021355136953e+01
1.251331045209594883e+01
1.254003682504337291e+01
1.256742318037050588e+01
1.259459712794897968e+01
1.262324192740118001e+01
1.265199191928955358e+01
1.268134204837732781e+01
1.271118696448248464e+01
1.274131821868052050e+01
1.277181985239369943e+01
1.280259503596674087e+01
1.283383860686073419e+01
1.286620168456107649e+01
1.289868612254758595e+01
1.293078988504529825e+01
1.296487307933503885e+01
1.299926584950860331e+01
1.303338921010949392e+01
1.306795788434747152e+01
1.310303585150985306e+01
1.313866894616154291e+01
1.317672233015162497e+01
1.321298395980277540e+01
1.325044421638107295e+01
1.328800593604249336e+01
1.332783627038068452e+01
1.336738764159855108e+01
1.340779951374601175e+01
1.345067967112957241e+01
1.349314797878387928e+01
1.353655812192397612e+01
1.358021760155723534e+01
1.362309161556262005e+01
1.366347012270255057e+01
1.370064797485066954e+01
1.373530275791957855e+01
1.376384740048691668e+01
1.378835516509324322e+01
1.380819372926377042e+01
1.382524133853433312e+01
1.383806594854661220e+01
1.384972447271120366e+01
1.385692975863551446e+01
1.386321438275017393e+01
1.386833484003246220e+01
1.387461604526024139e+01
1.387984642468060059e+01
1.388276410624727220e+01
1.388962504325243152e+01
1.389531328433091240e+01
1.389750617372856389e+01
