5.043389672509397403e-01
5.045472483438296907e-01
5.051968298024211990e-01
5.060524146607542351e-01
5.074663728596034984e-01
5.091267710410475322e-01
5.113900134835823730e-01
5.141596370663846782e-01
5.174453352960933783e-01
5.213588713658482421e-01
5.259165474049934952e-01
5.312012574015863020e-01
5.370634477940985363e-01
5.436320825270666290e-01
5.507223244048121691e-01
5.584224963893930083e-01
5.666562505895897939e-01
5.753767025218053943e-01
5.847184963224857368e-01
5.941464339702307029e-01
6.032263535664353915e-01
6.126937182828824380e-01
6.222456426077883629e-01
6.313690185003454358e-01
6.400282223201679832e-01
6.479144083267277532e-01
6.557107815294561659e-01
6.628698874931642226e-01
6.690421923496566725e-01
6.742939232864076926e-01
6.793937028867801375e-01
6.843009641179886859e-01
6.875572001632374031e-01
6.906439074680781331e-01
6.924770829589206311e-01
6.950806755835265971e-01
6.969532942866283332e-01
6.986790825088995405e-01
7.004517511948314956e-01
7.030807550417618179e-01
7.032188002918424719e-01
7.037211725207889179e-01
7.039795455363045962e-01
7.079334404361290467e-01
7.082354454801894628e-01
7.110549231938236847e-01
7.182098228757231029e-01
7.211862684145028402e-01
7.373377396634350767e-01
7.694372915765912424e-01
7.964898798166804017e-01
8.572271093526176999e-01
9.356682309772340611e-01
9.669597777760723378e-01
1.056072347935095523e+00
1.272577556243387198e+00
1.930176001959445831e+00
2.541442318398827727e+00
0.000000000000000000e+00
3.994064146144305383e+00
0.000000000000000000e+00
0.000000000000000000e+00
0.000000000000000000e+00
0.000000000000000000e+00
0.000000000000000000e+00
0.000000000000000000e+00
0.000000000000000000e+00
0.000000000000000000e+00
0.000000000000000000e+00
0.000000000000000000e+00
0.000000000000000000e+00
0.000000000000000000e+00
0.000000000000000000e+00
0.000000000000000000e+00
0.000000000000000000e+00
0.000000000000000000e+00
0.000000000000000000e+00
0.000000000000000000e+00
0.000000000000000000e+00
4.476656841336378534e+00
4.379723207584182987e+00
4.755190532061237541e+00
0.000000000000000000e+00
3.243524769296659116e+00
0.000000000000000000e+00
0.000000000000000000e+00
0.000000000000000000e+00
0.000000000000000000e+00
4.476781261399120027e+00
4.353483173499037129e+00
3.337630944269390998e+00
2.726457611111857027e+00
3.539653721045465939e+00
2.734598295623538622e+00
3.436786585436027330e+00
0.000000000000000000e+00
0.000000000000000000e+00
5.040990531035259181e+00
5.131305222418178325e+00
5.191835174355778904e+00
5.253850575397362554e+00
5.318435027647045565e+00
5.382848759977105324e+00
5.449914935707422359e+00
5.518659459074476636e+00
5.590006669100190173e+00
5.663779897266307373e+00
5.740975853286411912e+00
5.819626472059331590e+00
5.894147313561563628e+00
5.961529847914921021e+00
6.018600930998036169e+00
6.062038966693592990e+00
6.095630203507191425e+00
6.120437376981089805e+00
6.142105328279997778e+00
