4.774207621018105030e-01
4.777464651552101871e-01
4.783785105994551867e-01
4.795413670017872332e-01
4.811938457687172099e-01
4.832634088293744079e-01
4.857931228256308631e-01
4.889333935975605505e-01
4.926566419782665851e-01
4.968388747241804793e-01
5.010985591102947723e-01
5.057766785321191616e-01
5.103874038583240402e-01
5.151839700138040046e-01
5.193745147368810100e-01
5.233490886065214065e-01
5.266523032979258945e-01
5.294186190638653366e-01
5.324166119452912183e-01
5.344607267232098780e-01
5.359486429200543967e-01
5.371606733660935218e-01
5.394231213965378080e-01
5.396433256113001287e-01
5.416612325610925538e-01
5.461214572845438653e-01
5.533745718960239035e-01
5.719332248798452145e-01
5.945443977824694803e-01
6.264399352722347381e-01
6.974007846278934553e-01
8.283392597029618498e-01
1.116780361737771177e+00
3.003770763664595389e+00
3.033808471301241205e+00
3.064146556014253786e+00
2.834334622596393238e+00
2.898651183137746390e+00
2.932818520027798748e+00
2.969970083072979161e+00
3.010189989481150352e+00
3.054789865192911513e+00
3.104971455777219003e+00
3.153839588565934715e+00
3.183958969008196416e+00
3.196968359012350103e+00
3.204630438270060111e+00
3.212207418689986937e+00
3.244329492876886878e+00
