4.784507730597097330e-01
4.784983767518196096e-01
4.787034051549315383e-01
4.791954638355239160e-01
4.797195248031965176e-01
4.803053462277397379e-01
4.808979500252949513e-01
4.817557820157858384e-01
4.829816152817056341e-01
4.841203418775307799e-01
4.853675568730597689e-01
4.871517373980088772e-01
4.890870063162443548e-01
4.907238169621120916e-01
4.932200805482710448e-01
4.953102718403200044e-01
4.977468347139037408e-01
4.997655425599886181e-01
5.024779075871550482e-01
5.052361188534796321e-01
5.073898481999707943e-01
5.099277130553887538e-01
5.123796525203707652e-01
5.150570746037728131e-01
5.173314622929149342e-01
5.192519979762875160e-01
5.212784973309387837e-01
5.232619023142176529e-01
5.253720109479753653e-01
5.269184563805802135e-01
5.285467463439668112e-01
5.300135891605347593e-01
5.308653719854509179e-01
5.322401055489460742e-01
5.324467163000401460e-01
5.343905376411833830e-01
5.346874714047197275e-01
5.340914720936473792e-01
5.347642282288209703e-01
5.363614832692298329e-01
5.371509014915525348e-01
5.387485805297881347e-01
5.375583096497853486e-01
5.390352873496552233e-01
5.394407033256697348e-01
5.407979485881635462e-01
5.433465622805980777e-01
5.499028006406451174e-01
5.499852843616320763e-01
5.547234370928789682e-01
5.619079835237646980e-01
5.702419603110754354e-01
5.778537100821554695e-01
5.931317877412610740e-01
6.045866947314305628e-01
6.279899799051128495e-01
6.401110568534538192e-01
6.986987999239943070e-01
7.675106639919609952e-01
8.256939766725353014e-01
1.059477762584730032e+00
1.260089866938249870e+00
2.158540986623296298e+00
2.252709157908288518e+00
2.084309127833735342e+00
0.000000000000000000e+00
0.000000000000000000e+00
0.000000000000000000e+00
0.000000000000000000e+00
0.000000000000000000e+00
0.000000000000000000e+00
0.000000000000000000e+00
0.000000000000000000e+00
0.000000000000000000e+00
0.000000000000000000e+00
0.000000000000000000e+00
0.000000000000000000e+00
0.000000000000000000e+00
0.000000000000000000e+00
0.000000000000000000e+00
0.000000000000000000e+00
0.000000000000000000e+00
0.000000000000000000e+00
2.262831859812312718e+00
0.000000000000000000e+00
3.604144408912015152e+00
0.000000000000000000e+00
0.000000000000000000e+00
2.936246417742193859e+00
0.000000000000000000e+00
2.805018002804628541e+00
0.000000000000000000e+00
3.458241748158357609e+00
0.000000000000000000e+00
0.000000000000000000e+00
0.000000000000000000e+00
0.000000000000000000e+00
0.000000000000000000e+00
0.000000000000000000e+00
0.000000000000000000e+00
0.000000000000000000e+00
0.000000000000000000e+00
0.000000000000000000e+00
0.000000000000000000e+00
0.000000000000000000e+00
0.000000000000000000e+00
0.000000000000000000e+00
0.000000000000000000e+00
0.000000000000000000e+00
0.000000000000000000e+00
0.000000000000000000e+00
0.000000000000000000e+00
0.000000000000000000e+00
0.000000000000000000e+00
2.206189883302502430e+00
1.999789047853823831e+00
3.562926694749597001e+00
0.000000000000000000e+00
0.000000000000000000e+00
3.176716216242511770e+00
0.000000000000000000e+00
2.009452989873816264e+00
1.532742313702615933e+00
1.717511849382006295e+00
1.593144725020669172e+00
2.125286333400247418e+00
2.773099665156961269e+00
2.804475386012195592e+00
2.215677148677368979e+00
2.046983220813185067e+00
1.684059965459243191e+00
2.554058641940313290e+00
1.612742339921298340e+00
1.377174620693639495e+00
1.363781762361786942e+00
1.318390180748597151e+00
1.829570876242079702e+00
1.542587387270169419e+00
2.295064940039923229e+00
0.000000000000000000e+00
3.395105268282482047e+00
0.000000000000000000e+00
0.000000000000000000e+00
0.000000000000000000e+00
3.243142806889929286e+00
2.631199171329657194e+00
1.742975354274187261e+00
2.631747041684249222e+00
3.255265277957940295e+00
1.769213127450349310e+00
1.485595322801674278e+00
0.000000000000000000e+00
2.710808761141449530e+00
1.903754501952731992e+00
2.536736615701660202e+00
1.660345851020385233e+00
0.000000000000000000e+00
0.000000000000000000e+00
2.713160297736997961e+00
0.000000000000000000e+00
2.063644973322269482e+00
0.000000000000000000e+00
0.000000000000000000e+00
0.000000000000000000e+00
0.000000000000000000e+00
1.568221281998172012e+00
3.135696901680166349e+00
0.000000000000000000e+00
0.000000000000000000e+00
3.110176337723827622e+00
0.000000000000000000e+00
2.971385484410317357e+00
2.853203323711547279e-01
1.371572805839965215e+00
9.771703754780043383e-01
1.277714649986525286e+00
1.807479799111396446e+00
2.444623144184007391e+00
0.000000000000000000e+00
0.000000000000000000e+00
1.678860925117714897e+00
2.017432231476339322e+00
6.939182315540426416e+00
2.931185775582759057e+00
2.633994765018270456e+00
0.000000000000000000e+00
1.411902664593738477e+00
7.227070196706956828e+00
1.278069778457978867e+00
1.651507833747038134e+00
1.260136223263907285e+00
0.000000000000000000e+00
0.000000000000000000e+00
0.000000000000000000e+00
7.647914586846677132e+00
0.000000000000000000e+00
7.772606968765518154e+00
0.000000000000000000e+00
0.000000000000000000e+00
0.000000000000000000e+00
0.000000000000000000e+00
8.088093791200712701e+00
8.153819147769969078e+00
0.000000000000000000e+00
1.025636282519365450e+00
8.349656848056762115e+00
8.416001535814606527e+00
0.000000000000000000e+00
8.552241286026196931e+00
1.730492899204815416e+00
8.694351801997544982e+00
8.765828951108007416e+00
8.835850507947045074e+00
1.149706797956566051e+00
9.346544131886401763e-01
8.930345353322580726e-01
9.122330794539372789e+00
9.200946624298316223e+00
9.279443988580398539e+00
9.354063781061666916e+00
9.431497326397245473e+00
9.509312151859999673e+00
9.583496137031735529e+00
9.660928707408460880e+00
9.747182372665980310e+00
9.830100156600197536e+00
9.913707633813048758e+00
9.999573808169374800e+00
1.007954130402845294e+01
1.016715465114230810e+01
1.025413294443218071e+01
1.034109365851586837e+01
1.043546878083826357e+01
1.052901879728753798e+01
1.062485552247532183e+01
1.071816310291837482e+01
1.081056995390869169e+01
1.091524113526212680e+01
1.101862367344346083e+01
1.112363055513170096e+01
1.122452931984081559e+01
1.133970411835689163e+01
1.145260997015205007e+01
1.156552484414386228e+01
1.168283953990921731e+01
1.179282366143553773e+01
1.192118689937648313e+01
1.206224994328919209e+01
1.218077722079536862e+01
1.229086286183085797e+01
1.241863056604637983e+01
1.253877659218849416e+01
1.265658524865074597e+01
1.275381023153504501e+01
1.284669056175575719e+01
1.293724466516291827e+01
1.301835680465203282e+01
1.307804131845700724e+01
1.314381991347904055e+01
1.320728879756691043e+01
