5.080731960884266041e-01
5.083693751644932091e-01
5.087797068473156603e-01
5.093253084588744706e-01
5.102274924330481021e-01
5.112224699111496129e-01
5.124943250398574790e-01
5.140121076979832226e-01
5.159296921652224421e-01
5.179432028070972693e-01
5.204955663583538117e-01
5.232914515041451331e-01
5.265038450021795047e-01
5.299950219101965398e-01
5.339034923489226481e-01
5.382654135087794334e-01
5.430411681611804209e-01
5.480679681089070110e-01
5.534272387489780343e-01
5.593983657415884103e-01
5.658929925714547560e-01
5.727264503215283575e-01
5.801734856904154913e-01
5.879059721848315379e-01
5.959494977414152572e-01
6.045520624216812466e-01
6.137938533808696695e-01
6.230901529457512078e-01
6.329031323343518034e-01
6.434643560227795156e-01
6.539521984166560831e-01
6.651020363821409376e-01
6.761899352840171629e-01
6.880399536291630369e-01
7.004083908073304165e-01
7.124702931859985267e-01
7.247560963520339739e-01
7.378270502528727626e-01
7.504143849654574261e-01
7.632643722684762100e-01
7.764546293221058493e-01
7.897079014254100304e-01
7.411635934587943453e-01
8.163669426392379247e-01
8.293160103516751258e-01
8.421529038737450845e-01
8.548163777481175840e-01
4.788414714185543097e+00
8.792438909580292394e-01
8.899029533588297403e-01
8.995530533292279696e-01
9.100184369064995282e-01
9.208611553595378307e-01
9.307363204660989986e-01
9.399733588613425894e-01
9.469087580945771965e-01
9.532417221290276910e-01
9.619142524464396882e-01
9.677053942133480025e-01
9.744773479820005857e-01
9.806719225478679469e-01
9.851786324074364165e-01
9.909357518743824311e-01
9.939840113257879528e-01
9.972878640661777538e-01
9.968908044176965078e-01
1.002387452176242810e+00
9.989892378202867018e-01
1.001611693128421576e+00
1.001144517341084006e+00
1.006087255387449142e+00
1.003481570564625169e+00
3.222135653905184877e-03
1.014475547103278474e+00
1.007514648749167741e+00
1.010201289883080777e+00
1.014380224310241330e+00
4.865117447610830759e+00
1.013520139304171952e+00
1.007678039565475636e+00
1.009080959731004201e+00
1.016482531734657302e+00
1.017697822628738979e+00
4.893766377731260775e+00
1.018094994102786810e+00
1.030493170275607273e+00
1.035307053425041257e+00
1.032805263291545872e+00
1.041663604198787008e+00
1.047855355231834373e+00
1.044813830359936135e+00
1.069709098451662843e+00
1.033458822993840842e+00
1.094517984268882804e+00
1.185375929598068145e+00
1.240242271960179554e+00
1.117417539362858259e+00
1.130491988562646544e+00
1.206154178629901264e+00
5.002717961958250470e+00
1.447688175461850912e+00
5.020588416859831149e+00
5.030062226408805515e+00
1.878714957421258269e+00
1.676201589801406433e+00
5.059641990367035547e+00
2.532774619493523005e+00
0.000000000000000000e+00
0.000000000000000000e+00
0.000000000000000000e+00
5.114860675035784787e+00
5.126712041290742761e+00
0.000000000000000000e+00
0.000000000000000000e+00
5.164165564999610325e+00
5.177267251410819782e+00
0.000000000000000000e+00
0.000000000000000000e+00
