4.786585351700863300e-01
4.793131736515939822e-01
4.806361693072796482e-01
4.827784545531302873e-01
4.858433259408408422e-01
4.900278001978468079e-01
4.951529258269641298e-01
5.013310167731646061e-01
5.078420227306492674e-01
5.145689618396218634e-01
5.212543571715133606e-01
5.274673971572051423e-01
5.320746354287572144e-01
5.353431170252197502e-01
5.379459167306706036e-01
5.399089202689486555e-01
5.422870724051831459e-01
5.448587791953004578e-01
5.483472378667666458e-01
5.581264971273053321e-01
5.974053029218902022e-01
6.091679319033446172e-01
