5.057497488898877736e-01
5.064891694799731336e-01
5.077035972097939664e-01
5.096892346094020754e-01
5.125518841418748028e-01
5.165533558249436608e-01
5.217404820637828733e-01
5.284153461028244791e-01
5.366803065335120637e-01
5.466825770484960989e-01
5.583676059424564908e-01
5.720241933434926374e-01
5.875477563226649824e-01
6.049354769819713651e-01
6.243686030893883521e-01
6.457658276160349597e-01
6.688863667410964720e-01
6.938703847522873502e-01
7.204724805707145574e-01
7.485480035621808748e-01
7.774577248536537200e-01
8.071660202606867340e-01
8.370975684588560783e-01
8.668384561897739538e-01
8.961515066108176608e-01
9.241831518147025637e-01
9.504416662463477383e-01
9.737778043259812666e-01
9.942714812741807462e-01
1.013054102125021005e+00
1.029082821739244702e+00
1.041328192167185751e+00
1.051876173174082885e+00
1.060006705812526207e+00
1.065916737968411576e+00
1.072877936598554793e+00
1.076039847932913407e+00
1.078471735665015974e+00
1.082070187947902218e+00
1.086604124341485678e+00
1.097470165584900625e+00
1.108444867240749643e+00
1.119529315913157186e+00
1.130724609072288667e+00
1.142031855163011533e+00
1.153452173714641704e+00
1.164986695451788234e+00
1.176636562406306208e+00
1.188402928030369177e+00
