5.102359142661082592e-01
5.105079108508797647e-01
5.110081144378625373e-01
5.116303463775077054e-01
5.125131449632804870e-01
5.136109780193703900e-01
5.149169891919114228e-01
5.167486037644218877e-01
5.187830966735436089e-01
5.211718305302845966e-01
5.239892314021518116e-01
5.273577749483593369e-01
5.310238592274952873e-01
5.350881248786477640e-01
5.398304574742518458e-01
5.448517287039681412e-01
5.505139431681295159e-01
5.564758100434241683e-01
5.631142474822825594e-01
5.703064406159287225e-01
5.777825108175439484e-01
5.859206417671628531e-01
5.945233994070646677e-01
6.038157135659598662e-01
6.134355266366398052e-01
6.234034163092028180e-01
6.339700643675689751e-01
6.448262571413592159e-01
6.565540250849835058e-01
6.683489299357758817e-01
6.804097829007519360e-01
6.930200920939516562e-01
7.057912148449770884e-01
7.187500517279232781e-01
7.322254703968826828e-01
7.453207027335921886e-01
7.588024607351370188e-01
7.722245823028104361e-01
7.854214469881867222e-01
7.990251675578784463e-01
8.115273936985136771e-01
8.244584908313962179e-01
8.365990089099452076e-01
8.489537098411110705e-01
8.598738395489730069e-01
8.703221112833549045e-01
8.803959847445116393e-01
8.901207941284634551e-01
8.990299672747068538e-01
9.079688020661694781e-01
9.159211850395602150e-01
9.224042653676119974e-01
9.293052155045367080e-01
9.352757351776256334e-01
9.398348531513234239e-01
9.450997355239924014e-01
9.479835786832024880e-01
9.524619290395615057e-01
9.563054945003770513e-01
9.586752076126764388e-01
9.611873532963649547e-01
9.622863248128346036e-01
9.656266360211629429e-01
9.672872156722568393e-01
9.671230490485158704e-01
9.693617288878964011e-01
9.706871285106166702e-01
9.700647574329632761e-01
9.705261827779186889e-01
9.707416508044234282e-01
9.720090836592588657e-01
9.792583514990398363e-01
9.730848997037030434e-01
9.766871153631327962e-01
9.793579827409444327e-01
9.890741203849533481e-01
9.963229825459419819e-01
9.979127855043115058e-01
1.000467378736955792e+00
1.003656460693832964e+00
1.008809650008051673e+00
1.020862127801326569e+00
1.027579605452229927e+00
1.027013114803395188e+00
1.070763567387246207e+00
1.077332270937537695e+00
1.093937470192515304e+00
1.218305585713434835e+00
1.234375073657705268e+00
1.332739049868086667e+00
1.357174911696641173e+00
1.454958700968059571e+00
1.667406880602755992e+00
1.827024406597251405e+00
1.758454416281982624e+00
2.430825028357985307e+00
3.352527912086445294e+00
2.872885223355746920e+00
0.000000000000000000e+00
5.167327046883964492e+00
0.000000000000000000e+00
0.000000000000000000e+00
0.000000000000000000e+00
0.000000000000000000e+00
0.000000000000000000e+00
0.000000000000000000e+00
0.000000000000000000e+00
0.000000000000000000e+00
0.000000000000000000e+00
0.000000000000000000e+00
0.000000000000000000e+00
0.000000000000000000e+00
0.000000000000000000e+00
0.000000000000000000e+00
0.000000000000000000e+00
0.000000000000000000e+00
0.000000000000000000e+00
0.000000000000000000e+00
0.000000000000000000e+00
0.000000000000000000e+00
0.000000000000000000e+00
0.000000000000000000e+00
0.000000000000000000e+00
0.000000000000000000e+00
0.000000000000000000e+00
6.405511640708632548e+00
5.003117611266723053e+00
0.000000000000000000e+00
0.000000000000000000e+00
5.556552984022529174e+00
0.000000000000000000e+00
3.477413382217199089e+00
3.453622698908675570e+00
3.986279575258000918e+00
4.677011738716673861e+00
0.000000000000000000e+00
0.000000000000000000e+00
0.000000000000000000e+00
0.000000000000000000e+00
0.000000000000000000e+00
0.000000000000000000e+00
0.000000000000000000e+00
0.000000000000000000e+00
0.000000000000000000e+00
6.086501743280254395e+00
0.000000000000000000e+00
0.000000000000000000e+00
0.000000000000000000e+00
0.000000000000000000e+00
4.430508140689986440e+00
5.337526696410905380e+00
5.589909568859106059e+00
3.425302318007341640e+00
3.411986015328992927e+00
6.416184146097849705e+00
6.454603226970252017e+00
6.494547604025528997e+00
6.534717289593011458e+00
6.574336106343481312e+00
6.614838789657545348e+00
6.657121674994940896e+00
6.698811657265757447e+00
6.740631746861985185e+00
6.783128233450920419e+00
6.826093809687691305e+00
6.869585960299859018e+00
6.913123835130320138e+00
6.958060860234047240e+00
7.001643334614569447e+00
7.047914208775118539e+00
7.093226249221224577e+00
7.138853224225806926e+00
7.184221437959460665e+00
7.231358332160293223e+00
7.277753526599083145e+00
7.325576706459980159e+00
7.372777539143836378e+00
7.421570520422253736e+00
7.469377925086363668e+00
7.520155327111940124e+00
7.571101348040439660e+00
7.622062510362372478e+00
7.672353430891461379e+00
7.723439534536599815e+00
7.773885313508064776e+00
7.826884238558387885e+00
7.879821859370615300e+00
7.932155104382969668e+00
7.983711129690456154e+00
8.038252815556619524e+00
8.093934941801187222e+00
8.148167820774769865e+00
8.204057778392376932e+00
8.260130196669180691e+00
8.316926096182372774e+00
8.374415744891090085e+00
8.432234210197554702e+00
8.491330521084783811e+00
8.546029189200064380e+00
8.603337467207499145e+00
8.664841197165362274e+00
8.725976926962331959e+00
8.787016648783168904e+00
8.846702690866885987e+00
8.910470811881314290e+00
8.971709743983439012e+00
9.034306679613326452e+00
9.099317078965087902e+00
9.163114917608769616e+00
9.231644954654594670e+00
9.297922952036829614e+00
9.365967853247514796e+00
9.433082529705693275e+00
9.501844431956770975e+00
9.571986789408878593e+00
9.638192150246929657e+00
9.707968899411273611e+00
9.781012604694748092e+00
9.854422049098692682e+00
9.925905916159083020e+00
1.000111604678546406e+01
1.007661829531915565e+01
1.014956338714804218e+01
1.022536201653588783e+01
1.030812160252183673e+01
1.038946835415291048e+01
1.047183141094729031e+01
1.055530030657126872e+01
1.063454485787491066e+01
1.072084468829304349e+01
0.000000000000000000e+00
1.089317053835683957e+01
1.098589877709492590e+01
1.108697778798542544e+01
1.119781920042182932e+01
1.128918282812479212e+01
1.138141765425087115e+01
1.148403480765646023e+01
1.158464872508187860e+01
1.168848903339570278e+01
1.178866603711298211e+01
1.190239754524747084e+01
1.201401691237715319e+01
1.212683799726134026e+01
1.224552011370956528e+01
1.235596853247953497e+01
1.248303698381937821e+01
1.261959381188419016e+01
1.273761584146401304e+01
1.284820736810972086e+01
1.297785058489628973e+01
1.309409179199010254e+01
1.320731830128803530e+01
1.330173188714344512e+01
1.339045784054687438e+01
1.347320138437636139e+01
1.355074701271734128e+01
1.361241497545604240e+01
1.367193202649190020e+01
1.373184502050693645e+01
