4.785410543018565055e-01
4.792111907296815465e-01
4.805022339120941788e-01
4.826453368700704405e-01
4.858327079176428254e-01
4.898628041340928885e-01
4.949033059888598429e-01
5.009638215966092378e-01
5.074997424681260139e-01
5.144074932193134497e-01
5.208209292000143265e-01
5.268001272996921669e-01
5.311601644780538090e-01
5.345374455998350705e-01
5.363312154754029670e-01
5.387034137858208727e-01
5.417502137489814684e-01
5.443065783495886212e-01
5.512819971422135978e-01
5.571257938927487441e-01
5.890247398564402159e-01
5.859045294745017785e-01
