4.784632655148196023e-01
4.787839152630613548e-01
4.788954045969679441e-01
4.792221824316726941e-01
4.797412150379725682e-01
4.805059608474196997e-01
4.813271366115369210e-01
4.825120544700226555e-01
4.835152885354956354e-01
4.853185484003267880e-01
4.866019095642918346e-01
4.888220163895063419e-01
4.907629071812230626e-01
4.929653043970841364e-01
4.952786133316726125e-01
4.975200774333662368e-01
5.003045290583170157e-01
5.030600272242244930e-01
5.056747050547042432e-01
5.083341107909966627e-01
5.107979487409195496e-01
5.137807480835132612e-01
5.162698219792317689e-01
5.186460275439228607e-01
5.206359469968933062e-01
5.227277759386469436e-01
5.247323688958457355e-01
5.261094521919228439e-01
5.285233749065377795e-01
5.298364423748017638e-01
5.302078180143272590e-01
5.324430681589222836e-01
5.329188989706319379e-01
5.341202014777597373e-01
5.348406287956001259e-01
5.361339163349244652e-01
5.363260700902190425e-01
5.381111576249406614e-01
5.368314978713287777e-01
5.369604477174024781e-01
5.362924961708044336e-01
5.353371577957378724e-01
5.381579789496170330e-01
5.389217651447323343e-01
5.450448776702155884e-01
5.520345850832222290e-01
5.519800672443435641e-01
5.667398835137335000e-01
5.764170392151769517e-01
5.779380015389041780e-01
5.998448504195827979e-01
6.334550905491006523e-01
6.743361537812145867e-01
7.357121640169566046e-01
8.386521477421879922e-01
9.056044963567464468e-01
1.010189228055825339e+00
1.359645585371159315e+00
1.917824048013300864e+00
0.000000000000000000e+00
0.000000000000000000e+00
0.000000000000000000e+00
0.000000000000000000e+00
0.000000000000000000e+00
0.000000000000000000e+00
0.000000000000000000e+00
0.000000000000000000e+00
0.000000000000000000e+00
0.000000000000000000e+00
0.000000000000000000e+00
0.000000000000000000e+00
0.000000000000000000e+00
0.000000000000000000e+00
0.000000000000000000e+00
0.000000000000000000e+00
0.000000000000000000e+00
0.000000000000000000e+00
0.000000000000000000e+00
0.000000000000000000e+00
0.000000000000000000e+00
0.000000000000000000e+00
0.000000000000000000e+00
0.000000000000000000e+00
0.000000000000000000e+00
0.000000000000000000e+00
0.000000000000000000e+00
0.000000000000000000e+00
0.000000000000000000e+00
0.000000000000000000e+00
0.000000000000000000e+00
0.000000000000000000e+00
0.000000000000000000e+00
2.618036097614178104e+00
2.667988368334828664e+00
4.425349872775608873e+00
2.389034622812745923e+00
2.548922824055685155e+00
0.000000000000000000e+00
0.000000000000000000e+00
0.000000000000000000e+00
0.000000000000000000e+00
0.000000000000000000e+00
0.000000000000000000e+00
0.000000000000000000e+00
0.000000000000000000e+00
0.000000000000000000e+00
0.000000000000000000e+00
0.000000000000000000e+00
0.000000000000000000e+00
0.000000000000000000e+00
0.000000000000000000e+00
0.000000000000000000e+00
0.000000000000000000e+00
0.000000000000000000e+00
0.000000000000000000e+00
0.000000000000000000e+00
0.000000000000000000e+00
0.000000000000000000e+00
0.000000000000000000e+00
0.000000000000000000e+00
0.000000000000000000e+00
0.000000000000000000e+00
0.000000000000000000e+00
0.000000000000000000e+00
0.000000000000000000e+00
0.000000000000000000e+00
0.000000000000000000e+00
2.565279088283335618e+00
0.000000000000000000e+00
2.025084737246770406e+00
2.585015418799430087e+00
0.000000000000000000e+00
2.118841035841726672e+00
2.120030759656382102e+00
1.718430576420802325e+00
2.151959360506964902e+00
2.292282917383652308e+00
1.505796684122538309e+00
1.754517275673319610e+00
1.629648854431204885e+00
1.601399663466742229e+00
0.000000000000000000e+00
1.686654885246524849e+00
0.000000000000000000e+00
2.472942947550394344e+00
2.803863226950034981e+00
0.000000000000000000e+00
5.010192902502336842e+00
0.000000000000000000e+00
0.000000000000000000e+00
1.244366629704872773e+00
2.183398814787140818e+00
1.490755939188992407e+00
1.604183163849260740e+00
0.000000000000000000e+00
1.641882890978342058e+00
0.000000000000000000e+00
0.000000000000000000e+00
0.000000000000000000e+00
1.215169016214728837e+00
0.000000000000000000e+00
0.000000000000000000e+00
0.000000000000000000e+00
0.000000000000000000e+00
0.000000000000000000e+00
0.000000000000000000e+00
0.000000000000000000e+00
0.000000000000000000e+00
0.000000000000000000e+00
0.000000000000000000e+00
1.233228748861459279e+00
7.342104734802622268e+00
7.413030049908160279e+00
7.486652960547928615e+00
7.557147834264987374e+00
7.626370370723713599e+00
7.701547620502660507e+00
7.772777196789298237e+00
7.842746721362298779e+00
7.917800652903243197e+00
7.995178203202918610e+00
8.071840194116726153e+00
8.145571675233675535e+00
8.222352016242140849e+00
8.299686717828752336e+00
8.379507361667847931e+00
8.458512799830995021e+00
8.540214034642552576e+00
8.621547781783629461e+00
8.708313698311204831e+00
8.795302979653969899e+00
8.881922321896288608e+00
8.973804255534101770e+00
9.064527041441049704e+00
9.157649162758506378e+00
9.249721754511904592e+00
9.348150243743029719e+00
9.443869386422347745e+00
9.531821726392204042e+00
9.619767574354785467e+00
9.698206962768248118e+00
9.771557655947145093e+00
9.834133774673608386e+00
9.889283406478860172e+00
9.935426830420265532e+00
9.987803529318370011e+00
1.001709854530899513e+01
