4.933365434997231125e-01
4.936671823735412912e-01
4.938588388863978662e-01
4.943016311132132912e-01
4.949919400472249098e-01
4.959709953456304943e-01
4.971024645294201960e-01
4.986456102390337541e-01
5.001125434315980556e-01
5.023704810001072829e-01
5.042703333095946983e-01
5.070910990944107466e-01
5.098868530042658387e-01
5.129751284858439231e-01
5.162718310775765707e-01
5.196523869268961926e-01
5.236339180374419700e-01
5.276925876888711731e-01
5.318367844104713305e-01
5.359291047979560796e-01
5.398975230681358761e-01
5.444871829097880367e-01
5.486833163528216373e-01
5.527270108864064113e-01
5.565722129796406570e-01
5.604095844059268083e-01
5.643357669475218552e-01
5.674400407492642406e-01
5.711675458787114357e-01
5.740777770275546921e-01
5.758207631427019191e-01
5.789543713174160056e-01
5.802832257509757952e-01
5.825260886171125252e-01
5.840907979959025775e-01
5.860104797665869336e-01
5.865723283623477391e-01
5.887545971557957003e-01
5.888881521611415426e-01
5.893999024393041797e-01
5.884006819695429824e-01
5.878779225368624406e-01
5.899074961814635421e-01
5.903228231455486252e-01
5.927304851518108153e-01
5.964153036271786501e-01
5.952873014414120645e-01
6.008708498976530477e-01
6.037862946909809958e-01
6.018966104777646597e-01
6.093404743687228509e-01
6.153116672300316115e-01
6.249313138535554923e-01
6.444663296777233263e-01
6.765647464658489652e-01
6.900055082304366039e-01
7.223939156787101412e-01
7.906506821679091246e-01
8.668061784321897667e-01
1.035775033868735040e+00
1.152779265023074817e+00
1.216815614945094604e+00
1.816405292744977196e+00
2.642026608601446558e+00
3.125662139189803401e+00
0.000000000000000000e+00
0.000000000000000000e+00
0.000000000000000000e+00
0.000000000000000000e+00
0.000000000000000000e+00
0.000000000000000000e+00
0.000000000000000000e+00
0.000000000000000000e+00
0.000000000000000000e+00
0.000000000000000000e+00
0.000000000000000000e+00
0.000000000000000000e+00
0.000000000000000000e+00
0.000000000000000000e+00
0.000000000000000000e+00
0.000000000000000000e+00
0.000000000000000000e+00
0.000000000000000000e+00
0.000000000000000000e+00
0.000000000000000000e+00
0.000000000000000000e+00
0.000000000000000000e+00
0.000000000000000000e+00
0.000000000000000000e+00
0.000000000000000000e+00
0.000000000000000000e+00
0.000000000000000000e+00
2.732898438221322390e+00
3.559049329328629163e+00
0.000000000000000000e+00
0.000000000000000000e+00
0.000000000000000000e+00
0.000000000000000000e+00
3.423694852805034383e+00
3.710476392849340943e+00
0.000000000000000000e+00
0.000000000000000000e+00
0.000000000000000000e+00
0.000000000000000000e+00
3.860598916848505535e+00
3.735405893779093489e+00
0.000000000000000000e+00
0.000000000000000000e+00
3.156227235713246149e+00
0.000000000000000000e+00
4.131438814296552131e+00
0.000000000000000000e+00
0.000000000000000000e+00
2.616011002266689367e+00
2.523576387363483775e+00
0.000000000000000000e+00
0.000000000000000000e+00
0.000000000000000000e+00
0.000000000000000000e+00
0.000000000000000000e+00
0.000000000000000000e+00
0.000000000000000000e+00
0.000000000000000000e+00
0.000000000000000000e+00
0.000000000000000000e+00
0.000000000000000000e+00
0.000000000000000000e+00
0.000000000000000000e+00
0.000000000000000000e+00
0.000000000000000000e+00
0.000000000000000000e+00
0.000000000000000000e+00
0.000000000000000000e+00
2.570780180499947054e+00
2.136580550173590609e+00
1.959994971787865747e+00
1.846239743405422962e+00
1.390126347203551882e+00
1.582097459748769586e+00
1.780775787248360054e+00
2.299948117983224183e+00
0.000000000000000000e+00
0.000000000000000000e+00
0.000000000000000000e+00
0.000000000000000000e+00
0.000000000000000000e+00
0.000000000000000000e+00
0.000000000000000000e+00
0.000000000000000000e+00
0.000000000000000000e+00
3.207370776228836373e+00
0.000000000000000000e+00
0.000000000000000000e+00
0.000000000000000000e+00
0.000000000000000000e+00
2.348194165052652771e+00
0.000000000000000000e+00
0.000000000000000000e+00
0.000000000000000000e+00
1.668777238794188600e+00
0.000000000000000000e+00
2.221961525017392081e+00
0.000000000000000000e+00
0.000000000000000000e+00
2.193270112858355603e+00
1.879031281305745038e+00
0.000000000000000000e+00
0.000000000000000000e+00
0.000000000000000000e+00
0.000000000000000000e+00
2.376605096538931594e+00
7.405337503129150178e+00
7.473843282573114699e+00
7.542482860422601298e+00
7.615185856063283687e+00
7.690470967354175791e+00
7.765106617826463165e+00
7.835939320921307072e+00
7.905562183565454148e+00
7.980202452338864383e+00
8.057139524164936617e+00
8.133376138250573817e+00
8.206896256133635603e+00
8.283347429967419018e+00
8.360435587095143006e+00
8.439960425314259496e+00
8.518732933032431731e+00
8.600243525135322642e+00
8.681302663452198587e+00
8.767874986640528334e+00
8.854690048954360293e+00
8.941299125676955839e+00
9.033057757492723994e+00
9.123685503923800511e+00
9.216804888277415841e+00
9.308988655928494893e+00
9.407122059953083593e+00
9.502912749385478364e+00
9.590922828190468152e+00
9.678652813132670119e+00
9.757129880639178410e+00
9.830261274710638375e+00
9.892759463800878450e+00
9.947526370187395273e+00
9.993386244292318921e+00
1.004571212392606050e+01
1.007449443403304201e+01
