4.925905757617836667e-01
4.926503610559404556e-01
4.932445056315840071e-01
4.939244210783095834e-01
4.950692158566804002e-01
4.963589499263723614e-01
4.981642658907345922e-01
5.003003390216276269e-01
5.027851416865838363e-01
5.057113245784633504e-01
5.090448184341731519e-01
5.129083923981029303e-01
5.170027050672252322e-01
5.215313707607734939e-01
5.262986316825358779e-01
5.313190008853534430e-01
5.365781748744047341e-01
5.419175577381395437e-01
5.475926821079951656e-01
5.528069487253797210e-01
5.574146669689697964e-01
5.623745244119942033e-01
5.669583298171952945e-01
5.710116880609013013e-01
5.745744346453534046e-01
5.775770070869821193e-01
5.801590574227287744e-01
5.827724996290649662e-01
5.843373962947592259e-01
5.858850988668313775e-01
5.876349523321804380e-01
5.901163612462826391e-01
5.917006531815639514e-01
5.920244303169743816e-01
5.929021916218252253e-01
5.937058277450734112e-01
5.943312472304788097e-01
5.957528395130798904e-01
5.994834746085329069e-01
6.054586103497645588e-01
6.056739720939471328e-01
6.093551668364686202e-01
6.201116176285668136e-01
2.838458662603566829e-01
6.573305140835066229e-01
6.911340736056962308e-01
7.548998272573848034e-01
8.422816647185041861e-01
9.878314933606300308e-01
1.225396080403682308e+00
1.628208186654164225e+00
3.186709651839159108e+00
0.000000000000000000e+00
0.000000000000000000e+00
0.000000000000000000e+00
0.000000000000000000e+00
0.000000000000000000e+00
0.000000000000000000e+00
0.000000000000000000e+00
0.000000000000000000e+00
0.000000000000000000e+00
0.000000000000000000e+00
0.000000000000000000e+00
0.000000000000000000e+00
0.000000000000000000e+00
0.000000000000000000e+00
0.000000000000000000e+00
0.000000000000000000e+00
3.264450697790726164e+00
3.958854273473463969e+00
0.000000000000000000e+00
0.000000000000000000e+00
0.000000000000000000e+00
0.000000000000000000e+00
0.000000000000000000e+00
0.000000000000000000e+00
0.000000000000000000e+00
0.000000000000000000e+00
0.000000000000000000e+00
4.073535679030384493e+00
2.489292105134953470e+00
3.230914948321587321e+00
0.000000000000000000e+00
2.454603410103526340e+00
0.000000000000000000e+00
0.000000000000000000e+00
0.000000000000000000e+00
0.000000000000000000e+00
0.000000000000000000e+00
0.000000000000000000e+00
2.343453959214610194e+00
2.364807690328527556e+00
2.470334968636856754e+00
2.443875182481436426e+00
3.549924619301766171e+00
4.671312584769616194e+00
4.753313452778215265e+00
4.816012516812070210e+00
4.878796413100481288e+00
4.943606600599055767e+00
5.009832722502863156e+00
5.078694641237437857e+00
5.147028791005506143e+00
5.218104213072424002e+00
5.290755766567685647e+00
5.365918019208454126e+00
5.443458012914466515e+00
5.524535260021234073e+00
5.607061049001463182e+00
5.685389140443275480e+00
5.756486930209944397e+00
5.817076911633249914e+00
5.863481300278720276e+00
5.899490990804440393e+00
5.926392311087967713e+00
5.949875983421835990e+00
