5.085927078172718385e-01
5.089363665175953289e-01
5.093569376810347382e-01
5.099355356433383779e-01
5.108868617528907752e-01
5.121591447353838200e-01
5.136891027306021984e-01
5.157481050244107079e-01
5.179557713394203899e-01
5.208987043923815063e-01
5.239913102520603605e-01
5.278188414249556093e-01
5.320634435489720593e-01
5.367469846072837614e-01
5.419735700896836095e-01
5.476965942416321953e-01
5.539634104114560254e-01
5.609340368507890195e-01
5.682940368018948307e-01
5.760888265231752792e-01
5.840936310916911012e-01
5.931059008463741566e-01
6.022429627409449093e-01
6.118987349417397414e-01
6.217200663396713622e-01
6.321594563768543340e-01
6.426370822537702532e-01
6.532528140803514072e-01
6.639604845550518553e-01
6.747820652131010233e-01
6.852813692450699934e-01
6.957585529554830561e-01
7.057767361402814688e-01
7.155254251661801179e-01
7.247820341957339485e-01
7.337897697065068892e-01
7.420924869006237934e-01
7.499245386792444679e-01
7.575457414149020519e-01
7.643240685757862751e-01
7.702830994284528554e-01
7.754421955003970579e-01
7.806134543188405495e-01
7.851584552783861248e-01
7.885560129725122103e-01
7.919867693319546653e-01
7.952691112845177157e-01
7.966557807753392728e-01
7.980697361487402164e-01
7.999960927104848851e-01
8.028124009167063591e-01
8.019270033554477539e-01
8.033522304412589188e-01
8.036495023545927596e-01
8.047015464712804489e-01
8.085084258935427703e-01
8.119183275001541356e-01
1.016017181260917696e-02
8.181118185781384167e-01
8.182890393094431891e-01
8.189651729078656350e-01
8.195543269736750291e-01
8.285524009102887000e-01
8.343816448999791247e-01
8.406539877587355658e-01
8.446748199755019781e-01
8.533792320615589677e-01
8.664349824388170029e-01
8.769777148080296625e-01
9.192267505841423825e-01
9.785015483998542596e-01
1.006636948532289244e+00
1.061500988846690419e+00
1.155671240609186912e+00
1.289883792418939246e+00
1.350067928566106801e+00
1.633588507782729238e+00
2.027204012436311764e+00
2.648359139170556542e+00
2.387212057950115707e+00
3.020629319525569123e+00
3.236912065951099482e+00
0.000000000000000000e+00
0.000000000000000000e+00
0.000000000000000000e+00
0.000000000000000000e+00
0.000000000000000000e+00
0.000000000000000000e+00
0.000000000000000000e+00
0.000000000000000000e+00
0.000000000000000000e+00
0.000000000000000000e+00
0.000000000000000000e+00
0.000000000000000000e+00
0.000000000000000000e+00
0.000000000000000000e+00
0.000000000000000000e+00
0.000000000000000000e+00
0.000000000000000000e+00
0.000000000000000000e+00
4.994143395368903171e+00
3.789166751496067853e+00
0.000000000000000000e+00
0.000000000000000000e+00
0.000000000000000000e+00
0.000000000000000000e+00
0.000000000000000000e+00
3.526267760780301241e+00
0.000000000000000000e+00
0.000000000000000000e+00
0.000000000000000000e+00
0.000000000000000000e+00
0.000000000000000000e+00
0.000000000000000000e+00
0.000000000000000000e+00
0.000000000000000000e+00
0.000000000000000000e+00
3.653274255671869586e+00
4.515812356800488203e+00
0.000000000000000000e+00
4.614016926958284692e+00
3.136581897451879097e+00
3.305370670535028310e+00
5.058289458457903898e+00
3.994977004587481062e+00
5.073151558833602692e+00
0.000000000000000000e+00
0.000000000000000000e+00
0.000000000000000000e+00
0.000000000000000000e+00
5.064632951990980736e+00
0.000000000000000000e+00
0.000000000000000000e+00
5.070396798982713449e+00
0.000000000000000000e+00
0.000000000000000000e+00
0.000000000000000000e+00
0.000000000000000000e+00
0.000000000000000000e+00
0.000000000000000000e+00
0.000000000000000000e+00
0.000000000000000000e+00
0.000000000000000000e+00
3.989452758768617713e+00
3.036432145971241781e+00
3.241165519690242913e+00
3.684729250012363622e+00
4.591003805698099960e+00
4.939950967318341490e+00
0.000000000000000000e+00
0.000000000000000000e+00
0.000000000000000000e+00
6.591373152982233918e+00
6.645804294439460413e+00
6.700592670177366372e+00
6.756155288629675404e+00
6.812760059622434028e+00
6.869119045239239441e+00
6.926891639557100966e+00
6.985600388975342412e+00
7.042484587040008570e+00
7.101163257495956671e+00
7.161727744301519927e+00
7.222894818047127963e+00
7.281734889653407095e+00
7.342219145337514519e+00
7.403827057321556104e+00
7.465107660912435605e+00
7.529368452937228007e+00
7.593534851993248402e+00
7.659376533789763464e+00
7.725219654042666306e+00
7.791002845304993762e+00
7.857026434135230275e+00
7.924731423536259811e+00
7.991240259154198888e+00
8.063321524833350296e+00
8.132097555111286624e+00
8.199888038102580268e+00
8.272387054472671863e+00
8.347275036376545998e+00
8.427451635479890513e+00
8.517111711473186020e+00
8.591332515451480134e+00
8.666473098973851208e+00
8.744261863305931470e+00
8.821089924720824982e+00
8.900613894050993125e+00
8.980060060405875788e+00
9.064791107752869337e+00
9.149617745612159680e+00
9.235074988367649951e+00
9.325175006704430558e+00
9.414352505936786741e+00
9.506175145290933770e+00
9.597337304454354623e+00
9.693865776986019256e+00
9.788127185918517270e+00
9.875196544856171599e+00
9.961067058116308104e+00
1.003764555008207537e+01
1.010871607553536222e+01
1.016876149993703216e+01
1.022194249038148328e+01
1.026611277724229687e+01
1.031556187442906136e+01
1.034318110327178353e+01
