5.095129126418177501e-01
5.097822660333687361e-01
5.102580131674275821e-01
5.108816601685516323e-01
5.117502022375819415e-01
5.128419965375491385e-01
5.141578812866749448e-01
5.159326481953125931e-01
5.179623328150271266e-01
5.203401309205722969e-01
5.230922351624848199e-01
5.264279259401701827e-01
5.300975872521486165e-01
5.340790037483778008e-01
5.387648502759508906e-01
5.436528659793053997e-01
5.492695455159053441e-01
5.550648135147397966e-01
5.615726448357368783e-01
5.685869802617321556e-01
5.758323548281174542e-01
5.837125457762963876e-01
5.919740876902470639e-01
6.008684350538617824e-01
6.100397304342014548e-01
6.193743470104740023e-01
6.292799078961787140e-01
6.393736581666914498e-01
6.500413673422389405e-01
6.607719706342566335e-01
6.715853094711348170e-01
6.828071755349479632e-01
6.938610073898351382e-01
7.048681691435506602e-01
7.161715913509139053e-01
7.268952239187355113e-01
7.377169861306128729e-01
7.483844869662463761e-01
7.583895713430208740e-01
7.687033404366651057e-01
7.775245230528969875e-01
7.867014106566354581e-01
7.949407891045028318e-01
8.036598574442911369e-01
8.102932533369087142e-01
8.165685975384492368e-01
8.221819182252468883e-01
8.275174286340271079e-01
8.324292280548802880e-01
8.376676710955212046e-01
8.418214726772446088e-01
8.447660702009395228e-01
8.485486062490954495e-01
8.512674775625455048e-01
8.528242466756645879e-01
8.552080561097860079e-01
8.560721398445590991e-01
8.586945759915808329e-01
8.608911731392387967e-01
8.615697860377076189e-01
8.621486774074232917e-01
8.615989197981380743e-01
8.638788526769807241e-01
8.625905021706624654e-01
8.627369585742183933e-01
8.653366144118751491e-01
8.655408737638925487e-01
8.681766907889756357e-01
8.678096573972068350e-01
8.702082648374641627e-01
8.724746889488174117e-01
8.832598801456640336e-01
8.782802528159650013e-01
8.868565974461796175e-01
9.033089913885473665e-01
9.310845524987345634e-01
9.451533104745482028e-01
9.460698941429501740e-01
9.689362675281245618e-01
1.023706490589913809e+00
1.048049513734350180e+00
1.153719337569397929e+00
1.154773964373102535e+00
1.301393855450625692e+00
1.412920941357360904e+00
1.490328416143692492e+00
1.443787102879605433e+00
2.057734113856085401e+00
2.246601523623472652e+00
2.868387576801494809e+00
3.940520400819619073e+00
0.000000000000000000e+00
0.000000000000000000e+00
0.000000000000000000e+00
0.000000000000000000e+00
0.000000000000000000e+00
0.000000000000000000e+00
0.000000000000000000e+00
0.000000000000000000e+00
0.000000000000000000e+00
0.000000000000000000e+00
0.000000000000000000e+00
0.000000000000000000e+00
0.000000000000000000e+00
0.000000000000000000e+00
0.000000000000000000e+00
0.000000000000000000e+00
0.000000000000000000e+00
0.000000000000000000e+00
0.000000000000000000e+00
0.000000000000000000e+00
4.956670960380797020e+00
0.000000000000000000e+00
0.000000000000000000e+00
0.000000000000000000e+00
0.000000000000000000e+00
0.000000000000000000e+00
0.000000000000000000e+00
0.000000000000000000e+00
0.000000000000000000e+00
0.000000000000000000e+00
0.000000000000000000e+00
0.000000000000000000e+00
0.000000000000000000e+00
0.000000000000000000e+00
0.000000000000000000e+00
0.000000000000000000e+00
0.000000000000000000e+00
0.000000000000000000e+00
0.000000000000000000e+00
0.000000000000000000e+00
5.402339077493793162e+00
0.000000000000000000e+00
0.000000000000000000e+00
0.000000000000000000e+00
0.000000000000000000e+00
0.000000000000000000e+00
0.000000000000000000e+00
0.000000000000000000e+00
0.000000000000000000e+00
5.682008945359875440e+00
0.000000000000000000e+00
0.000000000000000000e+00
0.000000000000000000e+00
0.000000000000000000e+00
4.323435740306973862e+00
0.000000000000000000e+00
0.000000000000000000e+00
3.661237870155074958e+00
2.944322430497071430e+00
0.000000000000000000e+00
0.000000000000000000e+00
3.378385097327497366e+00
3.734330008618924612e+00
0.000000000000000000e+00
0.000000000000000000e+00
0.000000000000000000e+00
0.000000000000000000e+00
3.481333129882018262e+00
3.934481461743526864e+00
0.000000000000000000e+00
0.000000000000000000e+00
3.834560493686452798e+00
6.512954131283575698e+00
3.203355346881104460e+00
6.604138870201960998e+00
6.649955329769024814e+00
6.697216665017060144e+00
6.742963354202374582e+00
6.791498918187850009e+00
6.838989119690657148e+00
6.886835309826552454e+00
6.934258535339422380e+00
6.983554875869828038e+00
7.032002342610859991e+00
7.081948827246462130e+00
7.131163543371349611e+00
7.181973545300652795e+00
7.231631818468122752e+00
7.284440705322456466e+00
7.337458524163054996e+00
7.390466287586012761e+00
7.442567802447663361e+00
7.495537571396805099e+00
7.547762168791589232e+00
7.602602558382188569e+00
7.657352991222196259e+00
7.711377508932111269e+00
7.764708121189647372e+00
7.820910303990923573e+00
7.878309844487941582e+00
7.934248577396735946e+00
7.991967994065100278e+00
8.049587080006672224e+00
8.108110762020013240e+00
8.167160599880887162e+00
8.226554220539785689e+00
8.287400713243828321e+00
8.343411171993006192e+00
8.402004798976546951e+00
8.465118460193915340e+00
8.527846048612582663e+00
8.590568040060892585e+00
8.651683342376600194e+00
8.717036595726655790e+00
8.779427751035493444e+00
8.843365885364002921e+00
8.910014989094724669e+00
8.975063278839341407e+00
9.045035597746753808e+00
9.112600993956625928e+00
9.181984962066934486e+00
9.250486959662666209e+00
9.320461781347647801e+00
9.392050969116871428e+00
9.459189351988603889e+00
9.530227934572920390e+00
9.604534772138281440e+00
9.679411719927291102e+00
9.752586631553757712e+00
9.828813754037046380e+00
9.905788323417111130e+00
9.979722695979132752e+00
1.005639040117151595e+01
1.014079714780225849e+01
1.022302422417328494e+01
1.030670955596419880e+01
0.000000000000000000e+00
0.000000000000000000e+00
1.055922937338508838e+01
1.064729343709293197e+01
1.074151846041334224e+01
1.084659530674846906e+01
1.094004510796957064e+01
1.103597527042778559e+01
1.112852889990251448e+01
1.122229440574196957e+01
1.132730544700558184e+01
1.142992716683842858e+01
1.153568589042829373e+01
1.163682901684361326e+01
1.175334698768410924e+01
1.186769968500614247e+01
1.198314645764857467e+01
1.210302614530193566e+01
1.221607091932219724e+01
1.234651087168959727e+01
1.248668848185297087e+01
1.260721725777187174e+01
1.271930983293388806e+01
1.285118167429052782e+01
1.297140539312004570e+01
1.308792985340031656e+01
1.318472259561686322e+01
1.327786479448204382e+01
1.336561586355708542e+01
1.344615162672000608e+01
1.350550599404858687e+01
1.356969915703993124e+01
1.363059375202471024e+01
