5.045265141852187663e-01
5.048930038573010703e-01
5.057023668993708698e-01
5.068865995766369537e-01
5.087466961436934998e-01
5.111747971723668016e-01
5.142717709669790693e-01
5.182711402502355735e-01
5.230932501204665908e-01
5.290375140468157600e-01
5.358663918292785322e-01
5.436209875043342965e-01
5.521777697170795474e-01
5.616452969645662208e-01
5.723144068465508827e-01
5.835468963032212075e-01
5.956721486705552904e-01
6.082416828780401463e-01
6.210163636435461765e-01
6.342504753346783763e-01
6.468566056792597330e-01
6.591343242003290248e-01
6.710248791303498050e-01
6.823398004381284743e-01
6.930517681213590464e-01
7.025540207126409475e-01
7.109125660004328440e-01
7.183347172780161216e-01
7.237092682400385613e-01
7.287380236366172159e-01
7.318431733410289963e-01
7.350494848937707548e-01
7.386031419979774970e-01
7.402907370318189129e-01
7.438883716137070223e-01
7.441912861322532713e-01
7.464684337644843515e-01
7.453004541480535705e-01
7.530703281245501035e-01
7.591932894320413405e-01
7.703326779961321424e-01
7.813071978150496477e-01
7.919719513906083863e-01
8.141571702566856583e-01
8.309735957599529987e-01
8.956701331323206894e-01
9.797920151097688768e-01
1.133890638744995849e+00
1.479519708282394763e+00
1.902109610503329051e+00
2.499043002637713951e+00
0.000000000000000000e+00
0.000000000000000000e+00
0.000000000000000000e+00
0.000000000000000000e+00
0.000000000000000000e+00
0.000000000000000000e+00
0.000000000000000000e+00
0.000000000000000000e+00
0.000000000000000000e+00
0.000000000000000000e+00
0.000000000000000000e+00
0.000000000000000000e+00
0.000000000000000000e+00
0.000000000000000000e+00
3.927777030127173941e+00
0.000000000000000000e+00
0.000000000000000000e+00
3.188112921184612869e+00
0.000000000000000000e+00
0.000000000000000000e+00
3.719813544585971243e+00
0.000000000000000000e+00
0.000000000000000000e+00
0.000000000000000000e+00
2.631166846454286556e+00
2.047554241560109123e+00
2.534906719591274005e+00
4.747150610764890644e+00
