5.057056732245925890e-01
5.059613577209564061e-01
5.064048652625442459e-01
5.069356074764896913e-01
5.077922526761199373e-01
5.087775578654794018e-01
5.099461257073402143e-01
5.115874422042451242e-01
5.134678814772155597e-01
5.156329434307217463e-01
5.180892988105325614e-01
5.211515741435098770e-01
5.244900816951835187e-01
5.279248007319579106e-01
5.321742861679442660e-01
5.364814752062524450e-01
5.414616779341629993e-01
5.463436351208180719e-01
5.518679817835137058e-01
5.577708104441860826e-01
5.637120787941948263e-01
5.700296099738948463e-01
5.765585805789610330e-01
5.834881476484923279e-01
5.903292851789668783e-01
5.970787938095284408e-01
6.040529028946336476e-01
6.110408880518001240e-01
6.182352399102504226e-01
6.249860888031593120e-01
6.316442613952280016e-01
6.384936013876568728e-01
6.443847582000366003e-01
6.501445311340247057e-01
6.558363218677931705e-01
6.608935395735290319e-01
6.659927829232156204e-01
6.703565801568547311e-01
6.741499450775779723e-01
6.787742647009782360e-01
6.815379162880796926e-01
6.854320175267371029e-01
6.876609263334603206e-01
6.910298770166181104e-01
6.924037357652406133e-01
6.931553585562071351e-01
6.941658764505543866e-01
6.961342267244340354e-01
6.966826656514416571e-01
6.997635169099915009e-01
6.994387471056071615e-01
7.005928149846863962e-01
7.026009240376922538e-01
7.019560019937564066e-01
7.010301752942709186e-01
7.008913648403636287e-01
7.008967759720812207e-01
7.016145383022595050e-01
7.021365039490206073e-01
7.084488946871162485e-01
7.155887506553940680e-01
7.205305808708346582e-01
7.227202069389780936e-01
7.243120924485419998e-01
7.352070255379981045e-01
7.576648004833259620e-01
7.517170532796537685e-01
7.895850624909089843e-01
8.201758870445295946e-01
8.638132882073265018e-01
9.107826671857836009e-01
9.647122119545288310e-01
1.116839424380183576e+00
1.194012836889877249e+00
1.473259750192104089e+00
1.482999885420792641e+00
2.135054555723422620e+00
2.007846391436494571e+00
2.977146438730350120e+00
0.000000000000000000e+00
0.000000000000000000e+00
0.000000000000000000e+00
0.000000000000000000e+00
0.000000000000000000e+00
0.000000000000000000e+00
0.000000000000000000e+00
0.000000000000000000e+00
3.809198594981860087e+00
0.000000000000000000e+00
0.000000000000000000e+00
0.000000000000000000e+00
0.000000000000000000e+00
0.000000000000000000e+00
0.000000000000000000e+00
0.000000000000000000e+00
0.000000000000000000e+00
0.000000000000000000e+00
0.000000000000000000e+00
0.000000000000000000e+00
0.000000000000000000e+00
0.000000000000000000e+00
0.000000000000000000e+00
0.000000000000000000e+00
0.000000000000000000e+00
0.000000000000000000e+00
0.000000000000000000e+00
0.000000000000000000e+00
0.000000000000000000e+00
0.000000000000000000e+00
0.000000000000000000e+00
0.000000000000000000e+00
0.000000000000000000e+00
0.000000000000000000e+00
0.000000000000000000e+00
0.000000000000000000e+00
0.000000000000000000e+00
0.000000000000000000e+00
0.000000000000000000e+00
0.000000000000000000e+00
0.000000000000000000e+00
0.000000000000000000e+00
0.000000000000000000e+00
0.000000000000000000e+00
0.000000000000000000e+00
0.000000000000000000e+00
0.000000000000000000e+00
0.000000000000000000e+00
0.000000000000000000e+00
3.290655294854291313e+00
0.000000000000000000e+00
0.000000000000000000e+00
0.000000000000000000e+00
0.000000000000000000e+00
0.000000000000000000e+00
0.000000000000000000e+00
0.000000000000000000e+00
0.000000000000000000e+00
0.000000000000000000e+00
2.504587647018297947e+00
0.000000000000000000e+00
0.000000000000000000e+00
3.562337165892205615e+00
3.368873144313584866e+00
4.275533754343576298e+00
0.000000000000000000e+00
0.000000000000000000e+00
0.000000000000000000e+00
2.163279077370558134e+00
2.484226926088348275e+00
4.009622907107966761e+00
0.000000000000000000e+00
0.000000000000000000e+00
0.000000000000000000e+00
0.000000000000000000e+00
0.000000000000000000e+00
0.000000000000000000e+00
3.350951244462362144e+00
0.000000000000000000e+00
4.421638772452179289e+00
4.011399952129101720e+00
2.768501720602370764e+00
0.000000000000000000e+00
0.000000000000000000e+00
0.000000000000000000e+00
0.000000000000000000e+00
0.000000000000000000e+00
0.000000000000000000e+00
4.347968453902669062e+00
0.000000000000000000e+00
0.000000000000000000e+00
6.523903348703716354e+00
0.000000000000000000e+00
0.000000000000000000e+00
0.000000000000000000e+00
0.000000000000000000e+00
6.780329657332000437e+00
3.182561328433591630e+00
6.885329817277823672e+00
6.937259869947520308e+00
6.992603604865129441e+00
4.290887108272639416e+00
7.103657390850344200e+00
7.158041270222128993e+00
7.213222378709420290e+00
7.267630363493910117e+00
7.324852935152708078e+00
7.381810760276196426e+00
7.437915847191157503e+00
7.493254642620091666e+00
7.551452477030279553e+00
7.611008178048590089e+00
7.668959139360781663e+00
7.728600855373008116e+00
7.788275309380055411e+00
7.848625892264927018e+00
7.909592228233968569e+00
7.970789575309210839e+00
8.033616714323992269e+00
8.091149461539353993e+00
8.151382333073220465e+00
8.216232348784579642e+00
8.280761289785209200e+00
8.345245662571814549e+00
8.407621136045184684e+00
8.474667356604628665e+00
8.538556660339603255e+00
8.604117373927447687e+00
8.672364783677807054e+00
8.738793424895950679e+00
8.810375304574014521e+00
8.879298953552025253e+00
8.949995277737151866e+00
9.019479805455750565e+00
9.090927862718627850e+00
9.164051244256752327e+00
9.232112125606438013e+00
0.000000000000000000e+00
9.379663147846869720e+00
9.455396458980317220e+00
9.529613958761983028e+00
1.868722027916787098e+00
9.685045840129971495e+00
9.759661789999103831e+00
9.837207761321650423e+00
9.923222941528329955e+00
1.001189950123030314e+01
1.010161083033933593e+01
1.018730294148017457e+01
1.026764737128926797e+01
1.035566637101799969e+01
1.044384678783811893e+01
1.053151052611113947e+01
1.062654656952156174e+01
1.072070044592317117e+01
1.081790711714404551e+01
1.091150704202156518e+01
1.100562952820516571e+01
1.111152043553964042e+01
1.121550855757753951e+01
1.132178591706082393e+01
1.142459409196422548e+01
1.154214946862499858e+01
1.165769818971761218e+01
1.177282333652734536e+01
1.189353738661735882e+01
1.200577197896971526e+01
1.213642206013744484e+01
1.228058544888732584e+01
1.240249278671180555e+01
1.251444677213463486e+01
1.264731526526712280e+01
1.276895472906254092e+01
1.288857832108165269e+01
1.298744798839571679e+01
1.308332465356247098e+01
1.317147563787336573e+01
1.325479839961532313e+01
1.331650807055836161e+01
1.338400488829503487e+01
1.344639214464251786e+01
