5.107469261754943313e-01
5.110287710495695634e-01
5.115130542939119174e-01
5.120705333605320986e-01
5.128844417074422957e-01
5.138720212796626940e-01
5.152051930810161995e-01
5.166821714526672604e-01
5.185937960024162852e-01
5.206702587856025799e-01
5.231905037298284489e-01
5.260183709159926835e-01
5.292129526355612290e-01
5.326747378763592167e-01
5.365460441085357912e-01
5.409915359364755316e-01
5.457737795052498564e-01
5.508632549715062332e-01
5.563283437857519109e-01
5.623707432748232815e-01
5.688030480451441440e-01
5.756151955994693870e-01
5.831350562784498592e-01
5.909648906667979151e-01
5.990307288213714276e-01
6.077628598940493232e-01
6.170358875091241924e-01
6.265165814045096093e-01
6.363854824888147688e-01
6.468806333722542101e-01
6.576029399013454402e-01
6.686085592850458115e-01
6.800269607525986082e-01
6.919065080536050960e-01
7.041440852645282078e-01
7.163949288447299946e-01
7.286035798030781052e-01
7.415398353978355228e-01
7.542632683077682421e-01
7.670418898309507849e-01
7.799322420548949752e-01
7.930227183492750687e-01
8.059255209517892649e-01
8.190630155628942921e-01
8.315707871420555675e-01
8.443169672129222647e-01
8.565311864054269142e-01
8.681950013738590766e-01
8.799669114800078296e-01
8.910110497969747634e-01
9.010815565787161363e-01
9.111502080991709107e-01
9.208863420233470709e-01
9.303340388836007779e-01
9.398482800657114167e-01
9.465242356865601892e-01
9.532170424242646378e-01
9.605077850692471664e-01
9.668523391785978083e-01
9.725206120573802737e-01
9.776852633879016263e-01
9.828248112544755166e-01
9.868661162500490525e-01
9.912388193700832906e-01
9.948789844193295373e-01
9.956610083501763464e-01
9.988119314971783957e-01
9.991771371223392428e-01
1.001203853873950500e+00
1.000902098452947531e+00
1.002461467721963650e+00
1.004579450611153391e+00
1.004077222837896910e+00
1.009491944463134727e+00
1.007907544987872495e+00
1.009510141887313361e+00
1.006196650652463553e+00
1.009014051646106136e+00
1.013444143556696986e+00
1.017518676869499927e+00
1.014132142047274199e+00
1.015720446325336423e+00
1.020420315933994626e+00
1.019130113762362955e+00
1.019327322781589773e+00
1.024696388890155019e+00
1.033941775189336942e+00
1.035947681440501311e+00
1.044876008003420731e+00
1.043698995246223671e+00
1.065454989386521278e+00
1.091546109539136999e+00
1.092004460916254693e+00
1.117379415986059277e+00
1.124103896619148779e+00
1.161948983471728924e+00
1.164707305376008417e+00
1.248042264346159946e+00
1.313251286514827809e+00
1.483199375368068118e+00
1.534623501019199088e+00
1.694576339323155212e+00
1.595504418904367672e+00
1.687296747813213260e+00
1.845229629120520132e+00
2.254676198986560021e+00
2.680454173809904805e+00
5.107996809197961063e+00
0.000000000000000000e+00
2.953115696977053339e+00
3.020537160489039419e+00
4.296921110743991967e+00
0.000000000000000000e+00
0.000000000000000000e+00
0.000000000000000000e+00
0.000000000000000000e+00
0.000000000000000000e+00
0.000000000000000000e+00
0.000000000000000000e+00
0.000000000000000000e+00
0.000000000000000000e+00
0.000000000000000000e+00
0.000000000000000000e+00
0.000000000000000000e+00
0.000000000000000000e+00
0.000000000000000000e+00
0.000000000000000000e+00
5.760911743064697887e+00
0.000000000000000000e+00
0.000000000000000000e+00
0.000000000000000000e+00
0.000000000000000000e+00
0.000000000000000000e+00
0.000000000000000000e+00
0.000000000000000000e+00
0.000000000000000000e+00
0.000000000000000000e+00
0.000000000000000000e+00
0.000000000000000000e+00
0.000000000000000000e+00
0.000000000000000000e+00
0.000000000000000000e+00
0.000000000000000000e+00
0.000000000000000000e+00
0.000000000000000000e+00
0.000000000000000000e+00
0.000000000000000000e+00
0.000000000000000000e+00
0.000000000000000000e+00
0.000000000000000000e+00
5.984818282340386375e+00
5.589556220345136772e+00
0.000000000000000000e+00
0.000000000000000000e+00
0.000000000000000000e+00
0.000000000000000000e+00
0.000000000000000000e+00
0.000000000000000000e+00
0.000000000000000000e+00
0.000000000000000000e+00
0.000000000000000000e+00
5.339532652656663991e+00
0.000000000000000000e+00
0.000000000000000000e+00
6.332007973451438509e+00
4.676073496167203025e+00
6.397343004722082505e+00
6.431010750278554511e+00
6.464478326434489830e+00
6.497573221927597231e+00
6.530835995405920080e+00
6.565490200573945501e+00
6.600726523602419071e+00
6.635954975269866551e+00
6.671029284043664020e+00
6.706673111126616682e+00
6.743372229087271741e+00
6.780009864150900789e+00
6.816665145787085933e+00
6.853851267914500056e+00
6.891410016385638215e+00
6.929233156422403894e+00
6.967902456014947177e+00
7.005227511082434688e+00
7.044713488603047580e+00
7.085573183880977233e+00
7.123934720719172553e+00
7.163795303689087568e+00
7.203086116310538856e+00
7.243428676400044175e+00
7.284010836772051078e+00
7.325170317723840974e+00
7.367413856098377956e+00
7.409253140270026350e+00
7.452156296265273205e+00
7.494154961168045581e+00
7.537504792190726555e+00
7.579668898880442818e+00
7.623788598076607137e+00
7.666356866222749034e+00
7.709266779469066577e+00
7.755348447347736318e+00
7.799425244151615644e+00
7.844204804470737535e+00
7.892137244615896385e+00
7.937883455253651022e+00
7.982486164322197375e+00
8.029956034547060639e+00
8.076459533900930410e+00
8.124766853111676568e+00
8.170716306414615104e+00
8.217161573407793185e+00
8.265582717827516746e+00
8.315250483255514524e+00
8.364357019928281289e+00
8.413157206655700548e+00
8.463740136319051643e+00
8.514601125556955807e+00
8.562387780041211371e+00
8.612496708706094850e+00
8.663869425289792758e+00
8.716090194289044746e+00
8.769578219855182155e+00
8.820597314282370149e+00
8.873217287202377790e+00
8.928256881097569320e+00
8.981246760730268619e+00
9.036658719239765603e+00
9.091552952663661813e+00
9.147071422134560592e+00
9.201906236053247312e+00
9.260351456367242662e+00
9.318012166841633359e+00
9.371881152472907317e+00
9.427051279135733708e+00
9.485432855092188476e+00
9.545264040000489558e+00
9.605355378345162620e+00
9.663045216883148214e+00
9.725174558479455555e+00
9.783061542347137873e+00
9.844816168247556121e+00
9.908424533467169226e+00
9.966553845613523421e+00
1.003205761277115826e+01
1.009864877244491410e+01
1.016284023013555426e+01
1.023072765945080320e+01
1.029209643943816666e+01
1.035434370238738211e+01
1.042720507862753188e+01
1.049542615431703751e+01
1.056564914049686976e+01
1.063728069217909322e+01
1.069855553263835368e+01
1.077361158757441650e+01
1.084620270490044724e+01
1.092209150836994347e+01
1.099456710421524264e+01
1.107598278227934863e+01
1.115738692848503177e+01
4.127276168130613598e+00
1.130503604962965802e+01
0.000000000000000000e+00
1.146463639835219972e+01
1.154720009818441895e+01
1.162544693476920976e+01
2.729026926181252310e+00
1.179162979569445824e+01
3.027374219821020063e+00
1.197188463874477193e+01
1.205845352774198709e+01
1.214813851021044044e+01
3.668708651017043909e+00
1.233674719171503575e+01
1.243147735721394653e+01
1.253092367363538351e+01
1.263198877046310997e+01
1.273199589192966741e+01
0.000000000000000000e+00
1.293410013536027492e+01
1.303802526860726196e+01
0.000000000000000000e+00
1.326429064664365143e+01
1.338288624144101036e+01
1.350167549669352773e+01
1.361401597510747052e+01
1.372779928059918220e+01
1.385595239599221706e+01
1.397993368197969311e+01
1.411181663069163683e+01
1.425044100239650824e+01
1.437107289181233050e+01
1.451299363791562413e+01
1.465449290855004705e+01
1.480670368960302241e+01
1.496664942156346534e+01
1.511034898812717309e+01
1.524917887587926835e+01
1.536982431368248392e+01
1.553799950697580989e+01
1.570996949938457554e+01
1.588575120083288716e+01
1.607520002694777261e+01
1.627631378099218296e+01
1.644682570181641879e+01
1.665483569338587344e+01
1.684857248614678937e+01
1.708413671016813140e+01
1.733723976407839018e+01
1.755641899504945869e+01
1.777817031054641461e+01
1.802014842068012612e+01
1.829981945089400597e+01
1.856790980117070333e+01
1.888992623297729523e+01
1.916654111305100727e+01
1.944134746379353373e+01
1.971016916508191841e+01
1.994775832828121054e+01
2.023145889942422215e+01
2.057493406045881557e+01
2.082629933695734792e+01
2.104832479223277986e+01
2.126363381457614921e+01
2.149564187579761310e+01
2.173185491508901990e+01
2.199534273720116317e+01
2.201689007537204645e+01
