4.923441516566681719e-01
4.926247350498654254e-01
4.932440062039531448e-01
4.941485105300577052e-01
4.955692607583478404e-01
4.973749781618261312e-01
4.996063828366038018e-01
5.025044734351011844e-01
5.058882090603230575e-01
5.101359901105656514e-01
5.147726521860425120e-01
5.198114874065178359e-01
5.250965778321531330e-01
5.307862336591607777e-01
5.370793344806500391e-01
5.430934023666277310e-01
5.493780965447911946e-01
5.552888043724536482e-01
5.607840917694678629e-01
5.662335654587040690e-01
5.708215730050641978e-01
5.748597226741334332e-01
5.786596553424124822e-01
5.817304800738540838e-01
5.845803135778504522e-01
5.867830851909473511e-01
5.888920295417171547e-01
5.905275786168258101e-01
5.912435032548633007e-01
5.921114822095340235e-01
5.923298169066342211e-01
5.958440854476125814e-01
5.983693652027165522e-01
6.029780508981511522e-01
6.124342484121725327e-01
6.134945886179369312e-01
6.278110370819111052e-01
6.492682791499548856e-01
6.899508278220384261e-01
7.258560476876895207e-01
8.488273570026941828e-01
9.933538074204020241e-01
1.245573782361286463e+00
2.000162680680291682e+00
2.348945112059482199e+00
0.000000000000000000e+00
0.000000000000000000e+00
0.000000000000000000e+00
0.000000000000000000e+00
0.000000000000000000e+00
0.000000000000000000e+00
0.000000000000000000e+00
0.000000000000000000e+00
0.000000000000000000e+00
0.000000000000000000e+00
0.000000000000000000e+00
0.000000000000000000e+00
0.000000000000000000e+00
0.000000000000000000e+00
3.430305374074082092e+00
0.000000000000000000e+00
0.000000000000000000e+00
0.000000000000000000e+00
3.655751221464639045e+00
3.739190057539911294e+00
3.790519540735044934e+00
3.843738111831956239e+00
3.899344303891828734e+00
3.957428737871185209e+00
4.017789188903449826e+00
4.081246313735764630e+00
4.148636241120037482e+00
4.219300875852330712e+00
4.287612344977010714e+00
4.344109655552246707e+00
4.382833548253760370e+00
4.407907878552792091e+00
4.426194710862400683e+00
4.441056282327740412e+00
