5.102486680124128648e-01
5.105260562658228141e-01
5.110243094036984735e-01
5.116545213176780793e-01
5.125591491823494605e-01
5.136906189817647128e-01
5.150089333221992138e-01
5.168278178842793391e-01
5.188733223194507138e-01
5.213144183223593631e-01
5.241297449532191788e-01
5.275063008483680260e-01
5.312269916314541485e-01
5.353159787973423844e-01
5.401032269015710874e-01
5.451711528816980401e-01
5.509077169472238467e-01
5.569517100463570181e-01
5.636626152246682064e-01
5.709340515243604974e-01
5.785143194017191570e-01
5.867996151302052876e-01
5.955995134011111691e-01
6.050860520687578736e-01
6.149315534487346246e-01
6.251768804540115410e-01
6.361301361712903280e-01
6.474324291278903409e-01
5.486541612340508856e+00
6.720402539406525877e-01
6.847756380977026991e-01
6.982806912965826562e-01
7.120539275977206817e-01
7.262192790687768129e-01
7.410535232649848592e-01
7.558390749811402243e-01
7.712873763230621016e-01
7.868291884873004349e-01
8.026111182332523741e-01
8.188691859120177385e-01
8.347910594610090662e-01
8.511912661855749462e-01
8.673575890264986210e-01
8.837964458115996624e-01
8.995115089929260899e-01
9.150992321591860934e-01
9.305500529301499180e-01
9.457912124233334161e-01
9.607544347733003587e-01
9.753952528320835036e-01
9.894599937314366711e-01
1.002173727560138561e+00
1.014907497410759474e+00
1.026650322310553198e+00
1.037519689135468770e+00
1.048757625008303718e+00
1.057364454333056702e+00
1.067015256535311929e+00
1.075426851507010451e+00
1.082906901168424030e+00
1.090468628022477793e+00
1.095901728923322827e+00
1.102599355023442085e+00
1.107679114217358096e+00
1.112135089058164938e+00
1.115644547397778519e+00
1.119206101392560715e+00
1.122853101590993496e+00
1.124908962889840991e+00
1.126876362049263225e+00
1.128373574205331353e+00
1.132864442510390646e+00
1.131220596907713594e+00
1.133229060003654975e+00
1.133280492913472992e+00
1.134762000280507444e+00
1.139443405860362413e+00
1.140469534897519122e+00
1.141515276117341049e+00
1.140436658354833543e+00
1.138106009846104882e+00
1.139437331788562213e+00
1.143210435676836445e+00
1.139994264718736661e+00
1.157617850235586721e+00
1.153705757161209489e+00
1.152136413742996135e+00
1.166797886839172183e+00
1.170836559251967612e+00
1.194993473867290934e+00
1.190459538687632435e+00
1.201022787783233126e+00
1.214762943092282610e+00
1.235632109107468457e+00
1.253819802466104028e+00
1.291541187185480277e+00
1.322402981743487249e+00
1.344435080354453360e+00
1.416631610214103221e+00
1.476277952341460864e+00
1.600533516588068750e+00
1.727751960756878091e+00
5.780480819424651528e+00
1.920924450286833896e+00
5.803735540823288019e+00
5.815866538093927396e+00
2.771789721832921938e+00
2.786916836305172840e+00
5.853807230246665050e+00
4.072113582165589385e+00
5.744114741626644260e+00
0.000000000000000000e+00
5.910513375581306406e+00
5.925766058039025452e+00
0.000000000000000000e+00
0.000000000000000000e+00
5.973485424712863257e+00
5.990225791161424951e+00
6.007263781008203019e+00
0.000000000000000000e+00
6.043175275551728731e+00
6.061644173163999838e+00
0.000000000000000000e+00
0.000000000000000000e+00
0.000000000000000000e+00
0.000000000000000000e+00
0.000000000000000000e+00
6.182328007802195380e+00
0.000000000000000000e+00
6.226017441613028502e+00
0.000000000000000000e+00
0.000000000000000000e+00
4.920309960924504900e+00
4.206092160713263084e+00
6.344188363146534115e+00
0.000000000000000000e+00
0.000000000000000000e+00
0.000000000000000000e+00
6.436890452307486576e+00
0.000000000000000000e+00
6.501187079334381558e+00
0.000000000000000000e+00
6.557947238091018427e+00
6.587228494581357729e+00
6.616163380727146937e+00
6.646195624037016358e+00
6.676497891721090205e+00
6.707224625784530048e+00
6.738482489833372391e+00
6.770763676148860100e+00
6.803129035458552742e+00
6.835140114690338997e+00
6.868686730305856081e+00
6.901909770703506197e+00
6.935894176356743657e+00
6.970040545486107852e+00
7.005669292517714197e+00
7.041674913649707435e+00
7.077182916535037727e+00
7.113676562729387420e+00
7.151606311268642990e+00
7.189226500888025839e+00
7.226917695106767958e+00
7.265424908534151349e+00
7.304345695428632546e+00
7.343962845734664846e+00
7.383638769367289356e+00
7.424659861782373582e+00
7.464504447336378412e+00
7.506880755134562655e+00
7.548470981331838026e+00
7.590308240580958099e+00
7.632075501203688717e+00
7.675465166204933354e+00
7.718361181345621880e+00
7.762455578338280482e+00
7.806215519715557605e+00
7.851433120590672665e+00
7.895932674790027583e+00
7.943057402405424128e+00
7.990280171937482301e+00
8.037661449136201952e+00
8.084727032623380438e+00
8.132554098972622825e+00
8.179688028397377408e+00
8.229367725503674791e+00
8.278969940312215670e+00
8.328097638044772211e+00
8.376670850486393149e+00
8.427925634643834485e+00
8.480213155858390195e+00
8.531349783956004629e+00
8.584171974050581966e+00
8.637113927357598087e+00
8.690675485874249873e+00
8.745331708653827363e+00
8.800005056370169498e+00
8.855999838734280871e+00
8.908040884498829470e+00
8.962702861952438482e+00
9.021041014620395870e+00
9.078969251287333009e+00
9.137180796273423056e+00
9.194069681597390797e+00
9.254871216845403481e+00
9.313335918222653831e+00
9.373111064631608258e+00
9.435540945406252433e+00
9.496775629405119545e+00
9.561798092824995265e+00
9.625399618160940918e+00
9.690274287660782804e+00
9.755018350344439426e+00
9.820763024602532809e+00
9.888287629223839303e+00
9.952175016561429999e+00
1.001920336558482383e+01
1.008947234994854369e+01
1.016005592278365555e+01
1.022825026440361817e+01
1.030084936725357636e+01
1.037402731087900953e+01
1.044434932974282049e+01
1.051755125889102160e+01
1.059664461195599827e+01
1.067451485158678715e+01
1.075369131803431522e+01
1.083433873209274445e+01
1.091145998310707732e+01
1.099397892886041639e+01
1.107714617968473902e+01
1.116054602510373073e+01
1.124950724761198195e+01
1.133969204004209175e+01
1.143090093821073339e+01
1.151971686804017381e+01
1.161060589097215612e+01
1.170966574030369678e+01
1.180773385894434035e+01
1.190884566800026256e+01
0.000000000000000000e+00
1.211642065385529676e+01
1.222544746254800430e+01
1.233520422823722740e+01
1.245005698793974247e+01
1.255724867932896771e+01
1.268117816208694748e+01
1.281316189615682966e+01
1.292782682674075900e+01
1.303524497884939137e+01
1.316104208187512370e+01
1.327296918492868194e+01
1.337863834086095238e+01
1.346988365396472709e+01
1.355649378784721115e+01
1.363357785479821160e+01
1.370431905624570135e+01
1.376260336366198622e+01
1.382128086806296352e+01
1.387732117440994450e+01
1.392180982287537461e+01
1.394575257704994975e+01
1.398060459159438551e+01
1.402227867246575421e+01
1.405094814941286607e+01
1.409520250474183456e+01
