5.087657480262531839e-01
5.091273929108682816e-01
5.095770038573760319e-01
5.101576405976925299e-01
5.111361422460706239e-01
5.124327781715202201e-01
5.140124575171971522e-01
5.160946184973044248e-01
5.183629120951853686e-01
5.213709753449417006e-01
5.245577163567368695e-01
5.284765328104201743e-01
5.327952307068793969e-01
5.376676434388295567e-01
5.430485962029596436e-01
5.489762135406174304e-01
5.555436217477525140e-01
5.628125715900251791e-01
5.705318848855562841e-01
5.788385484170780471e-01
5.874960015110497480e-01
5.970945581088197285e-01
6.070730298167218431e-01
6.177111849313712266e-01
6.286242290107963981e-01
6.403972867908039879e-01
6.524383081743273527e-01
6.648397856442301856e-01
6.775740706251276446e-01
6.907137593054059055e-01
7.039546496157849109e-01
7.173513107074124262e-01
7.307577311520594421e-01
7.441078830978966607e-01
7.571322017497227330e-01
7.702087117166950270e-01
7.829984185167772059e-01
7.953265951112998833e-01
8.074060862705805253e-01
8.187778135607732821e-01
8.297975386445067825e-01
8.395936503806670226e-01
8.492560360646713713e-01
8.580653716330345349e-01
8.656505867703389034e-01
8.732603845570197088e-01
8.805015701716937260e-01
8.852298818751949128e-01
8.901493207011426101e-01
8.954300963762999999e-01
9.001231500321870138e-01
9.022087718225501041e-01
9.054036933840410306e-01
9.074911902436219036e-01
9.094741043705409922e-01
9.125536621827198269e-01
9.141590952327991459e-01
9.153264754476747589e-01
9.189718472606089872e-01
9.213766505425923237e-01
9.205213169810514406e-01
9.205351661918096395e-01
9.241569466947895384e-01
9.243029323452883750e-01
9.273374633792613730e-01
9.255702056761035967e-01
9.287035967211716425e-01
9.318615034295779642e-01
9.299149124486990603e-01
9.357138180513716597e-01
9.500665797473484275e-01
9.627196849248885746e-01
9.631451523755327759e-01
9.953085842181301768e-01
1.003166069818567374e+00
1.007900295454491113e+00
1.051988274765806697e+00
1.138008214942578533e+00
1.202342645012910216e+00
1.246097268482699860e+00
1.353270651190294549e+00
1.415424408844781601e+00
1.612229477535228606e+00
1.816546841080669550e+00
2.303179226950097913e+00
2.631540779243772832e+00
2.965338623135781670e+00
0.000000000000000000e+00
0.000000000000000000e+00
0.000000000000000000e+00
0.000000000000000000e+00
0.000000000000000000e+00
0.000000000000000000e+00
0.000000000000000000e+00
0.000000000000000000e+00
0.000000000000000000e+00
0.000000000000000000e+00
0.000000000000000000e+00
0.000000000000000000e+00
0.000000000000000000e+00
0.000000000000000000e+00
0.000000000000000000e+00
0.000000000000000000e+00
0.000000000000000000e+00
0.000000000000000000e+00
0.000000000000000000e+00
0.000000000000000000e+00
0.000000000000000000e+00
0.000000000000000000e+00
0.000000000000000000e+00
0.000000000000000000e+00
0.000000000000000000e+00
0.000000000000000000e+00
0.000000000000000000e+00
0.000000000000000000e+00
0.000000000000000000e+00
0.000000000000000000e+00
0.000000000000000000e+00
0.000000000000000000e+00
0.000000000000000000e+00
5.303041854645727859e+00
4.803945621456998438e+00
3.903558073834362485e+00
4.685821948466497133e+00
4.991423582544710413e+00
5.038242546140486944e+00
4.546879684875819727e+00
0.000000000000000000e+00
0.000000000000000000e+00
0.000000000000000000e+00
0.000000000000000000e+00
0.000000000000000000e+00
4.298369072423623649e+00
0.000000000000000000e+00
0.000000000000000000e+00
0.000000000000000000e+00
0.000000000000000000e+00
0.000000000000000000e+00
6.165223631059360443e+00
0.000000000000000000e+00
0.000000000000000000e+00
0.000000000000000000e+00
3.272587217225320089e+00
6.391730183173757851e+00
3.285648625662552114e+00
6.486008501179796326e+00
6.534098011724948307e+00
6.582515998943483382e+00
6.631194549758820500e+00
6.680943715712571063e+00
6.731988540790523778e+00
6.783362401806869890e+00
6.834278962893245435e+00
6.886245189789646837e+00
6.938723109097671760e+00
6.991963908439630337e+00
7.046260094783684202e+00
7.100463573540870321e+00
7.155955392255155090e+00
7.212372911372094464e+00
7.267206989362234637e+00
7.323758178626191828e+00
7.382268516937146252e+00
7.441297819987759077e+00
7.498289984843033551e+00
7.556728008285437781e+00
7.616385900226785743e+00
7.675865036953831932e+00
7.738116122096860394e+00
7.800441618048641779e+00
7.864330360187345548e+00
7.928318183541923858e+00
7.992372340526893382e+00
8.056627417552727266e+00
8.122623590212553424e+00
8.187523272186595591e+00
8.257742903798554579e+00
8.324952862560015987e+00
8.391175810871954965e+00
8.462044812594308851e+00
8.535060757831345768e+00
8.607526561555488342e+00
8.678038267315542953e+00
8.751172220632650323e+00
8.825271934208327451e+00
8.902061316103552002e+00
8.977562493165827107e+00
9.055984930933153265e+00
9.134494699950403529e+00
9.218055523656513373e+00
9.301797462248535098e+00
9.386162304070291285e+00
9.475271429939235546e+00
9.563687176824746672e+00
9.654686742872277350e+00
9.744772721903183665e+00
9.840506702922549920e+00
9.933744734137404109e+00
1.001975250101371451e+01
1.010439637452096306e+01
1.017944589368203445e+01
1.024957501579242702e+01
1.030833196693639486e+01
1.036092610589992624e+01
1.040401620237766700e+01
1.045217983697823882e+01
3.479464499878422767e+00
1.050175388068477744e+01
1.052602172961188565e+01
1.055554243099222056e+01
1.057572996261481357e+01
1.059162326566552181e+01
