4.993813292251270686e-01
4.994744605785768621e-01
5.001294045034180291e-01
5.008867682829826196e-01
5.021825032708792103e-01
5.036467838885877457e-01
5.057020060438071063e-01
5.081366913743627922e-01
5.110297131994875341e-01
5.144175776578227000e-01
5.183507593434619753e-01
5.228881794442340469e-01
5.277789975353590624e-01
5.332401950983322036e-01
5.390366598597742254e-01
5.452423142012601254e-01
5.517898364835164271e-01
5.585509619027742012e-01
5.657519437016206298e-01
5.726139894626284255e-01
5.788184640415732218e-01
5.855541732613486205e-01
5.919413792497156823e-01
5.976929986620518331e-01
6.029342275139849550e-01
6.074715163720451061e-01
6.115928041657153758e-01
6.154685849433749745e-01
6.180984505916186089e-01
6.206629673750020393e-01
6.233047694279779671e-01
6.264314688064536174e-01
6.280482588140871014e-01
6.288358054953723242e-01
6.296086446433726280e-01
6.310741496482851209e-01
6.317148905488119137e-01
6.325108909837652282e-01
6.353358911547596355e-01
6.402657355082806978e-01
6.393080077915795911e-01
6.395843657821104200e-01
6.439482755457466290e-01
6.570538375813225196e-01
2.868299481843556986e-01
6.809285235890255583e-01
7.109424358615796802e-01
7.463627836575451591e-01
8.048074527415884916e-01
9.242912560916647369e-01
1.098749433899688821e+00
1.569873404996225741e+00
2.844750266082499479e+00
0.000000000000000000e+00
0.000000000000000000e+00
0.000000000000000000e+00
0.000000000000000000e+00
0.000000000000000000e+00
0.000000000000000000e+00
0.000000000000000000e+00
0.000000000000000000e+00
0.000000000000000000e+00
0.000000000000000000e+00
0.000000000000000000e+00
0.000000000000000000e+00
0.000000000000000000e+00
0.000000000000000000e+00
0.000000000000000000e+00
0.000000000000000000e+00
0.000000000000000000e+00
0.000000000000000000e+00
0.000000000000000000e+00
0.000000000000000000e+00
0.000000000000000000e+00
0.000000000000000000e+00
0.000000000000000000e+00
0.000000000000000000e+00
0.000000000000000000e+00
0.000000000000000000e+00
3.550104230807726857e+00
2.590172764219477397e+00
0.000000000000000000e+00
0.000000000000000000e+00
2.895966675179239225e+00
0.000000000000000000e+00
0.000000000000000000e+00
0.000000000000000000e+00
0.000000000000000000e+00
4.013451176042571511e+00
0.000000000000000000e+00
2.245989762019630742e+00
1.963680903946934064e+00
2.285946963765643325e+00
2.157378754968747092e+00
2.660808674462381340e+00
0.000000000000000000e+00
4.791574188556602110e+00
4.879180029814470743e+00
4.940855471396631060e+00
5.004548248795877008e+00
5.069675008102074720e+00
5.137422655082136913e+00
5.204739972481934096e+00
5.274776124623856255e+00
5.346409649344028736e+00
5.420589377810097531e+00
5.497147297369672891e+00
5.577226804073953659e+00
5.658760538063750900e+00
5.736120667791328565e+00
5.806270884353819994e+00
5.865966218660505938e+00
5.911637437218826285e+00
5.947051873415127865e+00
5.973419865575834820e+00
5.996458328031399887e+00
