5.116856120414293718e-01
5.120189889275044148e-01
5.125358410217617511e-01
5.131129356720480761e-01
5.139231315153308666e-01
5.149478638354380022e-01
5.162903191214673893e-01
5.177983000606334318e-01
5.197362493896274804e-01
5.218274331998939974e-01
5.243672616131467290e-01
5.272266767319898628e-01
5.304346622377499321e-01
5.339470798214918101e-01
5.378887245652408389e-01
5.423814253591728862e-01
5.471729802875835436e-01
5.523965102084988921e-01
5.579517112781845478e-01
5.640671371921763821e-01
5.706203763187420730e-01
5.775896072157107319e-01
5.852110666759927637e-01
5.931952481861587634e-01
6.014655726226065813e-01
6.104214902963220890e-01
6.199002486557898539e-01
6.296651876878922582e-01
6.399027330841692285e-01
6.507258025349851316e-01
6.619557652605106979e-01
6.734863388625625946e-01
6.855610527869006043e-01
6.980903072766830864e-01
7.111257250265918817e-01
7.243481471963246765e-01
7.378894363709318505e-01
7.522041810886239688e-01
7.665947469948380943e-01
7.813512930729262784e-01
7.965787551932330679e-01
8.121160863784920858e-01
8.282084979875070641e-01
8.447282305458749807e-01
8.611837899466801005e-01
8.779135052313891130e-01
8.951581630435938575e-01
9.124953673469213822e-01
9.301580001765062944e-01
9.476658648771042470e-01
9.654731371874079038e-01
9.834149568624797055e-01
1.001505708950347184e+00
1.019781829755609159e+00
1.038310163698068500e+00
1.056436808298122365e+00
1.073937434291070581e+00
1.091811264301238982e+00
1.109416875011098869e+00
1.127324354828815656e+00
1.143787787283875979e+00
1.160268276200680182e+00
1.176832372018934203e+00
1.192916620190866972e+00
1.208415230106879568e+00
1.223168210020690871e+00
1.237669040586564684e+00
1.250358116515331686e+00
1.263177843085553143e+00
1.275594059524391755e+00
1.287952420724485680e+00
1.298001233027591850e+00
1.307426141449735457e+00
1.318120729467232133e+00
1.327378718281348124e+00
1.335724781702847697e+00
1.341784835078647875e+00
1.349467266438578728e+00
1.355924011407238394e+00
1.361046061803148577e+00
1.366368678601729725e+00
1.370373410826616345e+00
1.375300672030326243e+00
1.378977153395696043e+00
1.382473879975154585e+00
1.385174801033405512e+00
1.387669214105332172e+00
1.389192883784321930e+00
1.390995735605277339e+00
1.392793677006306963e+00
1.396391810407755951e+00
1.398213308886560702e+00
1.401540234699914622e+00
1.404338992391984675e+00
1.406844867225548912e+00
1.408874609376917553e+00
1.408346501125358641e+00
1.408520549346393924e+00
4.113336815463229483e-03
1.410309536860942847e+00
1.407508557287298956e+00
1.402686750454985809e+00
1.411323768926679767e+00
1.413743499659753766e+00
1.415171595553001760e+00
1.429058013297937579e+00
1.428555784394169192e+00
1.425687798829478048e+00
1.428367230494571594e+00
1.424425390480397846e+00
1.451463666458975288e+00
1.438917214535734068e+00
1.454871519905557520e+00
1.454655789862425053e+00
1.478261420582236418e+00
1.470668812809916570e+00
1.499436249673528065e+00
1.530057611001374607e+00
1.573371044128597296e+00
1.611702068827222112e+00
1.627500523848985914e+00
1.673114281418214722e+00
1.702200983714254212e+00
1.792710191086957838e+00
7.313659948929720045e+00
1.985308995712439017e+00
7.333810116607584639e+00
7.344358094880021781e+00
7.354736627248138703e+00
7.365793533267183335e+00
7.376895870550619350e+00
7.388433562379857378e+00
7.400180507887983872e+00
3.169347580172189094e+00
7.424493685922994857e+00
7.436978593922450642e+00
7.449911615380208296e+00
7.462892861140860035e+00
7.476603222271916316e+00
7.490327946511502688e+00
7.504188110882858531e+00
7.518907799811453962e+00
7.533384448393918298e+00
0.000000000000000000e+00
7.563618822784139439e+00
7.579102025914242979e+00
7.595259359801292298e+00
7.611411189931285293e+00
7.628029301263682171e+00
7.645030173649265848e+00
7.662301598304146921e+00
7.679534892374531907e+00
7.697407220367187719e+00
7.715598460846071482e+00
7.734049594103105107e+00
7.753321381709906035e+00
7.772560255938287810e+00
7.792528775848876599e+00
7.812214125908418794e+00
7.832611910436186875e+00
7.852981136434225462e+00
7.874372310011544585e+00
7.895181705715568654e+00
7.917425897008276259e+00
7.939443109785620400e+00
7.961754339422248528e+00
7.984476543274515947e+00
8.008096219205766531e+00
8.031433918160090002e+00
8.054893876038518030e+00
8.078500141025232395e+00
8.103002590534627458e+00
8.128309595718206992e+00
8.153391523389968754e+00
8.178881191243082327e+00
8.204696923508654649e+00
8.231244086940021631e+00
8.257828252226167010e+00
8.285008931467064741e+00
8.312355336006827855e+00
8.340013722369608473e+00
8.368152258458525949e+00
8.396908510756830424e+00
8.424647080936582100e+00
8.454150064947089760e+00
8.484868227621010561e+00
8.514218351635779669e+00
8.544281217654649652e+00
8.574198063253371416e+00
8.604884170166961610e+00
8.635995984246152446e+00
8.667663692128430242e+00
8.700140327604767521e+00
8.732895922621811025e+00
8.765749803186546174e+00
8.798977501844046145e+00
8.832655187164409227e+00
8.866009372203626171e+00
8.900690046628627172e+00
8.934087442151119163e+00
8.968158626969737313e+00
9.004563667835839169e+00
9.039740104931365039e+00
9.075796436349607532e+00
9.113769928053821801e+00
9.150552536252407165e+00
9.186609665486548337e+00
9.224707936824394494e+00
9.262275833388645907e+00
9.301878754863142973e+00
9.339497143053353767e+00
9.377268229132326383e+00
9.416850296357852201e+00
9.457406691455510384e+00
9.497966438887827323e+00
9.538026828534452051e+00
9.579626865846666561e+00
9.621909243263672806e+00
9.661861931961270855e+00
9.703485725952385010e+00
9.746692168112316423e+00
9.789820653977619358e+00
9.834423553231490089e+00
9.877909573143663025e+00
9.922088129711966076e+00
9.967943595863710371e+00
1.001178270603887022e+01
1.005887920708255834e+01
1.010503832031093197e+01
1.015234240853403591e+01
1.019910332175159517e+01
1.024821381512495577e+01
1.029750793411590237e+01
1.034301932202342833e+01
1.039078093222771138e+01
1.044052671353564854e+01
1.049195218367050408e+01
1.054250887865158326e+01
1.059169984503646589e+01
1.064486131022568749e+01
1.069461234184452536e+01
1.074808070751837619e+01
1.080200675414053180e+01
1.085312747240026354e+01
1.090870660760309185e+01
1.096549389680186160e+01
1.101969720422871646e+01
1.107958796449165284e+01
1.113310730672150228e+01
1.118800298320747721e+01
1.125046095149879299e+01
1.130839617062197178e+01
1.136857515207076474e+01
1.142995531806765541e+01
1.148364498746449591e+01
1.154662346739144319e+01
1.161127482263432853e+01
1.167664231702670996e+01
1.173885379386063299e+01
1.180754229700206537e+01
1.187769106235842109e+01
1.193825714273962113e+01
1.200378658177758240e+01
1.207480030644594926e+01
1.213930040076771277e+01
1.220914663529381805e+01
1.227570906150913643e+01
1.234811821422455935e+01
1.241769521237992002e+01
1.249585197964939809e+01
1.256905218457518281e+01
1.264292147203745742e+01
1.271933151329246847e+01
1.279735540778817615e+01
1.287654311033012000e+01
1.295414929114380698e+01
1.303556221007129601e+01
1.312088045552514437e+01
1.320201465789731721e+01
1.328470396436149947e+01
1.336808327010977671e+01
1.345387405573179684e+01
1.354433653514418090e+01
1.363923259393021326e+01
1.373060195064211797e+01
1.382424081822211548e+01
1.391581462414047721e+01
1.400698958330766075e+01
1.411051521917776164e+01
1.420612077238433102e+01
1.430880338761898685e+01
1.441612922040953215e+01
1.451256582201394174e+01
1.461886394407244438e+01
1.472468108931139064e+01
1.484279068049854367e+01
1.496442958696532521e+01
1.507095787051076030e+01
1.518543068054669298e+01
1.530029330957620459e+01
1.542662145879536162e+01
1.555729291952822635e+01
1.568610009225233348e+01
1.582642237352228420e+01
1.596252904823031571e+01
1.609646482022385072e+01
1.624224115069711871e+01
1.639074127299751638e+01
1.654436161017649809e+01
1.671452155950814600e+01
1.685924299685169103e+01
1.701139580776774096e+01
1.718216870629344228e+01
1.735105559878248371e+01
1.752120682294512477e+01
1.771457901381013045e+01
1.788890949727479551e+01
1.806164782965645443e+01
1.822820049672171194e+01
1.836721506655472425e+01
1.854349448658881272e+01
1.871527882226193995e+01
1.886203439481068145e+01
1.898903308921052258e+01
1.910051073610605243e+01
1.922531810670078301e+01
1.936282718130879488e+01
1.947337188243671591e+01
1.947895939521030684e+01
1.958514446360563710e+01
1.966415124928198210e+01
1.974330298235934222e+01
1.978632216575387659e+01
1.986739584585555818e+01
1.987575009129429304e+01
