5.057828591375251870e-01
5.060288473994691838e-01
5.064532704794312279e-01
5.069554323490972347e-01
5.076525672488516605e-01
5.085805264836618100e-01
5.097764184905182461e-01
5.111304639646115922e-01
5.128750905385439651e-01
5.147799791510825340e-01
5.170242368301476432e-01
5.196260669400095678e-01
5.225160545489559993e-01
5.255738358549834066e-01
5.289636159081056999e-01
5.328665743547803535e-01
5.370270666817419380e-01
5.412986821189196274e-01
5.458683593652839949e-01
5.509363886759987006e-01
5.561321345678119643e-01
5.615682239293255940e-01
5.675796697222186271e-01
5.735533227202448403e-01
5.794914775751563996e-01
5.860211105781129026e-01
5.922885265223362117e-01
5.989736709199944276e-01
6.052852681961476966e-01
6.118317583756099909e-01
6.184472901217291652e-01
6.246288138323734529e-01
6.308953047963952177e-01
6.371588570099820936e-01
6.431961056602921722e-01
6.485770612087192744e-01
6.536848558229986228e-01
6.587607657557325025e-01
6.632671246702334100e-01
6.670524288492417631e-01
6.714993005610488952e-01
6.750010459543298591e-01
6.785467725434116693e-01
6.816152767578923521e-01
6.837382995115398598e-01
6.868925894845727687e-01
6.895935206275749518e-01
6.905107772909904185e-01
6.930393998132263755e-01
6.951983255998674949e-01
6.956900444318941945e-01
6.952606056708943161e-01
6.964763130304956196e-01
6.975965749589855269e-01
6.997159374336210380e-01
6.997982636924683364e-01
6.989623670020136403e-01
7.007393376679391661e-01
7.008162304941132348e-01
7.026258548125362546e-01
7.046791082972552189e-01
7.111287771417416081e-01
7.074368345723340834e-01
7.087321329861541175e-01
7.142796083118415629e-01
7.174089127892290252e-01
7.177011719671670953e-01
7.173537566366944285e-01
7.307036634907286832e-01
7.372364382618176171e-01
7.410698259582444436e-01
7.694049396076301228e-01
7.892342996846488656e-01
8.140938429787624164e-01
8.538357599291941380e-01
9.104444210660435077e-01
9.167939691268395253e-01
9.506041644312200889e-01
1.015953670088284744e+00
1.069368099740762190e+00
1.200749924883905306e+00
1.465955178435951245e+00
1.316182510139912054e+00
1.796938319523725403e+00
2.248749803363798705e+00
3.474077335782965736e+00
0.000000000000000000e+00
0.000000000000000000e+00
0.000000000000000000e+00
0.000000000000000000e+00
0.000000000000000000e+00
0.000000000000000000e+00
0.000000000000000000e+00
0.000000000000000000e+00
0.000000000000000000e+00
0.000000000000000000e+00
0.000000000000000000e+00
0.000000000000000000e+00
0.000000000000000000e+00
0.000000000000000000e+00
0.000000000000000000e+00
0.000000000000000000e+00
0.000000000000000000e+00
0.000000000000000000e+00
0.000000000000000000e+00
0.000000000000000000e+00
0.000000000000000000e+00
0.000000000000000000e+00
4.244060049350609098e+00
0.000000000000000000e+00
0.000000000000000000e+00
4.242233390736348753e+00
0.000000000000000000e+00
4.241821406467118472e+00
4.057829612960360599e+00
0.000000000000000000e+00
0.000000000000000000e+00
0.000000000000000000e+00
0.000000000000000000e+00
0.000000000000000000e+00
0.000000000000000000e+00
3.929973723142288655e+00
0.000000000000000000e+00
0.000000000000000000e+00
4.083462807369707903e+00
4.407508642288032519e+00
0.000000000000000000e+00
0.000000000000000000e+00
0.000000000000000000e+00
0.000000000000000000e+00
0.000000000000000000e+00
3.421518613897073458e+00
3.447103729518818049e+00
0.000000000000000000e+00
0.000000000000000000e+00
0.000000000000000000e+00
2.897765662970158029e+00
3.783583937372927419e+00
2.703466679776753701e+00
2.840287636149802619e+00
0.000000000000000000e+00
3.385034576707466325e+00
0.000000000000000000e+00
3.331663726191618213e+00
0.000000000000000000e+00
0.000000000000000000e+00
0.000000000000000000e+00
0.000000000000000000e+00
0.000000000000000000e+00
0.000000000000000000e+00
0.000000000000000000e+00
0.000000000000000000e+00
2.751393179388041510e+00
3.207608987772269327e+00
3.048511250792267813e+00
4.375088678833626510e+00
0.000000000000000000e+00
2.647766482943951782e+00
3.326457760463889191e+00
3.188547309829854459e+00
2.635695544192670159e+00
4.269690057104048364e+00
0.000000000000000000e+00
2.896752531837868627e+00
2.498775438079511524e+00
2.848084790756369333e+00
2.872208807223873173e+00
4.166200539701661043e+00
0.000000000000000000e+00
4.520689538247266270e+00
0.000000000000000000e+00
3.520685549804429382e+00
4.317965536931363424e+00
4.036974074813445945e+00
3.737416084618607304e+00
0.000000000000000000e+00
0.000000000000000000e+00
3.206267326928851080e+00
2.499356200131511496e+00
2.037795203721535220e+00
2.662695478031603447e+00
2.118060684867931531e+00
3.351677232204201218e+00
2.248776125702085960e+00
2.697916259358006386e+00
0.000000000000000000e+00
3.646599430608988168e+00
0.000000000000000000e+00
0.000000000000000000e+00
0.000000000000000000e+00
0.000000000000000000e+00
6.707499346625039216e+00
6.754619337351166486e+00
6.800825609142182593e+00
6.848419021743188395e+00
6.894642041858632275e+00
6.942579753828817424e+00
0.000000000000000000e+00
7.037316678228677347e+00
7.084317214203499802e+00
7.131253396472492234e+00
7.181844694296190212e+00
7.229876341585757871e+00
7.278673166371769199e+00
7.330962394852503117e+00
7.380865746885895362e+00
7.429320768795660612e+00
7.480752600795544716e+00
7.531088586604592905e+00
7.583089167896588378e+00
7.632553162563467275e+00
7.682481095558089557e+00
7.734466928238010297e+00
7.788278630036995942e+00
7.840646376933051442e+00
7.893153710290158109e+00
7.947090158859965392e+00
8.001423669564415420e+00
8.052233888653324456e+00
8.105673253669253953e+00
8.160306557422250862e+00
8.215749911858168275e+00
8.272781649753749633e+00
8.326523615986172189e+00
8.382084110640374064e+00
8.440968888620815846e+00
8.496711269841705771e+00
8.555065245649160488e+00
8.612827735357207359e+00
8.671488636368117398e+00
8.728885064692470053e+00
8.790480650327195278e+00
8.850919468588354988e+00
8.907307089595967398e+00
8.964885033001575465e+00
9.026048250986045574e+00
9.088910649362118122e+00
0.000000000000000000e+00
9.211844096602121112e+00
9.276808208169967429e+00
9.337533361307269075e+00
9.401250282529664659e+00
9.467782009261394904e+00
9.527505495760292931e+00
1.345635774301099152e+00
9.664371686548268059e+00
9.731184985473321447e+00
9.801319681734026901e+00
9.864784007904971119e+00
0.000000000000000000e+00
2.174429987008807963e+00
1.007415120767791805e+01
1.460398936531398517e+00
1.827350987246409764e+00
1.394626954612296021e+00
1.584211581196228069e+00
1.043450019323354638e+01
1.051274599795197062e+01
1.058787765274716719e+01
0.000000000000000000e+00
0.000000000000000000e+00
2.296620055118730352e+00
1.090733299992073491e+01
1.099178644789355452e+01
1.107068432353057652e+01
1.583064017587692662e+00
0.000000000000000000e+00
1.132585085727474095e+01
1.140639279827818164e+01
0.000000000000000000e+00
1.158982595905660418e+01
1.168016966277365576e+01
1.177092292543546748e+01
1.147206270643515325e+00
1.196346619154047097e+01
1.206056782879510969e+01
1.216101794151356508e+01
1.226693308953642081e+01
1.236928744844505701e+01
9.335644138985849105e-01
2.174467888874133781e+00
1.268387106560405719e+01
1.279963766319975704e+01
1.291575895874044910e+01
1.250555631978968352e+00
1.506168663168514277e+00
1.327567496167243988e+01
1.340939176947763478e+01
1.352594980134837854e+01
1.364972601310960876e+01
1.378470674131693485e+01
1.392600668268752884e+01
1.405217354693528975e+01
1.419828117692290981e+01
1.434832180064159779e+01
1.450604994621398092e+01
1.467541410966373761e+01
1.482005647652212765e+01
1.498306211184210035e+01
1.514493603733138727e+01
1.532111892112959239e+01
1.551253217066075862e+01
1.570866980753907427e+01
1.590830037621961068e+01
1.613750699051543336e+01
1.632860923333576153e+01
1.655612461640154365e+01
1.676285729746570041e+01
1.702196470877058587e+01
1.731461438356587834e+01
1.755219765498334894e+01
1.778694385275959888e+01
1.807302270163544833e+01
1.839410998580445522e+01
1.869903461533792566e+01
1.908506600181902968e+01
1.940785647232501887e+01
1.972642390792452005e+01
2.003640186629737840e+01
2.033627554847280550e+01
2.064684624844726102e+01
2.109043947134226471e+01
2.138879440834297796e+01
2.166281838978671104e+01
2.197094245572369076e+01
2.224843656035869088e+01
2.254153113904078509e+01
2.290063625754925170e+01
2.291901630181649097e+01
