5.074455056007396436e-01
5.077149727315231065e-01
5.081577641274781509e-01
5.087342054980371620e-01
5.096043072972833432e-01
5.106356222296861702e-01
5.118635952257377664e-01
5.135643773829350334e-01
5.155298864782387191e-01
5.177763002441807538e-01
5.203561039818305201e-01
5.235460879807297685e-01
5.270650734111486102e-01
5.307045765444893259e-01
5.351514140044182355e-01
5.397358970825213431e-01
5.450144051637215714e-01
5.502512088530291390e-01
5.562040056318053871e-01
5.625839126312717209e-01
5.690541180455040982e-01
5.759864544593268354e-01
5.832137120950440234e-01
5.909241460296513759e-01
5.986500782386295905e-01
6.062747330797247924e-01
6.142938376490790775e-01
6.224120163920083826e-01
6.307718162411730667e-01
6.387935342583501708e-01
6.467564167203767589e-01
6.550351452923077744e-01
6.623641453917959998e-01
6.696141120292836701e-01
6.768492637294329928e-01
6.834279563880855113e-01
6.899623654222861724e-01
6.957967732960540497e-01
7.010216253399559339e-01
7.069055680996411128e-01
7.109279207609080498e-01
7.158818520605599867e-01
7.192821261945147038e-01
7.239151087777832005e-01
7.259934235475948849e-01
7.275526775983879313e-01
7.291201096056322273e-01
7.315449637469922939e-01
7.327545550699996468e-01
7.361927259399531076e-01
7.363443664938843503e-01
7.374874718536744700e-01
7.394671275711283132e-01
7.388794140776158148e-01
7.387496462521964125e-01
7.386259104289516486e-01
7.379286462306658967e-01
7.396662061370190555e-01
7.407591910470692209e-01
7.449083275555702377e-01
7.499281014368148757e-01
7.521136205440619449e-01
7.531415588920248316e-01
7.496573320924917461e-01
7.560369876289324553e-01
7.713088051809277035e-01
7.628221267241502845e-01
7.903526333973149853e-01
7.998868705115912414e-01
8.268371114500798758e-01
8.536685270674846393e-01
8.912226217735274014e-01
9.610217396355714703e-01
1.009667750533568498e+00
1.149504141895161702e+00
1.211316867546721632e+00
1.433740448338542528e+00
1.401587115022143282e+00
1.765966622279656173e+00
3.700525458875752349e+00
2.799409064866789532e+00
0.000000000000000000e+00
0.000000000000000000e+00
0.000000000000000000e+00
0.000000000000000000e+00
0.000000000000000000e+00
0.000000000000000000e+00
3.482466529731025773e+00
0.000000000000000000e+00
0.000000000000000000e+00
0.000000000000000000e+00
0.000000000000000000e+00
0.000000000000000000e+00
0.000000000000000000e+00
0.000000000000000000e+00
0.000000000000000000e+00
0.000000000000000000e+00
0.000000000000000000e+00
0.000000000000000000e+00
0.000000000000000000e+00
0.000000000000000000e+00
0.000000000000000000e+00
0.000000000000000000e+00
0.000000000000000000e+00
0.000000000000000000e+00
0.000000000000000000e+00
0.000000000000000000e+00
0.000000000000000000e+00
0.000000000000000000e+00
0.000000000000000000e+00
0.000000000000000000e+00
0.000000000000000000e+00
0.000000000000000000e+00
0.000000000000000000e+00
0.000000000000000000e+00
0.000000000000000000e+00
0.000000000000000000e+00
0.000000000000000000e+00
0.000000000000000000e+00
0.000000000000000000e+00
0.000000000000000000e+00
0.000000000000000000e+00
0.000000000000000000e+00
0.000000000000000000e+00
0.000000000000000000e+00
0.000000000000000000e+00
0.000000000000000000e+00
0.000000000000000000e+00
0.000000000000000000e+00
0.000000000000000000e+00
0.000000000000000000e+00
0.000000000000000000e+00
0.000000000000000000e+00
0.000000000000000000e+00
0.000000000000000000e+00
0.000000000000000000e+00
0.000000000000000000e+00
0.000000000000000000e+00
3.019435102013026562e+00
0.000000000000000000e+00
0.000000000000000000e+00
4.542283277176093037e+00
4.023176384759014290e+00
4.144952166926151982e+00
0.000000000000000000e+00
0.000000000000000000e+00
0.000000000000000000e+00
2.491515358132997626e+00
2.553109900143000210e+00
3.416512173061573954e+00
0.000000000000000000e+00
0.000000000000000000e+00
0.000000000000000000e+00
0.000000000000000000e+00
0.000000000000000000e+00
0.000000000000000000e+00
4.010338949609995929e+00
0.000000000000000000e+00
4.081597489343387508e+00
0.000000000000000000e+00
2.437025033599082846e+00
0.000000000000000000e+00
0.000000000000000000e+00
0.000000000000000000e+00
4.444764179923342162e+00
0.000000000000000000e+00
0.000000000000000000e+00
2.405371379236518337e+00
0.000000000000000000e+00
0.000000000000000000e+00
6.571170620411181496e+00
0.000000000000000000e+00
0.000000000000000000e+00
0.000000000000000000e+00
6.773362312426820964e+00
6.825567846284269713e+00
6.876859699068689658e+00
6.929817646883305926e+00
6.981403448111128895e+00
4.153361213434061838e+00
7.091583342295295189e+00
7.146680348584231623e+00
7.200732931190342967e+00
7.255588771227053257e+00
7.309660130555019286e+00
7.366513575650966317e+00
7.423191072213565000e+00
7.478972559228063588e+00
7.533994027614292932e+00
7.591921931872925633e+00
7.651177632021445518e+00
7.708813494326315130e+00
7.768189544439803029e+00
7.827544959324532314e+00
7.887637289735549118e+00
7.948323703418044950e+00
8.009266112633845580e+00
8.071833052178776668e+00
8.129136660784864077e+00
8.189117081584150526e+00
8.253731289016071671e+00
8.318003060144343763e+00
8.382259495701042340e+00
8.444438647550356336e+00
8.511236711718174419e+00
8.575015872131062977e+00
8.640362720982807332e+00
8.708307540259685453e+00
8.774556563154440880e+00
8.845886560849603342e+00
8.914601404056499590e+00
8.985199491604857869e+00
9.054586080057559272e+00
9.125828317259340849e+00
9.198776545634403945e+00
9.266746713850244177e+00
0.000000000000000000e+00
9.414135458571372794e+00
9.489726874896289743e+00
9.563746660127799615e+00
9.641048377205647668e+00
9.718987010104809698e+00
9.793519205600530242e+00
0.000000000000000000e+00
9.956927597213944381e+00
1.003973078654322215e+01
1.012416310377785145e+01
1.021635360396854431e+01
1.030381832435321598e+01
1.039173103295020084e+01
1.048004707267681113e+01
1.056759347853674846e+01
1.066242374607673860e+01
1.075659290965440995e+01
1.085375766542778564e+01
1.094727708488588647e+01
1.104138413919922002e+01
1.114766555605636178e+01
1.125124399720605339e+01
1.135764485370079946e+01
1.146026446865704607e+01
1.157796802447251494e+01
1.169363382174317501e+01
1.180891148327529905e+01
1.192959642987355373e+01
1.204261885769208185e+01
1.217352724157700905e+01
1.231693420611974688e+01
1.243958939308185485e+01
1.255104952149556574e+01
1.268400838009456599e+01
1.280619696287925713e+01
1.292549658517129885e+01
1.302421527614298569e+01
1.312011201666980931e+01
1.320812963576947219e+01
1.329075377940467462e+01
1.335232988107238583e+01
1.341989994992154855e+01
1.348159451650221285e+01
