5.078528933519842470e-01
5.081442805407543339e-01
5.086808443617222286e-01
5.094301996239465335e-01
5.105214053026205789e-01
5.119765734681597236e-01
5.137437332330749840e-01
5.162692128595141039e-01
5.189720464577625147e-01
5.223409039404967036e-01
5.262464599254769171e-01
5.307839307626801562e-01
5.359256675899642941e-01
5.415362356292389157e-01
5.479906718038741742e-01
5.550800866023910540e-01
5.627576498941702088e-01
5.711566526228397667e-01
5.799726930074508013e-01
5.892815887823440457e-01
5.995463218244747594e-01
6.099845555809135789e-01
6.211125183774958147e-01
6.322194614109047928e-01
6.437548945454426574e-01
6.555839037398935032e-01
6.673300525901955105e-01
6.790554502308390195e-01
6.906126790566902152e-01
7.019848471865447470e-01
7.132524578818166816e-01
7.237445894694859438e-01
7.340789044754459924e-01
7.430516894243575088e-01
7.520018479980173920e-01
7.601379308178065619e-01
7.672076105670344592e-01
7.734637965038768659e-01
7.794745718923727917e-01
7.845114907881648447e-01
7.898814397108911978e-01
7.933888271682930649e-01
7.958226920766865442e-01
7.988121122566536059e-01
8.012718589576558470e-01
8.032455442738308804e-01
8.046671011160285714e-01
8.075662927354716469e-01
8.062493718646613905e-01
8.085872130179692086e-01
8.103335891123035761e-01
8.104024048687703541e-01
8.115242348476702228e-01
8.144953560708421136e-01
8.214035004777887616e-01
8.150905636735843451e-01
8.203883032308325607e-01
8.240239773542434865e-01
8.334878892911580239e-01
8.471321035081592621e-01
8.705364159549986436e-01
9.020670998852731159e-01
9.188756900894583524e-01
9.496243585417156741e-01
9.670200763501565211e-01
1.030453680216556922e+00
1.106257599865693164e+00
1.236254352364789311e+00
1.315148767052692458e+00
1.536807341993662979e+00
2.213594778442997679e+00
2.431175369000378339e+00
3.647576403940989920e+00
0.000000000000000000e+00
0.000000000000000000e+00
0.000000000000000000e+00
0.000000000000000000e+00
0.000000000000000000e+00
0.000000000000000000e+00
0.000000000000000000e+00
0.000000000000000000e+00
0.000000000000000000e+00
0.000000000000000000e+00
0.000000000000000000e+00
0.000000000000000000e+00
0.000000000000000000e+00
0.000000000000000000e+00
0.000000000000000000e+00
0.000000000000000000e+00
0.000000000000000000e+00
0.000000000000000000e+00
0.000000000000000000e+00
0.000000000000000000e+00
0.000000000000000000e+00
4.094361949160042258e+00
0.000000000000000000e+00
0.000000000000000000e+00
0.000000000000000000e+00
0.000000000000000000e+00
0.000000000000000000e+00
0.000000000000000000e+00
0.000000000000000000e+00
4.674394237391483742e+00
4.979466698220202048e+00
0.000000000000000000e+00
0.000000000000000000e+00
0.000000000000000000e+00
0.000000000000000000e+00
0.000000000000000000e+00
4.677948117932967165e+00
3.707685492973272101e+00
0.000000000000000000e+00
0.000000000000000000e+00
0.000000000000000000e+00
0.000000000000000000e+00
0.000000000000000000e+00
0.000000000000000000e+00
0.000000000000000000e+00
4.761775428651768394e+00
0.000000000000000000e+00
4.543396978354535598e+00
3.900654335579401000e+00
4.034435181812505711e+00
0.000000000000000000e+00
0.000000000000000000e+00
0.000000000000000000e+00
3.684495608859599258e+00
3.470648354586044704e+00
4.021931372252563364e+00
2.894218581388074085e+00
2.585463961001183364e+00
6.159429126135766097e+00
3.132160965476709080e+00
4.087026628359306635e+00
0.000000000000000000e+00
6.590945736221382134e+00
6.655883079696580218e+00
6.722175603280736489e+00
6.796678407202626282e+00
6.890461343655085891e+00
6.958236310730400831e+00
7.029351346936296707e+00
7.099899940115959929e+00
7.171763704789033689e+00
7.246399387004938575e+00
7.321426536998685286e+00
7.398656209819333363e+00
7.479151883027404857e+00
7.559881458184839254e+00
7.643516629760505054e+00
7.727017467337915946e+00
7.805114971293898307e+00
7.876155884043310351e+00
7.937278523546945408e+00
7.993130513339032461e+00
8.035625489363598106e+00
8.073007518698577911e+00
8.102958249479348396e+00
8.127433470805957683e+00
