4.781748121968326104e-01
4.781255121108566875e-01
4.785169112252631307e-01
4.789638059323166330e-01
4.795363218195515254e-01
4.803922718274132309e-01
4.812421656206161691e-01
4.827541153356699755e-01
4.841141257390330632e-01
4.859097900046867591e-01
4.877638529571722281e-01
4.900046197893313527e-01
4.926086411233437934e-01
4.948707592750107298e-01
4.977708675085950052e-01
5.005840407677296655e-01
5.035752260792141222e-01
5.068013507818641683e-01
5.096415895590044043e-01
5.126970686628500307e-01
5.155478736998339029e-01
5.179260849534087496e-01
5.212212167888305991e-01
5.234129294244027619e-01
5.255807808642655177e-01
5.274129463193518719e-01
5.288217959020937720e-01
5.297715813807825080e-01
5.312539153504794998e-01
5.325982087215672678e-01
5.340076310916556102e-01
5.347595129603134323e-01
5.350455956175501626e-01
5.354517089404984276e-01
5.374085792330933753e-01
5.378769810377054261e-01
5.389453682726168537e-01
5.415039539633480503e-01
5.438019698306562066e-01
5.436239070632187254e-01
5.492684437759547400e-01
5.505974914434036416e-01
5.581847009278390059e-01
5.662832638585918454e-01
5.762768494204655312e-01
5.906797824682754605e-01
6.157407587014113171e-01
6.649420168781324803e-01
7.123993612726375879e-01
7.642359787961856554e-01
8.350866470907984951e-01
1.015320378635139908e+00
1.632863128356057292e+00
1.739151552996535122e+00
0.000000000000000000e+00
0.000000000000000000e+00
0.000000000000000000e+00
0.000000000000000000e+00
0.000000000000000000e+00
0.000000000000000000e+00
0.000000000000000000e+00
0.000000000000000000e+00
0.000000000000000000e+00
0.000000000000000000e+00
0.000000000000000000e+00
0.000000000000000000e+00
0.000000000000000000e+00
0.000000000000000000e+00
0.000000000000000000e+00
0.000000000000000000e+00
0.000000000000000000e+00
0.000000000000000000e+00
3.490000536987118096e+00
3.849039699111342028e+00
0.000000000000000000e+00
0.000000000000000000e+00
0.000000000000000000e+00
0.000000000000000000e+00
2.548566759273195981e+00
2.265100324142694799e+00
3.114102481913144427e+00
2.656828280707520751e+00
2.244834673501338695e+00
2.090876384049515480e+00
2.231492601032617706e+00
2.404013623341796357e+00
3.315769085598597510e+00
0.000000000000000000e+00
3.001811372112330734e+00
2.371767262648293517e+00
1.931367175603867947e+00
2.124702590471397201e+00
2.171842143625169363e+00
2.098090906902449149e+00
0.000000000000000000e+00
3.600961345723860063e+00
2.032683490606965737e+00
2.416030924567187821e+00
2.096393961199490619e+00
1.793270617753788931e+00
1.472978942302829886e+00
2.110491473304695109e+00
0.000000000000000000e+00
0.000000000000000000e+00
0.000000000000000000e+00
3.189090836056680089e+00
2.289628345602042980e+00
1.790373539544181991e+00
0.000000000000000000e+00
0.000000000000000000e+00
0.000000000000000000e+00
2.275208013444995014e+00
0.000000000000000000e+00
2.433395349122143614e+00
3.074442377862538045e+00
4.024444571033279239e+00
2.830529733235122691e+00
0.000000000000000000e+00
0.000000000000000000e+00
3.003976853503485422e+00
1.405514698231191018e+00
2.149802602146175801e+00
1.597281324065302988e+00
2.665126794506893493e+00
2.546801352934104035e+00
0.000000000000000000e+00
0.000000000000000000e+00
1.816285573603830583e+00
2.358978284977707673e+00
0.000000000000000000e+00
5.791631845751380681e+00
5.866741044129089921e+00
5.932867230973894124e+00
6.000388725070158635e+00
6.071230784559639382e+00
6.139619786621367759e+00
6.209514414263700210e+00
6.280572409679515467e+00
6.352552842478235817e+00
6.424521261040919029e+00
6.497682568658365021e+00
6.574363375633518025e+00
6.650173447168071128e+00
6.727377130494947011e+00
6.807056407985578872e+00
6.886670353231203023e+00
6.968501286064393341e+00
7.053903008538781272e+00
7.139023899772088733e+00
7.227404444800169969e+00
7.315753872909058764e+00
7.398690596187574187e+00
7.474448678418930569e+00
7.540055768360891975e+00
7.600781768673043004e+00
7.647263237429320348e+00
7.688528027031074963e+00
7.721866308315147975e+00
7.749202590030709992e+00
