5.090868843993360260e-01
5.093344531501226014e-01
5.098236351651147524e-01
5.103488444609708408e-01
5.111031907854226564e-01
5.121140078215640212e-01
5.133933816459624877e-01
5.148368097602845639e-01
5.167264230692134586e-01
5.187379074253335443e-01
5.211848201166683348e-01
5.239574012208201292e-01
5.270765876756633439e-01
5.304326371743063318e-01
5.341927816152726161e-01
5.384900208356597773e-01
5.430887879026964349e-01
5.479409358013975773e-01
5.531470463057056586e-01
5.589095683388024538e-01
5.649134520136311899e-01
5.713351010075816694e-01
5.783317676653917383e-01
5.855558171968360259e-01
5.928117581890565146e-01
6.008418941939541735e-01
6.089823638952539531e-01
6.174452910350377577e-01
6.259045631501026774e-01
6.348179016693299426e-01
6.436823570342681267e-01
6.527303110686903942e-01
6.618653651565148399e-01
6.711540664265702727e-01
6.804372070514477233e-01
6.892878323191750090e-01
6.978434861401141553e-01
7.066881210675830527e-01
7.148166701964526748e-01
7.226038713712303885e-01
7.305845302237696792e-01
7.377404661714812573e-01
7.449693341969481075e-01
7.517656362655382729e-01
7.576851006041620540e-01
7.640673473537821225e-01
7.696944245615775504e-01
7.738565667422180328e-01
7.791088540766620829e-01
7.833379006822183133e-01
7.863761503496429217e-01
7.890612348501193640e-01
7.921634974577483890e-01
7.949729890482752914e-01
7.983742655986095782e-01
7.993585889687142565e-01
8.001819582579591250e-01
8.031797246607634833e-01
8.036436837378908571e-01
8.055814753171035569e-01
8.074700901410252207e-01
8.108314134589494904e-01
8.095942034677883203e-01
8.111418365041257461e-01
8.141563985999301645e-01
8.128747798334132746e-01
8.121929214529348684e-01
8.111996790298192650e-01
8.136071512288968188e-01
8.128139528880743425e-01
8.119744346099213583e-01
8.181290405400638566e-01
8.183408879437541472e-01
8.247501949526011567e-01
8.256016033015864952e-01
8.430632471726395849e-01
8.406346901494132773e-01
8.477591864094147223e-01
8.561954841164806096e-01
8.699935553101632024e-01
8.599315506537364984e-01
9.044289893830222971e-01
9.160420597504249640e-01
9.516815005866769983e-01
9.558886478396269037e-01
1.053332562612073309e+00
1.137212907181811783e+00
1.214975188461814293e+00
1.284310630969647038e+00
1.417647404346950912e+00
1.619505400081698632e+00
1.849905933799145252e+00
2.151604159561625096e+00
2.369416017233076044e+00
3.594382235338337672e+00
0.000000000000000000e+00
0.000000000000000000e+00
0.000000000000000000e+00
0.000000000000000000e+00
0.000000000000000000e+00
0.000000000000000000e+00
0.000000000000000000e+00
0.000000000000000000e+00
0.000000000000000000e+00
0.000000000000000000e+00
0.000000000000000000e+00
0.000000000000000000e+00
0.000000000000000000e+00
0.000000000000000000e+00
0.000000000000000000e+00
0.000000000000000000e+00
0.000000000000000000e+00
0.000000000000000000e+00
0.000000000000000000e+00
4.993200458806215103e+00
0.000000000000000000e+00
0.000000000000000000e+00
0.000000000000000000e+00
4.010785302609636283e+00
0.000000000000000000e+00
0.000000000000000000e+00
0.000000000000000000e+00
0.000000000000000000e+00
0.000000000000000000e+00
0.000000000000000000e+00
0.000000000000000000e+00
0.000000000000000000e+00
0.000000000000000000e+00
0.000000000000000000e+00
0.000000000000000000e+00
0.000000000000000000e+00
4.715978210118787040e+00
3.329274813654325982e+00
3.586407974816093081e+00
3.209126721521952774e+00
4.034756361277898051e+00
4.416886387930313518e+00
0.000000000000000000e+00
0.000000000000000000e+00
2.880089041604207090e+00
3.163606780482886460e+00
4.737238923794841128e+00
4.445736024650501328e+00
4.886015783892761810e+00
0.000000000000000000e+00
0.000000000000000000e+00
0.000000000000000000e+00
0.000000000000000000e+00
0.000000000000000000e+00
0.000000000000000000e+00
0.000000000000000000e+00
3.114147830774544268e+00
3.102102644331489412e+00
4.606637831037796005e+00
0.000000000000000000e+00
0.000000000000000000e+00
0.000000000000000000e+00
3.337076444648716667e+00
0.000000000000000000e+00
0.000000000000000000e+00
0.000000000000000000e+00
0.000000000000000000e+00
0.000000000000000000e+00
4.641597297336212513e+00
0.000000000000000000e+00
0.000000000000000000e+00
3.873543240382980812e+00
0.000000000000000000e+00
0.000000000000000000e+00
0.000000000000000000e+00
0.000000000000000000e+00
0.000000000000000000e+00
0.000000000000000000e+00
3.992497692653581787e+00
0.000000000000000000e+00
0.000000000000000000e+00
0.000000000000000000e+00
0.000000000000000000e+00
4.682317986642574148e+00
0.000000000000000000e+00
0.000000000000000000e+00
3.845140889532072670e+00
6.514391163718581623e+00
6.555275998168696994e+00
6.598361816462203322e+00
6.642938126146192168e+00
6.684419321983173568e+00
6.727690187781930398e+00
6.770272173173350616e+00
6.813889985556969009e+00
6.857819362629694382e+00
6.902181842005275847e+00
6.947739843024945294e+00
6.992597219597141311e+00
7.038699435791426318e+00
7.083584497266245172e+00
7.130058896710735006e+00
7.175007583572864611e+00
7.222166856679802294e+00
7.267723115366321096e+00
7.313415454527704362e+00
7.362631114466774207e+00
7.409437942830683355e+00
7.456971756834812837e+00
7.507864114904539754e+00
7.556504218508476534e+00
7.603721952779499027e+00
7.653992766059561248e+00
7.703108433462032778e+00
7.753971369434035310e+00
7.802421811239928395e+00
7.851244490407753851e+00
7.902179513697750401e+00
7.954664060861144748e+00
8.006092568235805729e+00
8.057544484685134734e+00
8.110469663993486122e+00
8.163761142242265123e+00
8.213609834729544090e+00
8.266139612209975951e+00
8.319806971342668334e+00
8.374278105388142990e+00
8.430415011894458743e+00
8.483316024746127226e+00
8.538101677253949973e+00
8.595687867958584860e+00
8.650612181234217601e+00
8.708070778170210247e+00
8.765001012932545521e+00
8.822889762446862960e+00
8.879767278204770520e+00
8.940283914740181359e+00
9.000040784377857150e+00
9.055867386710817257e+00
9.112807300537541622e+00
9.173270287005337309e+00
9.235168881375560801e+00
9.297220812189930683e+00
9.356902705648741048e+00
9.421256761798115775e+00
9.481208478232204584e+00
9.544689502441437767e+00
9.610392528312823757e+00
9.669662778288035554e+00
9.737145084470181899e+00
9.805388805789679196e+00
9.871574868319449081e+00
9.941263398854591316e+00
1.000441843450392909e+01
1.006850867941379590e+01
1.014333156464599917e+01
2.137207219556968685e+00
1.028494186382514286e+01
1.035809329633358367e+01
1.042064712231680801e+01
1.049831254337929387e+01
1.057228991906762516e+01
1.064977971208288032e+01
1.072426788370941608e+01
3.007024753532827166e+00
1.089151330976950049e+01
1.096437413276023598e+01
1.104255624475652553e+01
1.112654589242144354e+01
0.000000000000000000e+00
2.333482498863961752e+00
1.137163010430316312e+01
2.257052157126565817e+00
1.154110148052904350e+01
1.163719366949325895e+01
0.000000000000000000e+00
1.181474871125775650e+01
1.190578718471400244e+01
0.000000000000000000e+00
1.209889893779743986e+01
1.219628257205544664e+01
1.229716379266256432e+01
0.000000000000000000e+00
1.250529505104714723e+01
1.260586377280156611e+01
1.271099586606188936e+01
1.282006205347274097e+01
1.293707428352796462e+01
0.000000000000000000e+00
1.156931966988523630e+00
1.329723893556019299e+01
1.341338774903758413e+01
1.353254689604421657e+01
1.366621786085111800e+01
1.379330255700560315e+01
1.392857069468635522e+01
1.407005428745193676e+01
1.420855994666745303e+01
1.433127103599889729e+01
1.447688944684816192e+01
1.463410439001355101e+01
1.480317838433117572e+01
1.494843036307932138e+01
1.510765947474322779e+01
1.526982498199322613e+01
1.544803414554121979e+01
1.563563256620098585e+01
1.582813105382544272e+01
1.602941306624374462e+01
1.625184129640711816e+01
1.644198356002312522e+01
1.666652507366520908e+01
1.687589905580003347e+01
1.713073948166190164e+01
1.741788995383883076e+01
1.765121007446452950e+01
1.788757050779521762e+01
1.816956836568822808e+01
1.847995457628096716e+01
1.878488087147600538e+01
1.915618836389687374e+01
1.947317056246686917e+01
1.978006304655814418e+01
2.008466864744236346e+01
2.037981745042449333e+01
2.068336256258267980e+01
2.110359344105450319e+01
2.140861504566791851e+01
2.166276069945972793e+01
2.196445558260261777e+01
2.222714976496088113e+01
2.249953080656375803e+01
2.283677466877999862e+01
2.287671965831626508e+01
