5.082931935146119962e-01
5.085933923926847511e-01
5.091511173989731187e-01
5.099051132183715085e-01
5.110176886116840622e-01
5.124827160423304218e-01
5.142723953685028881e-01
5.168167101314542489e-01
5.195821576528328878e-01
5.229684990907974562e-01
5.269346671497874279e-01
5.315453840342005964e-01
5.367836610721716806e-01
5.425208731440996912e-01
5.491353503648775947e-01
5.563938153772454154e-01
5.643126404937504059e-01
5.729751762686574601e-01
5.821373519198103086e-01
5.918642694141743599e-01
6.026037359200585586e-01
6.136707625448922787e-01
6.255210609491956841e-01
6.374632055021387522e-01
6.500387704320168547e-01
6.629775146215930448e-01
6.761027191690700544e-01
6.893473279787112329e-01
7.026216893025245547e-01
7.158989323602145127e-01
7.291669687576656234e-01
7.418343841620372858e-01
7.545274118545042263e-01
7.659690334838024084e-01
7.773913940864584093e-01
7.880295282772895593e-01
7.976284400645302641e-01
8.062752202581866534e-01
8.147321776621724299e-01
8.222110329851084476e-01
8.295971214105908320e-01
8.351293195777425016e-01
8.397117999630997476e-01
8.441689698804727415e-01
8.480660951281288051e-01
8.508969144221932845e-01
8.535728458496061322e-01
8.572665849665189741e-01
8.567074779282362051e-01
8.593837890697620940e-01
8.605827656104457768e-01
8.615348311836099615e-01
8.630930982281771469e-01
8.644987343984587014e-01
8.691750814131117275e-01
8.645913436964690613e-01
8.655087437837032383e-01
8.671077744385337072e-01
8.715175288269150222e-01
8.767109979290395039e-01
8.876695805329726241e-01
9.065813295194878885e-01
9.169040396204277688e-01
9.270521717222558467e-01
9.242793903850266002e-01
9.544319466329206358e-01
9.851630088619932613e-01
1.048824890768007778e+00
1.083502148831993583e+00
1.150836242560441036e+00
1.316682660939850313e+00
1.422918874597539185e+00
1.588800224171663888e+00
1.966872465435091977e+00
2.426771980933090767e+00
3.936966766860257039e+00
4.674592703947945793e+00
0.000000000000000000e+00
0.000000000000000000e+00
0.000000000000000000e+00
0.000000000000000000e+00
0.000000000000000000e+00
0.000000000000000000e+00
0.000000000000000000e+00
0.000000000000000000e+00
0.000000000000000000e+00
0.000000000000000000e+00
0.000000000000000000e+00
0.000000000000000000e+00
0.000000000000000000e+00
0.000000000000000000e+00
0.000000000000000000e+00
0.000000000000000000e+00
0.000000000000000000e+00
0.000000000000000000e+00
0.000000000000000000e+00
0.000000000000000000e+00
0.000000000000000000e+00
0.000000000000000000e+00
0.000000000000000000e+00
0.000000000000000000e+00
0.000000000000000000e+00
0.000000000000000000e+00
4.063501438585984005e+00
0.000000000000000000e+00
4.138486560126366953e+00
0.000000000000000000e+00
0.000000000000000000e+00
0.000000000000000000e+00
0.000000000000000000e+00
3.828041141846911355e+00
4.489927612414105873e+00
0.000000000000000000e+00
0.000000000000000000e+00
0.000000000000000000e+00
0.000000000000000000e+00
0.000000000000000000e+00
4.910702766793587415e+00
0.000000000000000000e+00
0.000000000000000000e+00
0.000000000000000000e+00
4.412455930836378215e+00
4.399144614791331342e+00
0.000000000000000000e+00
0.000000000000000000e+00
0.000000000000000000e+00
0.000000000000000000e+00
0.000000000000000000e+00
0.000000000000000000e+00
5.381915131952060172e+00
3.000434085260482053e+00
4.357213826119174627e+00
6.522786151833837920e+00
6.583365915347402897e+00
0.000000000000000000e+00
6.708807202075675491e+00
6.772420452380369937e+00
6.836851827753037014e+00
6.902989722384957894e+00
6.978048024400115956e+00
7.076982250694715759e+00
7.146673533666556111e+00
7.215922037380578580e+00
7.286506397579984196e+00
7.359837462694422072e+00
7.433709450663292806e+00
7.509757940447324032e+00
7.588962873151528399e+00
7.668560718355741379e+00
7.750942869251524314e+00
7.833167921431869019e+00
7.909908301189872759e+00
7.979673198541164858e+00
8.039671347970818616e+00
8.094376422952924699e+00
8.135939411350724626e+00
8.172325078905798179e+00
8.201461886341059326e+00
8.225161571812387606e+00
