5.057241425766499932e-01
5.064307326012195132e-01
5.076170790186270709e-01
5.095964491615704306e-01
5.124526452185316217e-01
5.164438076671381550e-01
5.216042283994553053e-01
5.282542330769153249e-01
5.364969763453080187e-01
5.464384537372439787e-01
5.580438850615158097e-01
5.716212861585171501e-01
5.870155052941974372e-01
6.042320937173828455e-01
6.234278461469636712e-01
6.445041046543237284e-01
6.671589854373083384e-01
6.915071564680073113e-01
7.172375070849736911e-01
7.441272602814227310e-01
7.714384683018554734e-01
7.991373019732885830e-01
8.263317971316068711e-01
8.529267848080327452e-01
8.784632857891084834e-01
9.021866733713043152e-01
9.233819650420553860e-01
9.413931940512595409e-01
9.564234067673182960e-01
9.701509778636976389e-01
9.816517213182820445e-01
9.895298204555965649e-01
9.963648251130572397e-01
1.001114970683999461e+00
1.004749062483910160e+00
1.011012513333749752e+00
1.013619033420964710e+00
1.014464160580818897e+00
1.022637183452710374e+00
1.041354346979185275e+00
0.000000000000000000e+00
0.000000000000000000e+00
0.000000000000000000e+00
0.000000000000000000e+00
0.000000000000000000e+00
0.000000000000000000e+00
0.000000000000000000e+00
0.000000000000000000e+00
0.000000000000000000e+00
