4.992337532258533384e-01
4.993738347595018112e-01
4.998964474434104410e-01
5.004513441397666629e-01
5.015614633268816736e-01
5.027782750535871870e-01
5.042149011574028616e-01
5.063244402530108212e-01
5.085888735801188387e-01
5.113249806419483123e-01
5.145200080246553620e-01
5.180910994803850089e-01
5.222238609397397147e-01
5.264488137775892307e-01
5.313442102810721490e-01
5.366167588112683573e-01
5.420435627879272023e-01
5.480673265058775279e-01
5.541020105500211734e-01
5.602433165351689004e-01
5.667115730458303080e-01
5.726989066261622963e-01
5.796485738814916022e-01
5.855207934142661053e-01
5.914790788195881666e-01
5.968678345314402112e-01
6.011982330219937110e-01
6.056448250063345418e-01
6.099772396283466014e-01
6.139122846107922804e-01
6.175936349889749044e-01
6.208939469173643255e-01
6.231012059375972134e-01
6.255616463877853306e-01
6.279812689723941466e-01
6.304274604677505556e-01
6.325835350891513276e-01
6.338950712601705284e-01
6.331209324839059960e-01
6.332649038267754715e-01
6.366228602205273868e-01
6.379673297220710415e-01
6.403537289118133025e-01
6.377829487249755402e-01
6.363925343777782073e-01
6.351329360742996588e-01
6.443597467465697060e-01
6.440019077906183886e-01
6.471981775803202774e-01
6.526727373734168003e-01
6.680296662253052409e-01
6.935809371251786537e-01
7.027324696006626015e-01
7.132739299684051071e-01
7.569564785005398200e-01
8.227565621239225635e-01
9.045611463375841099e-01
1.139104078271251375e+00
1.329607927835559922e+00
0.000000000000000000e+00
0.000000000000000000e+00
0.000000000000000000e+00
0.000000000000000000e+00
0.000000000000000000e+00
0.000000000000000000e+00
0.000000000000000000e+00
0.000000000000000000e+00
0.000000000000000000e+00
0.000000000000000000e+00
0.000000000000000000e+00
0.000000000000000000e+00
0.000000000000000000e+00
0.000000000000000000e+00
0.000000000000000000e+00
0.000000000000000000e+00
3.158462026866001970e+00
0.000000000000000000e+00
0.000000000000000000e+00
3.369514641520884091e+00
0.000000000000000000e+00
0.000000000000000000e+00
0.000000000000000000e+00
0.000000000000000000e+00
2.865743285368788307e+00
0.000000000000000000e+00
3.681144897240867575e+00
0.000000000000000000e+00
0.000000000000000000e+00
0.000000000000000000e+00
0.000000000000000000e+00
0.000000000000000000e+00
0.000000000000000000e+00
0.000000000000000000e+00
0.000000000000000000e+00
0.000000000000000000e+00
0.000000000000000000e+00
0.000000000000000000e+00
0.000000000000000000e+00
0.000000000000000000e+00
0.000000000000000000e+00
0.000000000000000000e+00
0.000000000000000000e+00
3.031651880572027391e+00
2.243768058461901749e+00
2.132816640891995963e+00
2.622839409759375240e+00
1.313051063291869491e+00
1.107518137839961447e+00
1.408321391363127395e+00
1.807937431313131338e+00
0.000000000000000000e+00
0.000000000000000000e+00
0.000000000000000000e+00
2.319259644848518764e+00
0.000000000000000000e+00
0.000000000000000000e+00
1.795385006246871917e+00
2.778689960192957997e+00
0.000000000000000000e+00
2.713381091621298591e+00
0.000000000000000000e+00
3.458214814033539142e+00
0.000000000000000000e+00
0.000000000000000000e+00
1.858949431392179941e+00
1.611485959355733355e+00
1.396840588769001190e+00
1.916244913864097787e+00
0.000000000000000000e+00
5.761018661753896097e+00
5.825064794922577782e+00
5.887873287018051904e+00
1.511290228520210777e+00
0.000000000000000000e+00
6.085328451738907241e+00
1.637371434597995501e+00
6.217804020489736239e+00
0.000000000000000000e+00
1.254407206040575096e+00
2.321954003068721573e+00
6.500407294129034952e+00
6.574534695582181065e+00
1.545685601073616855e+00
6.720517541903054948e+00
8.280396862860590623e-01
6.874455185334987561e+00
6.953724072758951102e+00
7.034151700668091145e+00
0.000000000000000000e+00
7.206765355129348016e+00
7.292265934117137860e+00
8.945841269185494937e-01
7.450985363043524323e+00
7.524385402733219763e+00
7.580911050174026222e+00
7.633394850687356126e+00
7.673281873256694752e+00
7.711933186028186782e+00
7.746107186276046441e+00
