0.000000000000000000e+00
5.099303924681437561e-01
5.105908945397947818e-01
5.114422952593484784e-01
0.000000000000000000e+00
5.142007427122140539e-01
5.161337331077894275e-01
5.187278038333063002e-01
5.216111724616832035e-01
5.251473127775307947e-01
5.292462402326052473e-01
5.340113853949018941e-01
0.000000000000000000e+00
5.454674316494079189e-01
5.523842864781485229e-01
0.000000000000000000e+00
5.683530688627683736e-01
5.775130253730665908e-01
5.873705282060167621e-01
5.979614931245158527e-01
6.096339792503949750e-01
6.219295326755938103e-01
6.351262749058877999e-01
0.000000000000000000e+00
6.637478728002633721e-01
6.792964150191943551e-01
6.956237864375334201e-01
0.000000000000000000e+00
7.305864021599204339e-01
7.492682017608047751e-01
7.685400079141818663e-01
0.000000000000000000e+00
8.096658368062731315e-01
8.310585516289132890e-01
8.532185976761333945e-01
8.761542613182800032e-01
8.995080058361699660e-01
9.237286814763741027e-01
9.485932742191107714e-01
9.741960412343694253e-01
1.000245745365392125e+00
1.026929936795232479e+00
1.054165895425623223e+00
1.082058503164680996e+00
1.110397362803852594e+00
1.139293825884720057e+00
1.168887670284759039e+00
1.198991430850693929e+00
1.229466668017484166e+00
1.260358580963545139e+00
1.291906023198811759e+00
1.324057861205419906e+00
1.356393934334417350e+00
1.389589593005698065e+00
1.422891373477053412e+00
1.457028306868513701e+00
1.491204358154707199e+00
1.525896734053508341e+00
1.561194968014294027e+00
1.596568624248300150e+00
1.632878045886265950e+00
1.669263769777721285e+00
1.705800184569979727e+00
1.743746311953901840e+00
1.781235432864854973e+00
1.818800609122945611e+00
1.857001698593630623e+00
1.894645029004047299e+00
1.933613291631599340e+00
1.973094790659400743e+00
2.012465642887541151e+00
2.052060780553954800e+00
2.092061370264513886e+00
2.131462407864451514e+00
2.172036839702025990e+00
2.212855000089825719e+00
2.252299556811455883e+00
2.292470704997363384e+00
2.332165284888845669e+00
2.371222265690985154e+00
2.411156156923413896e+00
2.450270960906163253e+00
2.489360472528974189e+00
2.526553233858344072e+00
2.564492636456430663e+00
2.602023773689960962e+00
2.637830872952968253e+00
2.674786072487235433e+00
2.709866056638948084e+00
2.743540859489214334e+00
2.775608252239341489e+00
2.807461226742619775e+00
2.836497231613060332e+00
2.865422216047953885e+00
2.893717201394583771e+00
2.920085887825440096e+00
2.946071492731975106e+00
2.969490294748811987e+00
2.993635051424082150e+00
3.013869803387380308e+00
3.035760819650846098e+00
3.055718458862159093e+00
3.072169052927161914e+00
3.090513758180665427e+00
3.107260589484949875e+00
3.119056538486349339e+00
3.133057760479267095e+00
3.149051520160753181e+00
3.159434603643633377e+00
3.168259622110227713e+00
3.177475775495442356e+00
3.183760839872515902e+00
3.192510552091034182e+00
3.202598111589366248e+00
3.210460859758215157e+00
3.217066141397006529e+00
3.225168798662546799e+00
3.225095024908135155e+00
3.227314022118687564e+00
3.233420603751075539e+00
3.237186050335292276e+00
3.245534995856205196e+00
3.245943853486314978e+00
3.243189016347359566e+00
3.253057995014485559e+00
3.253090068781384847e+00
3.253954326098625671e+00
3.265472101053588094e+00
3.270990260987907572e+00
3.278501219403277211e+00
3.281782950557690093e+00
3.280637591124014651e+00
0.000000000000000000e+00
0.000000000000000000e+00
3.292372081152994845e+00
3.309236007208919084e+00
0.000000000000000000e+00
0.000000000000000000e+00
0.000000000000000000e+00
3.339893498452288334e+00
0.000000000000000000e+00
0.000000000000000000e+00
0.000000000000000000e+00
0.000000000000000000e+00
0.000000000000000000e+00
0.000000000000000000e+00
0.000000000000000000e+00
0.000000000000000000e+00
0.000000000000000000e+00
0.000000000000000000e+00
0.000000000000000000e+00
0.000000000000000000e+00
0.000000000000000000e+00
0.000000000000000000e+00
0.000000000000000000e+00
0.000000000000000000e+00
0.000000000000000000e+00
0.000000000000000000e+00
0.000000000000000000e+00
0.000000000000000000e+00
0.000000000000000000e+00
