5.106357143522600728e-01
5.109146332334464358e-01
5.113934421746022529e-01
5.119492680328699974e-01
5.127673083698693901e-01
5.137562288240283825e-01
5.150886917863936043e-01
5.165508552554456401e-01
5.184786202320194048e-01
5.205467195118057555e-01
5.230630733404703081e-01
5.258827977192891412e-01
5.290744535305589302e-01
5.325219596970489633e-01
5.363960829657541396e-01
5.408300544731103887e-01
5.455981474268193354e-01
5.506801134927071795e-01
5.561275474251256012e-01
5.621585816280215697e-01
5.685490343421285564e-01
5.753415502569163564e-01
5.828255866604419300e-01
5.906209974155629538e-01
5.986207105252439042e-01
6.072859648146555767e-01
6.164907047104675186e-01
6.258814550874591820e-01
6.356338429495476117e-01
6.459903268931155296e-01
6.565129284931134901e-01
6.673392409672409542e-01
6.785263633436245945e-01
6.901185719118102524e-01
7.020057858384614047e-01
7.138724693456900416e-01
7.256210902300711529e-01
7.380649547145911038e-01
7.501662113222150596e-01
7.622869857922544012e-01
7.744380901923673122e-01
7.866622087372967531e-01
7.986822305466095839e-01
8.107871458514199769e-01
8.222765638902270746e-01
8.338958447792150785e-01
8.448699822896367229e-01
8.552672829964693690e-01
8.656617871359437721e-01
8.752969876298246632e-01
8.840010298476573825e-01
8.926530835107353568e-01
9.009507103624807556e-01
9.088962751155199582e-01
9.170635232654004154e-01
9.224170611800611708e-01
9.277500234239031141e-01
9.338204151395945729e-01
9.389723005047319049e-01
9.434891609408080360e-01
9.474980145830147471e-01
9.516920304673737174e-01
9.547341772009183547e-01
9.583663119668693886e-01
9.613183158249980487e-01
9.613797174603783136e-01
9.640635186778159227e-01
9.638752334806084399e-01
9.655707926301344557e-01
9.646252359512398344e-01
9.658152586263292205e-01
9.675359828360676762e-01
9.672745400817295280e-01
9.722811641258397586e-01
9.701422233672131190e-01
9.722365659379456071e-01
9.697899703633090507e-01
9.728652814091175438e-01
9.779643993950339897e-01
9.809299862762006494e-01
9.772483290112463639e-01
9.802941930630212353e-01
9.858116006789470198e-01
9.845683771915932914e-01
9.832311090888711247e-01
9.935627438444385451e-01
1.006700646947620736e+00
1.012973464137221224e+00
1.024850316832765618e+00
1.023782253391807728e+00
1.052936730993388581e+00
1.080127473370041891e+00
1.080081446274410828e+00
1.116706349117710717e+00
1.127172252397359298e+00
1.189000485535788298e+00
1.235781002662786454e+00
1.353777168578705226e+00
1.440995624900884842e+00
1.728960774021818914e+00
1.847185683106859599e+00
2.127146301709096132e+00
1.892075997186336345e+00
2.073592297968449571e+00
2.291429664003302058e+00
2.729064734100377976e+00
3.666568969974829173e+00
0.000000000000000000e+00
0.000000000000000000e+00
3.946959095393905770e+00
4.784755882455833387e+00
0.000000000000000000e+00
0.000000000000000000e+00
0.000000000000000000e+00
0.000000000000000000e+00
5.091345697355265543e+00
0.000000000000000000e+00
0.000000000000000000e+00
0.000000000000000000e+00
0.000000000000000000e+00
0.000000000000000000e+00
0.000000000000000000e+00
0.000000000000000000e+00
0.000000000000000000e+00
0.000000000000000000e+00
0.000000000000000000e+00
0.000000000000000000e+00
4.665364578496231651e+00
0.000000000000000000e+00
0.000000000000000000e+00
0.000000000000000000e+00
0.000000000000000000e+00
0.000000000000000000e+00
0.000000000000000000e+00
0.000000000000000000e+00
0.000000000000000000e+00
0.000000000000000000e+00
0.000000000000000000e+00
0.000000000000000000e+00
0.000000000000000000e+00
5.567701188721038363e+00
0.000000000000000000e+00
0.000000000000000000e+00
0.000000000000000000e+00
0.000000000000000000e+00
0.000000000000000000e+00
0.000000000000000000e+00
0.000000000000000000e+00
0.000000000000000000e+00
0.000000000000000000e+00
5.777465172713485586e+00
5.549060620801944843e+00
0.000000000000000000e+00
0.000000000000000000e+00
0.000000000000000000e+00
0.000000000000000000e+00
0.000000000000000000e+00
0.000000000000000000e+00
0.000000000000000000e+00
0.000000000000000000e+00
0.000000000000000000e+00
0.000000000000000000e+00
0.000000000000000000e+00
0.000000000000000000e+00
0.000000000000000000e+00
4.293965254814354537e+00
3.903474981736364757e+00
4.055802389160835020e+00
6.384272700125030120e+00
6.417976966852448228e+00
6.451830358022140999e+00
6.487116284284285328e+00
6.522970816372391845e+00
6.558806343047797860e+00
6.594440849686971973e+00
6.630671589896306450e+00
6.667961438367547622e+00
6.705201461374097782e+00
6.742419042464494083e+00
6.780168126056143052e+00
6.818296306096719661e+00
6.856661741792628995e+00
6.895892098499034617e+00
6.933752839355451947e+00
6.973807364526010133e+00
7.015258209044183069e+00
7.054086647664343346e+00
7.094464924847129872e+00
7.134284269507266352e+00
7.175130106568825994e+00
7.216239324295376178e+00
7.257889964144779604e+00
7.300651518283474140e+00
7.342972845900414214e+00
7.386395562631990153e+00
7.428869283206002372e+00
7.472690400498551710e+00
7.515316051307793899e+00
7.559891541118491709e+00
7.602946834388918163e+00
7.646307365747794904e+00
7.692825703381014790e+00
7.737350964347301741e+00
7.782585889613217844e+00
7.830997273810358372e+00
7.877237558497814263e+00
7.922256272053431303e+00
7.970147244590033431e+00
8.017107450736885355e+00
8.065798680536873988e+00
8.112242129138724778e+00
8.159016253758863968e+00
8.207807688401162594e+00
8.257963431226329476e+00
8.307426609233992565e+00
8.356654934578862992e+00
8.407629657101590936e+00
8.458901848163069559e+00
8.507064602816443610e+00
8.557559400556703721e+00
8.609290308489663701e+00
8.661947871992733639e+00
8.715801589353226575e+00
8.767179866303075997e+00
8.820172634139066048e+00
8.875555667384562142e+00
8.928965676584605049e+00
8.984711158816734766e+00
9.039941302940571077e+00
9.095816661708100881e+00
9.151020239890726771e+00
9.209752558027336278e+00
9.267827626264137919e+00
9.322037957757421722e+00
9.377597356828683672e+00
9.436317879965368860e+00
9.496500493903665685e+00
9.556900255710990777e+00
9.614797356501776804e+00
9.677406334295381996e+00
9.735802769402448931e+00
9.797875057005544619e+00
9.861794105301234126e+00
9.920244252685785469e+00
9.986138737613634575e+00
1.005298971786128170e+01
1.011756582446643016e+01
1.018583170952365613e+01
1.024743343196590217e+01
1.031003498336047031e+01
1.038308933117773414e+01
1.045172521693835854e+01
1.052226844541369033e+01
1.059442087385708220e+01
1.065588625380560295e+01
1.073120838630697449e+01
1.080421660973994769e+01
1.088027813688329104e+01
1.095337559942349337e+01
1.103524626748550830e+01
1.111709475723541907e+01
1.118810755752093300e+01
1.126507897806459013e+01
0.000000000000000000e+00
1.142592365357085349e+01
1.150899885485500818e+01
1.158730566681915342e+01
1.167442770112974770e+01
1.175426272191297450e+01
2.747514088391967313e+00
1.193547526569434858e+01
4.805366790767982899e+00
1.211360224932639440e+01
1.221037001990658055e+01
1.230237972127658708e+01
1.239788133099679257e+01
1.249764945665636517e+01
1.259989487649954221e+01
1.270030820421824735e+01
1.279996434177578024e+01
1.290346448902515775e+01
0.000000000000000000e+00
0.000000000000000000e+00
1.323638461513611730e+01
1.335495742526246943e+01
1.347575067170181029e+01
1.358925353347298604e+01
1.370352380810320447e+01
1.383208723635344839e+01
1.395697175441882720e+01
1.409020947067618756e+01
1.422859604031731884e+01
1.435203138521619870e+01
1.449488147810697036e+01
1.463858709436882144e+01
1.479221999592179948e+01
1.495368764515595927e+01
1.508366511336873295e+01
1.520311452682272524e+01
1.535978158067997335e+01
1.553042179184128457e+01
1.570652373151663461e+01
1.588524940139697428e+01
1.607687743672606118e+01
1.628434300316193273e+01
1.645633338766477038e+01
1.666857323359851151e+01
1.686246752642290403e+01
1.710052034807158350e+01
1.736268472392048778e+01
1.758416906312936234e+01
1.780995612958151852e+01
1.805816761519915659e+01
1.833986667623890554e+01
1.861987765591070954e+01
1.894752356872266930e+01
1.922764013932353677e+01
1.950686860545308221e+01
1.978075175983593326e+01
2.003140666684283744e+01
2.031994733823921706e+01
2.067723167626759917e+01
2.093998394608703961e+01
2.116170097668613082e+01
2.139455087711013803e+01
2.162477902492626569e+01
2.187262858128313781e+01
2.214107790111673069e+01
2.215829205392749657e+01
