5.195084352858713146e+02
3.126917993758636953e+02
2.201012925901526103e+02
1.740753687843789521e+02
1.467316904814552458e+02
1.298889780094083619e+02
1.176902548936197377e+02
1.086984477329460503e+02
1.013770757820305306e+02
9.563574297566238158e+01
9.076970244465368864e+01
8.642498032935728247e+01
8.291979138763826995e+01
7.976562598156341721e+01
7.707710197069766878e+01
7.468771939710146057e+01
7.251676887805892591e+01
7.047772663734366461e+01
6.860602803628836455e+01
6.676613486289488719e+01
6.525444360776305075e+01
6.362099951050736735e+01
6.223822051954587664e+01
6.092943876361020727e+01
5.956695132971092477e+01
5.835625930912476633e+01
5.718732032460933823e+01
5.603428104329849191e+01
5.485824492113270168e+01
5.370388249881985132e+01
5.252738755315797192e+01
5.142814719867521234e+01
5.017655046185041812e+01
4.916586086918963616e+01
4.798507954273307519e+01
4.690155399672213576e+01
4.579971458494291170e+01
4.469758123053070875e+01
4.361415694905630147e+01
4.247508928186483956e+01
4.130180533961306111e+01
4.013152449393506771e+01
3.901414784551754167e+01
3.769952285490423805e+01
3.648982002941865233e+01
3.526084025057473781e+01
3.404474206255540736e+01
3.279922997056820577e+01
3.153437882687504867e+01
3.032061005721135061e+01
2.905182577797091170e+01
2.779070910066743849e+01
2.657493088737954068e+01
2.530794237063742358e+01
2.413068733085377104e+01
2.292841796207439131e+01
2.176737896725729371e+01
2.064567291879102839e+01
1.955027323976370823e+01
1.848574852976240024e+01
1.745472980095408388e+01
1.646241689611045800e+01
1.552062493413674638e+01
1.461488075372037265e+01
1.375176175701633419e+01
1.294046881459625986e+01
1.217567693651493599e+01
1.145349320281379946e+01
1.076479647862350575e+01
1.012267784735582943e+01
9.518623307077291429e+00
8.952647776467104634e+00
8.426527905247462868e+00
7.931385246762825858e+00
7.468590702364347855e+00
7.040997552744718391e+00
6.639114934900736564e+00
6.269306352955769768e+00
5.919130220010867305e+00
5.596348698892261275e+00
5.293393467897744564e+00
5.014098051936068501e+00
4.752590444556099136e+00
4.508413871953216301e+00
4.282343801429868257e+00
4.070027003265689558e+00
3.877564734680374325e+00
3.694243868208556325e+00
3.523674960550956303e+00
3.364128420942379183e+00
3.215371909546259843e+00
3.076781557464791650e+00
2.947447634603160616e+00
2.827086994885482429e+00
2.714163824661974811e+00
2.607688892174072848e+00
2.509405335963797778e+00
2.416909484182469203e+00
2.329528800807030287e+00
2.248086244720990834e+00
2.172061826591273004e+00
2.100145679349105787e+00
2.032938876234587688e+00
1.969607950471699009e+00
1.909924635616184752e+00
1.853708888421427448e+00
1.801741399589684045e+00
1.751970211042016778e+00
1.705878136531520317e+00
1.661953516797018526e+00
1.621141305049725867e+00
1.582002917414528476e+00
1.545516315619484660e+00
1.511200486764365136e+00
1.478433697950341186e+00
1.447788653541961956e+00
1.419461870089348432e+00
1.392364115775019506e+00
1.366793625102700416e+00
1.342870852707099383e+00
1.320298025626947647e+00
1.299033687031419193e+00
1.278817474421340528e+00
1.260203953026578505e+00
1.242626523571631392e+00
1.226282945110136469e+00
1.210643899903985687e+00
1.196046883089912694e+00
1.182425080288712627e+00
1.169694193670088644e+00
1.157569306982221713e+00
1.146284817780874876e+00
1.136097222249148553e+00
1.126401518073065544e+00
1.117346977856927159e+00
1.109034204833309056e+00
1.101175998681567014e+00
1.093886980981459311e+00
1.087226994395710244e+00
1.080983295930384003e+00
1.075228820797897056e+00
1.070069080744919354e+00
1.065552349402951071e+00
1.061039249103279403e+00
1.056958659363545161e+00
1.053071524887156496e+00
1.049872965924252277e+00
1.046997868653237518e+00
1.044412237122075648e+00
1.042188652221351708e+00
1.039707394789661787e+00
1.037831771794149649e+00
1.036420765134782318e+00
1.034901182017683441e+00
1.033748356919943712e+00
1.032834646052866123e+00
1.031910701246888218e+00
1.031180929144003722e+00
1.030527402848258056e+00
1.030173578755323005e+00
1.030181176594514136e+00
1.029967680067230829e+00
1.030050614692957778e+00
1.030211926048675730e+00
1.030154021278115284e+00
1.030669831012526849e+00
1.031107844267818763e+00
1.031398852527644294e+00
1.032020878589984036e+00
1.032743568013859248e+00
1.033335832705480684e+00
1.033900041148923865e+00
1.034567632347089150e+00
1.035188683095601636e+00
1.036024373305649560e+00
1.036831371672189972e+00
1.037284732236659623e+00
1.038192879448872175e+00
1.038889060004487996e+00
1.039865577543506170e+00
1.040717946390691706e+00
1.041354195457051102e+00
1.042220536680262821e+00
1.042889674383573606e+00
1.043537346145650080e+00
1.044113770381626560e+00
1.044983389428312259e+00
1.045581765055694667e+00
1.046022259794057829e+00
1.046904745257519309e+00
1.047555216088212005e+00
1.048038661292128193e+00
1.048626467455393563e+00
1.049130787465730297e+00
1.049618342611905675e+00
1.050419273368803363e+00
1.050874686599767127e+00
1.051268173851735321e+00
1.051728593835753012e+00
1.052333869828763202e+00
1.052969527835861729e+00
1.053428090750688551e+00
1.053894651531027904e+00
1.054113604088897649e+00
1.054453646758018781e+00
1.054705671283732160e+00
1.055081421344744586e+00
1.055069583753620144e+00
1.055375256196186884e+00
1.055454844730571384e+00
1.055555248942166235e+00
1.055652785289569184e+00
1.056179408522321062e+00
1.057541658403893248e+00
1.057917947230615496e+00
1.054560341176105531e+00
1.053891349806965083e+00
1.051029675405785513e+00
1.045615801968423408e+00
1.050264447133435031e+00
1.048076132560056939e+00
1.052235564223922726e+00
1.057170234447040835e+00
1.071875580769699132e+00
1.062969515140764099e+00
1.017896960242909543e+00
1.030339620861246974e+00
9.916353505894767162e-01
9.676034795094853314e-01
1.093451682824120974e+00
9.504512716614348378e-01
1.010650760627772371e+00
1.039178427672781346e+00
1.016340044031177614e+00
1.003782666282538649e+00
1.010397159882970630e+00
1.073603167758051979e+00
1.062644692684757919e+00
1.007947744764565057e+00
9.993136084429040666e-01
9.737873061797880370e-01
9.863352814481773922e-01
1.022890961422369793e+00
1.027522831951704463e+00
9.666042024820350465e-01
1.008285990476711191e+00
1.000426093165121211e+00
9.517607728862763627e-01
9.781001141622255313e-01
1.002811961119518536e+00
