8.189366947001695962e+02
5.028710040233745531e+02
3.358704784223919546e+02
2.574392234111907101e+02
2.112058451070944614e+02
1.821530126812444905e+02
1.619949654594364858e+02
1.473286555852133120e+02
1.367516552253609916e+02
1.278978292387763247e+02
1.201024115083458241e+02
1.142508953360288331e+02
1.087446569172874007e+02
1.042094135378387136e+02
1.005460685722274548e+02
9.682573184514531306e+01
9.401955397770339573e+01
9.096402945303181298e+01
8.845251315363104538e+01
8.604332498412455266e+01
8.388180269535510547e+01
8.167369156248965112e+01
7.996026432903522618e+01
7.810781717835931204e+01
7.640757311794217799e+01
7.489903114873457923e+01
7.332358748588677599e+01
7.180220277925889150e+01
7.048579626526765196e+01
6.907527616750046207e+01
6.779373203837745621e+01
6.646599122441848806e+01
6.522468866660328501e+01
6.401733383779763642e+01
6.290662936687150619e+01
6.168947421256648767e+01
6.052668161933435442e+01
5.944967417454415681e+01
5.848657025035517876e+01
5.736021866786451540e+01
5.622753558400736296e+01
5.526504048706186722e+01
5.424490345719044626e+01
5.315269492718427813e+01
5.197277495417792181e+01
5.093776934902646758e+01
4.995313186010491791e+01
4.899178380628001861e+01
4.794525747732757992e+01
4.693711749369544606e+01
4.592186425777113357e+01
4.484653788674356178e+01
4.379326679185789573e+01
4.277297676948838756e+01
4.170613991708270163e+01
4.071816267082009944e+01
3.962404616905567423e+01
3.853740364216613301e+01
3.750940294053059176e+01
3.642033617936499468e+01
3.535155270041466480e+01
3.421427741359057251e+01
3.307712632385473484e+01
3.194396427580943865e+01
3.080629178924274569e+01
2.967381580590031476e+01
2.854385496234807817e+01
2.744477938399370132e+01
2.629778334440901233e+01
2.517076988515578151e+01
2.407971855790326643e+01
2.299190147399329831e+01
2.190387740844587583e+01
2.085088311416842188e+01
1.981530771678025005e+01
1.880661197299166432e+01
1.782957750079357240e+01
1.688612381332642443e+01
1.597555214107505961e+01
1.510148299739680944e+01
1.426941845836369538e+01
1.348581573694638713e+01
1.273191673146871672e+01
1.200444683627609876e+01
1.133113468033893056e+01
1.068396895599290630e+01
1.007815182956467659e+01
9.515754214675576250e+00
8.974756105155096364e+00
8.476405217405943660e+00
8.000511334206859004e+00
7.562236421907972073e+00
7.149840838340066007e+00
6.765030962355756294e+00
6.403390042284469175e+00
6.068508545457301118e+00
5.754547951659094274e+00
5.460399834736171520e+00
5.185466670424704105e+00
4.930154492803962007e+00
4.693327902607078883e+00
4.468917816198463733e+00
4.258073374680900081e+00
4.063970728878390837e+00
3.880775643943641828e+00
3.710534786364515725e+00
3.551195921183442739e+00
3.401313520635411258e+00
3.261988083232735924e+00
3.129680184524757713e+00
3.008644906042150513e+00
2.892695025457702407e+00
2.783743000946025337e+00
2.682014386521668126e+00
2.585747150731606325e+00
2.495978591017752990e+00
2.411346523310731627e+00
2.331888547142967116e+00
2.256420365526096816e+00
2.185736070498360384e+00
2.118489808123457330e+00
2.055741331002964856e+00
1.996998312893615735e+00
1.940660366258359248e+00
1.887921108456434904e+00
1.837998833866292259e+00
1.790680743935858521e+00
1.745968356652621400e+00
1.703871712214298562e+00
1.663743618398297874e+00
1.626335040830197753e+00
1.590557028855297039e+00
1.556715889328894153e+00
1.524648474592160907e+00
1.494334207265088699e+00
1.465602004643635770e+00
1.438420715542505945e+00
1.412609808429204028e+00
1.387832718283499744e+00
1.365215486236543097e+00
1.343295756183266132e+00
1.322811895093744194e+00
1.303400371152078296e+00
1.284897237471052556e+00
1.267441615137955946e+00
1.250670487277606657e+00
1.235334014850049789e+00
1.220565517689773172e+00
1.206932790933302080e+00
1.194232403275039989e+00
1.181534898809099232e+00
1.169838929588800536e+00
1.159354159844858900e+00
1.148819757816553100e+00
1.139427913299818407e+00
1.130523204880483634e+00
1.121907664248273484e+00
1.113766631829763210e+00
1.106441230327718461e+00
1.099441838607497557e+00
1.093304425379859834e+00
1.087268083940084562e+00
1.081623925970381261e+00
1.076317156912990569e+00
1.071259537248798299e+00
1.066836377475486985e+00
1.062958443466178515e+00
1.059195927168027129e+00
1.055619643846689826e+00
1.052641029063339229e+00
1.049920965486266233e+00
1.047210494388186586e+00
1.044786310635539728e+00
1.042556473413027041e+00
1.040621679498263896e+00
1.038794849022672162e+00
1.037194424161393513e+00
1.036101735941206581e+00
1.034857715402588196e+00
1.033987173037591578e+00
1.033352160476461057e+00
1.032733228242858514e+00
1.032164920510276973e+00
1.031738985444723866e+00
1.031323052651199834e+00
1.031214851901858909e+00
1.031323977874332387e+00
1.031467237708352247e+00
1.031783970470366851e+00
1.031917403122635024e+00
1.032276346446142190e+00
1.032465674522113463e+00
1.032903866770227941e+00
1.033591660571576698e+00
1.033976974561809925e+00
1.034560649519900899e+00
1.035389071610636424e+00
1.036097118697272723e+00
1.036783468958462517e+00
1.037311494899238795e+00
1.038236674577601493e+00
1.038996269498359437e+00
1.039671500371190271e+00
1.040444409385212321e+00
1.040522130927419964e+00
1.041187649526363224e+00
1.041833425019573989e+00
1.041777529577939010e+00
1.041668276309502206e+00
1.042621012688980997e+00
1.043004992874087877e+00
1.043011301926424217e+00
1.043190952807341532e+00
1.043839596896389166e+00
1.043904609226003366e+00
1.041625088763308948e+00
1.042672738216994244e+00
1.038694201229524605e+00
1.039581025317717788e+00
1.046663563822780585e+00
1.050560461187469707e+00
1.045817778380645269e+00
1.029574974008935939e+00
1.014192776886541747e+00
1.024287124401081384e+00
9.869587712033737192e-01
9.855045834130675697e-01
9.555526099008297969e-01
9.926351649991915771e-01
1.045552559817094718e+00
1.008087745192839835e+00
9.923127170581198531e-01
9.130792370677646153e-01
9.643372856500730395e-01
1.006707876388035494e+00
9.653423949845587604e-01
9.756929308086685904e-01
1.086178765110102695e+00
9.688029905846211598e-01
9.841623479244955286e-01
1.003928896764412881e+00
9.726497933925590811e-01
1.025786837297028686e+00
1.027942392861733500e+00
9.578517345763944979e-01
9.667888689112205114e-01
9.538571702415995501e-01
9.444347777405179833e-01
9.856205904179965449e-01
1.053554920524359506e+00
