3.701680422639751100e+01
3.769745236446369319e+01
3.780257963979877189e+01
3.788365314210631851e+01
3.794555412110678816e+01
3.799661546473369356e+01
3.803243888827207542e+01
3.806638885080356971e+01
3.808658250963370051e+01
3.809865164713048102e+01
3.810170993399403727e+01
3.809809410434064603e+01
3.809310823277283475e+01
3.806882103691262387e+01
3.804186633747352175e+01
3.799534893985227768e+01
3.794890346025174921e+01
3.789100268056760967e+01
3.782290341255144028e+01
3.774191342323609177e+01
3.765845096046509610e+01
3.755281005421490192e+01
3.745109392571431073e+01
3.733165093339493978e+01
3.719855206891315902e+01
3.706092063195497133e+01
3.690929217368400828e+01
3.675161343396442248e+01
3.658021019351151892e+01
3.639805528370649768e+01
3.621368561623140181e+01
3.601130438954906765e+01
3.579720782277822622e+01
3.558207566103285302e+01
3.534643215524022253e+01
3.511511831530047800e+01
3.486715818847922321e+01
3.460733215166198562e+01
3.434332638892248468e+01
3.407762092609029736e+01
3.379849399363403251e+01
3.352213141279995767e+01
3.323375327699647386e+01
3.294203070390891952e+01
3.263967943981095488e+01
3.233850837111913279e+01
3.202876820864464946e+01
3.171739699897812059e+01
3.140114077580933838e+01
3.108923152585165894e+01
3.077046358414699156e+01
3.045067103212953796e+01
3.012244185955050924e+01
2.980575454340213781e+01
2.948348045313966992e+01
2.916292567449947981e+01
2.883353954477422221e+01
2.851749278046619906e+01
2.819513915100914758e+01
2.787650127234876507e+01
2.755159897426083759e+01
2.724212618782237172e+01
2.691910474271869091e+01
2.661009322093649487e+01
2.629691919143029821e+01
2.599247944565454205e+01
2.568988051887149027e+01
2.538831716857880849e+01
2.509542787459924185e+01
2.479251678193467967e+01
2.451104778828312902e+01
2.422216993582537725e+01
2.394124255198619622e+01
2.366866907374331319e+01
2.339558143845564686e+01
2.313138024066000398e+01
2.286625418798565335e+01
2.260791960387547306e+01
2.236172441194259619e+01
2.211404670921558235e+01
2.187232062646774011e+01
2.163509913070706858e+01
2.140795843986954949e+01
2.118232413323404373e+01
2.096756488642356331e+01
2.075107520407927097e+01
2.054925763620713752e+01
2.035216648755587343e+01
2.016204897541664565e+01
1.997850507548228194e+01
1.979761763950288511e+01
1.962534183606506133e+01
1.945981543582792384e+01
1.930125250461949804e+01
1.915035905308383946e+01
1.900325367716823877e+01
1.886544628142878111e+01
1.873523841019406788e+01
1.861242874044091167e+01
1.849652092515757218e+01
1.838892944847634681e+01
1.828513396309048034e+01
1.818806658867174519e+01
1.810107406800611685e+01
1.801772237960669898e+01
1.793640950642628340e+01
1.786948605593506656e+01
1.780396398808314729e+01
1.775003982356015086e+01
1.769450231986673217e+01
1.765446079572172877e+01
1.760970056927008187e+01
1.757520544994406464e+01
1.754674262325189815e+01
1.752026468955728689e+01
1.749803788135598737e+01
1.748552342632549284e+01
1.747211708165893995e+01
1.746940188187419807e+01
1.746469711876478570e+01
1.746710365029650092e+01
1.747019131645905077e+01
1.748041429612232633e+01
1.749716255266968901e+01
1.751370764071926800e+01
1.753639309980283301e+01
1.756042950438596506e+01
1.758621444585735460e+01
1.762042487433469162e+01
1.765205072278113718e+01
1.769186884660887316e+01
1.772850747460920573e+01
1.776994819160873362e+01
1.781030407277960137e+01
1.785934813550846556e+01
1.790586120223060362e+01
1.795408063647456487e+01
1.800605822489427510e+01
1.805954984329107305e+01
1.811609080370680047e+01
1.817053482170958745e+01
1.822748959856657791e+01
1.828838717906553768e+01
1.834786842673481289e+01
1.840872774582289395e+01
1.847042617217349658e+01
1.853769780947702728e+01
1.860424667007785260e+01
1.867724227380660551e+01
1.874976625852676904e+01
1.882215284069423689e+01
1.889346758986740227e+01
1.897003097638434710e+01
1.904826023142761571e+01
1.912858319820168518e+01
1.921316446411327661e+01
1.929647091384785540e+01
1.937794698899909207e+01
1.946571982950749558e+01
1.955875763055507832e+01
1.965286633143640671e+01
1.974946079502601037e+01
1.985315555496172024e+01
1.995598427632306837e+01
2.005785075079334234e+01
2.017210406799619093e+01
2.027780050149273450e+01
2.039741307300545614e+01
2.052070666754822525e+01
2.065063199625945245e+01
2.078636174076812182e+01
2.092662339830808449e+01
2.107245858601970667e+01
2.122859405587837855e+01
2.139005190157564229e+01
2.156140086467368633e+01
2.174016713652685695e+01
2.192787271036046803e+01
2.213075945431158686e+01
2.235164401772362552e+01
2.258262371958239356e+01
2.282981741012267918e+01
2.309846482708717375e+01
2.338017893313111628e+01
2.368800770381977117e+01
2.402764189418823548e+01
2.438930544981296933e+01
2.478679069629706078e+01
2.522865605262397182e+01
2.570671816303381974e+01
2.624691919967780862e+01
2.685974818944994169e+01
2.755799120183220552e+01
2.837055370982827540e+01
2.930488504758214674e+01
3.040731117002613715e+01
3.169258310444391924e+01
3.315785020222501345e+01
3.476660025797460918e+01
3.643808886589606288e+01
3.802443788912788136e+01
3.932269613002250708e+01
4.007306381125158623e+01
4.002994826974187248e+01
3.899982559598402077e+01
3.686723595762064321e+01
3.369482308079138733e+01
2.965926838773356877e+01
2.509480092781229033e+01
2.034356129808203306e+01
1.576993910319924552e+01
1.167775187805575321e+01
8.246758960168000030e+00
5.560163245943381405e+00
3.567371944417129903e+00
2.175074863266646563e+00
1.266191704613379487e+00
7.021936100952286264e-01
3.713447223610958359e-01
1.874167399637215459e-01
9.140447616159506905e-02
4.310704800157395128e-02
2.015081754554435764e-02
9.669112321543417432e-03
5.006530876218755026e-03
3.248563024920025563e-03
2.491226651881282925e-03
2.232663974489850541e-03
2.017124823459317141e-03
1.993751123463951939e-03
2.008954786301643449e-03
1.861992738049875152e-03
1.973356472703140848e-03
1.806615561773473790e-03
1.713313539479304273e-03
1.692930180478008449e-03
1.736613440611752294e-03
1.621350753272077228e-03
1.645341193421932585e-03
1.614814186863159501e-03
1.433363081124556506e-03
1.373375620414405860e-03
1.406784309471051332e-03
1.365087331518471383e-03
1.392491305017983785e-03
1.307651202026458882e-03
1.227472530126947400e-03
1.264862594049247788e-03
1.137189480166818671e-03
1.189022969733813297e-03
