3.700210621588283288e+01
3.767093028004232025e+01
3.775798715656206639e+01
3.782571283488195490e+01
3.787537054068278053e+01
3.791747551209851963e+01
3.794654995055260827e+01
3.797563281812728775e+01
3.799085574406631594e+01
3.800060365858733036e+01
3.799978002477467243e+01
3.799333684146998280e+01
3.798618612962712859e+01
3.795860593403999417e+01
3.792930193898386904e+01
3.788136164206524370e+01
3.783293981695953079e+01
3.777329843595427405e+01
3.770272998490580818e+01
3.761964446027652542e+01
3.753206412470563436e+01
3.742386988149969795e+01
3.731979191606404100e+01
3.719856098619318630e+01
3.706408708830928589e+01
3.692456948540247907e+01
3.676961013969111747e+01
3.661098764306736086e+01
3.643798737419900391e+01
3.625378359753970869e+01
3.606576065718682855e+01
3.586292234710460747e+01
3.564819141800297331e+01
3.543026417762334290e+01
3.519458770712480344e+01
3.496117753761934921e+01
3.471146769964356338e+01
3.444980302199768829e+01
3.418428887622811629e+01
3.391860662978946550e+01
3.363693467840690943e+01
3.335799425645638649e+01
3.306727703033163834e+01
3.277669318844982627e+01
3.247192901599252224e+01
3.216928487369150247e+01
3.185666287376054484e+01
3.154421648386176358e+01
3.122566688830313808e+01
3.091404616248327386e+01
3.059440360181932306e+01
3.027264450776751659e+01
2.994140689063303640e+01
2.962268709736158812e+01
2.929913302724941460e+01
2.897650583507737920e+01
2.864593839777656115e+01
2.832663918206304032e+01
2.800086938498419542e+01
2.768111982415155836e+01
2.735426293208891835e+01
2.704187318889151470e+01
2.671608178637664821e+01
2.640489118081253039e+01
2.608727384663980686e+01
2.577787146920025307e+01
2.547352974788593372e+01
2.516633524272269895e+01
2.486715536221855061e+01
2.456023967860907220e+01
2.427015388953238073e+01
2.397661306830951489e+01
2.368866938404846323e+01
2.340780998664061130e+01
2.312563039396725983e+01
2.284979770566960156e+01
2.257429801250362544e+01
2.230448340169505173e+01
2.204564451966212246e+01
2.178213257409277759e+01
2.152268179542033621e+01
2.126784027895850571e+01
2.102228853523963537e+01
2.077338801706585869e+01
2.053677648973112824e+01
2.029232911891086388e+01
2.006259460321230037e+01
1.983476726753742270e+01
1.961172128149040361e+01
1.939053222555530098e+01
1.917144476252876473e+01
1.895893130533303506e+01
1.874866912315795986e+01
1.854301400390330912e+01
1.834339804050621225e+01
1.814077346882878317e+01
1.794678218009822857e+01
1.775620882334176898e+01
1.757288083153950353e+01
1.738771266797118642e+01
1.721328190238227407e+01
1.703573210654307601e+01
1.686418999677314545e+01
1.669842801887896755e+01
1.653351593552596555e+01
1.636690527877342305e+01
1.621397496278018835e+01
1.605984274226261377e+01
1.591212881680262470e+01
1.576236030915283415e+01
1.562565416063278612e+01
1.548098339539570922e+01
1.534429766275869689e+01
1.521072652815387016e+01
1.507798611937824340e+01
1.495051115523723517e+01
1.482666013412515227e+01
1.470698852424648706e+01
1.459115054944655121e+01
1.447814591906282011e+01
1.436583473994127402e+01
1.425694625567782481e+01
1.415390557032255003e+01
1.405459108407304214e+01
1.395872981537411484e+01
1.386711475272147709e+01
1.378215334046331719e+01
1.369539301108053486e+01
1.361548182482182057e+01
1.353851092020105895e+01
1.346471841876824804e+01
1.339507300554390312e+01
1.332733246474454170e+01
1.326343288172096990e+01
1.320673580509391343e+01
1.315392800764526804e+01
1.310088365615955297e+01
1.305336620614663090e+01
1.300991716716050917e+01
1.297171746347826193e+01
1.293284770782440773e+01
1.290379334199192307e+01
1.287544636518551933e+01
1.284961275813469506e+01
1.282822061954818693e+01
1.280767026307516510e+01
1.279846306293281621e+01
1.278840048861567347e+01
1.278592373185193587e+01
1.278949269584768089e+01
1.279116576557723306e+01
1.279878406413177494e+01
1.281358536071993193e+01
1.282836925181848287e+01
1.285145304010641887e+01
1.288090264580914912e+01
1.290888703873366694e+01
1.293870316333044634e+01
1.297983757916369285e+01
1.302285333981994420e+01
1.306910255395779963e+01
1.312245358985898491e+01
1.318198510339022178e+01
1.324538483551997814e+01
1.330934332029679723e+01
1.338389485189423489e+01
1.345855258766325946e+01
1.354209174273927196e+01
1.363299325232241443e+01
1.373004719039047572e+01
1.383377766281816967e+01
1.393955763115307889e+01
1.405405303714718457e+01
1.417713999604738540e+01
1.430439206998611290e+01
1.444375403261582314e+01
1.458831641529013723e+01
1.474592488381391853e+01
1.491464157436533711e+01
1.509556963998999635e+01
1.528924121811949988e+01
1.549653111013649109e+01
1.572021835209356766e+01
1.595595455639287863e+01
1.620999941600921446e+01
1.648756130781775653e+01
1.678437353521315245e+01
1.711115793736176727e+01
1.746726419481787218e+01
1.785884123617497821e+01
1.829700837539083125e+01
1.878750710346198716e+01
1.934596743428760846e+01
1.998915387259850718e+01
2.072342346489282150e+01
2.158460545323369217e+01
2.258666583690904872e+01
2.371220997143662146e+01
2.494743978435447573e+01
2.622767249250184562e+01
2.744116503908412597e+01
2.844145829839424522e+01
2.904321329470443658e+01
2.905966080819654707e+01
2.834568925415083029e+01
2.683226761545149230e+01
2.455032703695335172e+01
2.161845529560925883e+01
1.828988737178395851e+01
1.482598524754513214e+01
1.150124849307061403e+01
8.517953073791225904e+00
6.023862161724910180e+00
4.055886293354966199e+00
2.601805963683128997e+00
1.589543900510795194e+00
9.270135904067857702e-01
5.132670026855266077e-01
2.717204929343093323e-01
1.384018025394220253e-01
6.747383459213548984e-02
3.178901604231361422e-02
1.529860983788576372e-02
7.716257566966992255e-03
4.397627213045379388e-03
2.949550327036539778e-03
2.395896820590273039e-03
2.196073113326428312e-03
2.034775771469539245e-03
2.021102140219383295e-03
1.893303942457528512e-03
1.876712404356893670e-03
1.789982858980456283e-03
1.811325729344423962e-03
1.713934540965331415e-03
1.660234055434649724e-03
1.656251056954724217e-03
1.656573416321190356e-03
1.570800421410085013e-03
1.542957437595159726e-03
1.481184136271848596e-03
1.300921381919701398e-03
1.449465270639980737e-03
1.381738457262385918e-03
1.306052106342831063e-03
1.301164119156460143e-03
1.243885626127881226e-03
1.164882819915230008e-03
1.161032597415462145e-03
1.277411419969177921e-03
