2.841943596567103048e-01
3.622341160853006503e-01
4.278960884199494163e-01
4.841394549281949899e-01
5.284725168877256740e-01
5.672123250400976646e-01
6.019886517513285407e-01
6.345773696062080305e-01
6.655784267908922969e-01
6.914279942930884326e-01
7.179220923870043292e-01
7.417663594613499445e-01
7.652533297941880308e-01
7.878483904613557964e-01
8.086245470929316337e-01
8.301834048320998471e-01
8.519994274353867025e-01
8.732229922119947307e-01
8.952947566062938733e-01
9.161059266300066728e-01
9.387401191371125275e-01
9.614878888824671677e-01
9.845195101353024780e-01
1.008951051461645543e+00
1.033891977411592444e+00
1.058435016931645434e+00
1.088048947780379638e+00
1.116864776601615539e+00
1.146932718694606779e+00
1.179706000566393076e+00
1.215390227675813950e+00
1.254113518307470532e+00
1.295658171405791981e+00
1.338054584258199897e+00
1.384096899492337718e+00
1.434727037611046585e+00
1.487594719992854309e+00
1.543439997456785173e+00
1.604183277059090917e+00
1.671210985958377249e+00
1.741326285721786160e+00
1.816538357154865224e+00
1.896478106927731000e+00
1.981989175973730921e+00
2.074572809400547779e+00
2.173592474859288526e+00
2.279235050562093079e+00
2.390678223831515403e+00
2.507023099583412407e+00
2.636233089271907470e+00
2.765204938787624744e+00
2.906651453433050758e+00
3.055533204629802047e+00
3.209327955894385909e+00
3.370654288554264966e+00
3.540393551904044589e+00
3.719008265776549305e+00
3.902482176194846275e+00
4.096080290587873485e+00
4.296247097553530736e+00
4.501605370122593541e+00
4.714077759774474963e+00
4.937868044383607824e+00
5.164756066257362832e+00
5.396700467636156517e+00
5.633056504178695967e+00
5.874905594202439296e+00
6.121294056375597314e+00
6.375235171195877015e+00
6.631189435130535159e+00
6.889308610359735852e+00
7.153146733315296935e+00
7.414539353060574989e+00
7.683477412468945111e+00
7.950738224132961385e+00
8.223864617714797376e+00
8.493347865986006440e+00
8.756628594885466299e+00
9.025516431264613004e+00
9.293512977983571233e+00
9.556218209200068259e+00
9.822403197328609892e+00
1.008389292872062626e+01
1.034067358440636220e+01
1.059254377649400602e+01
1.084770452979481803e+01
1.109373627305852139e+01
1.133808171097762951e+01
1.157793643775987391e+01
1.181381418023229912e+01
1.204055943774379145e+01
1.226685036504432169e+01
1.248627866599502667e+01
1.269767737044853284e+01
1.290660733994406328e+01
1.311247679302771196e+01
1.331194390001182803e+01
1.350316770863720173e+01
1.368414795993870037e+01
1.386595493823141112e+01
1.403999640562879314e+01
1.420783578928861957e+01
1.436895991153724239e+01
1.452636898747966931e+01
1.467577919293992750e+01
1.482494794997819909e+01
1.496426121257810316e+01
1.510237875196152402e+01
1.522929832852663878e+01
1.535255322356631602e+01
1.547684956136414414e+01
1.559038138387439432e+01
1.570055984164082119e+01
1.580757003210099221e+01
1.591101182421606985e+01
1.600648528840467932e+01
1.610143458292453644e+01
1.619213338107834943e+01
1.628103330675880400e+01
1.636403010492762178e+01
1.644338285387107490e+01
1.651878510728206706e+01
1.659253749035503844e+01
1.666239429613427703e+01
1.672775283932396206e+01
1.679226234932582784e+01
1.685842445209916107e+01
1.692064960048225331e+01
1.698028817168063753e+01
1.703665066846333076e+01
1.709620772940601086e+01
1.714703102297364623e+01
1.720084572680448076e+01
1.724963232882652875e+01
1.730252524060574260e+01
1.735243445150868524e+01
1.740344867045942223e+01
1.745172393613675155e+01
1.750278227409159371e+01
1.755091327236906906e+01
1.760090651156423291e+01
1.765085825146778120e+01
1.770259944211545999e+01
1.775231703425273366e+01
1.779746535138728447e+01
1.784730589382947841e+01
1.789947803408115945e+01
1.794458316708880474e+01
1.799989129705054935e+01
1.805039720306668016e+01
1.810827402393738339e+01
1.816123668077039710e+01
1.821475099848752421e+01
1.827463679387027895e+01
1.833515891131342812e+01
1.839660593455238313e+01
1.846294942649701909e+01
1.853093656956244573e+01
1.859907812807383820e+01
1.867332265111587830e+01
1.874478325954673963e+01
1.882541371465372748e+01
1.890195539243873668e+01
1.898609705155432081e+01
1.907281388181016268e+01
1.916505840866717847e+01
1.925939663006586500e+01
1.936536248424722118e+01
1.947048233781416116e+01
1.958181510986971929e+01
1.970085958881256971e+01
1.982595734455697922e+01
1.995621198002340435e+01
2.009451172785752959e+01
2.023891433022049213e+01
2.039331311846074613e+01
2.056285470367755863e+01
2.073616682643973519e+01
2.092376535095322510e+01
2.112342996274874452e+01
2.133968185249559824e+01
2.156744912839002737e+01
2.181353878429260007e+01
2.208239713396642756e+01
2.237426165487591234e+01
2.269154172763441935e+01
2.303413362503587436e+01
2.341069875523522370e+01
2.382977038345673293e+01
2.429021658898666658e+01
2.480774140199235589e+01
2.538516921300038121e+01
2.605050439010509677e+01
2.681948359967671536e+01
2.771759174434516027e+01
2.876551519537957802e+01
2.998145327175594943e+01
3.137584667766039814e+01
3.289846819271642886e+01
3.448576859898957991e+01
3.598393294176624124e+01
3.721949083497060684e+01
3.793585513711965973e+01
3.791316926624928385e+01
3.695060332737320863e+01
3.493901934811226795e+01
3.194340186061958775e+01
2.810482562037508103e+01
2.377468571533217201e+01
1.927861877153684489e+01
1.495538332552568583e+01
1.107660899595902038e+01
7.817123689763589844e+00
5.261999961426799821e+00
3.380821884562335899e+00
2.066321990727086888e+00
1.203977970655802698e+00
6.690960834495895959e-01
3.535815337934485325e-01
1.777489738575688816e-01
8.606256754907060103e-02
4.082862339277740921e-02
1.883756605969345854e-02
9.174083662090619720e-03
4.957703024532258973e-03
3.155553311204134254e-03
2.506312035639579952e-03
2.218844482372720091e-03
2.025928423683783126e-03
2.068886459689917457e-03
1.971156068371768266e-03
1.722964238861357132e-03
1.905818265879902825e-03
1.764940821798649312e-03
1.702184867556222857e-03
1.719481815229463280e-03
1.615621736427877691e-03
1.592742295185403320e-03
1.522527017519560537e-03
1.506184209710913170e-03
1.543333864856033391e-03
1.425867412059104219e-03
1.349138370294206699e-03
1.286537835134520056e-03
1.331229972862926682e-03
1.400391617520715297e-03
1.234474166688137847e-03
1.205025736693358203e-03
1.273197541655062166e-03
1.178365048475644517e-03
