4.228702919182326936e-02
7.003097093739360512e-02
1.051311525531239549e-01
1.376651767453282438e-01
1.678984170638932738e-01
1.951666697147896867e-01
2.199190084428164216e-01
2.421863315601681110e-01
2.609842927723796113e-01
2.787570538385836794e-01
2.971086216776918643e-01
3.122402269929001606e-01
3.286682688288145582e-01
3.423835577027287691e-01
3.548321655222020921e-01
3.683269860404188023e-01
3.788831092837356973e-01
3.909809865058692657e-01
4.013486011072536774e-01
4.114132627757154936e-01
4.220728467487778746e-01
4.321705917026886223e-01
4.400854107164057782e-01
4.490400151329185796e-01
4.583136454733957033e-01
4.660663203996357473e-01
4.739310854030205911e-01
4.824319275911687632e-01
4.884504466868947459e-01
4.970194087072751232e-01
5.033912912623952352e-01
5.116792059708037410e-01
5.180508083387563856e-01
5.254512673033933101e-01
5.320038037377672335e-01
5.385168581178872982e-01
5.455662719311525910e-01
5.508528225858188021e-01
5.569704591779521818e-01
5.637705405090224220e-01
5.702799159840495902e-01
5.762318580748411190e-01
5.816480629622295950e-01
5.893817037967622463e-01
5.971805279644997189e-01
6.034685527938992156e-01
6.096097643299633884e-01
6.164311312184872493e-01
6.239260572834179897e-01
6.305146469144164989e-01
6.382683736792380547e-01
6.458865441923755668e-01
6.552462904445335301e-01
6.628252310200148933e-01
6.722698179860389089e-01
6.812313290213902750e-01
6.917848132653746651e-01
7.028154055704324277e-01
7.133256305064046288e-01
7.260769946860053947e-01
7.370240573916900795e-01
7.534875548199980733e-01
7.690290922413016705e-01
7.873226294305374351e-01
8.050673847792738647e-01
8.250098964424037451e-01
8.462605780419769630e-01
8.680507055020254548e-01
8.947766845150271209e-01
9.229846040329413581e-01
9.511463288477288724e-01
9.837347483629449441e-01
1.019791899744658226e+00
1.057299681057349172e+00
1.097964425117892162e+00
1.143180096091950038e+00
1.191275766833859384e+00
1.243313399531020380e+00
1.297416232748813902e+00
1.357352002272963265e+00
1.420122465541570289e+00
1.486483179773949059e+00
1.556801131237422142e+00
1.633751684074489008e+00
1.711283266171883977e+00
1.795295872862486375e+00
1.884391860160866683e+00
1.975867769154501907e+00
2.075081492312686571e+00
2.174701866699269903e+00
2.281773363465772420e+00
2.391029977418643426e+00
2.501956227799428945e+00
2.620159270403003227e+00
2.741495456524265517e+00
2.864546027642577819e+00
2.993520516712741664e+00
3.125664837762194281e+00
3.262211352356611194e+00
3.401138391759574997e+00
3.541676973829622099e+00
3.686951756947466574e+00
3.833322827669156663e+00
3.982906447260559535e+00
4.133160949904291392e+00
4.284435016651670480e+00
4.439286659136860713e+00
4.596065368904845627e+00
4.752461186741182786e+00
4.914152773091197801e+00
5.069964020082850631e+00
5.232267679695422835e+00
5.394369899891721332e+00
5.554644728130218923e+00
5.715603448059297875e+00
5.877394568862270852e+00
6.038534839563223677e+00
6.199410655836909534e+00
6.359739904090056406e+00
6.519598983401388104e+00
6.681865563629617810e+00
6.838361985657979147e+00
6.991946272418634756e+00
7.149158560623428471e+00
7.303545825927655777e+00
7.456117116319152416e+00
7.608138132618403660e+00
7.758752715428555824e+00
7.909196976099574172e+00
8.057498581194824538e+00
8.202189845706531202e+00
8.347037941102026792e+00
8.489021535807399488e+00
8.631006051833011838e+00
8.772235835761311051e+00
8.911816590598570897e+00
9.047450133963975460e+00
9.181791738685168625e+00
9.318499762120101337e+00
9.450166916117344940e+00
9.577561304355988625e+00
9.705944131818846188e+00
9.829912209586332494e+00
9.952995988695244378e+00
1.007681744364731458e+01
1.019785337968770556e+01
1.031982254471157567e+01
1.044141834604386432e+01
1.055822811234936687e+01
1.067500061033349645e+01
1.079384605073409276e+01
1.091044744097599128e+01
1.102449708080422219e+01
1.113751478309856680e+01
1.125246323248165403e+01
1.136746025917854475e+01
1.148317719539065251e+01
1.159927853089541294e+01
1.171534244799748770e+01
1.182784021719445988e+01
1.194172845092312407e+01
1.205619825966407355e+01
1.217293984512816962e+01
1.229386068635319162e+01
1.241314227061161191e+01
1.253414985602694287e+01
1.265350117590608292e+01
1.277512538978394829e+01
1.290676587726238367e+01
1.303473855153191607e+01
1.316969738191054873e+01
1.330845820908590760e+01
1.344928277855752263e+01
1.359627281160218182e+01
1.374620159366319605e+01
1.390113473782197140e+01
1.406299152836594857e+01
1.423133258677036039e+01
1.441032387165452100e+01
1.459332489204677330e+01
1.479232240599558601e+01
1.500347162152091229e+01
1.522622489086963427e+01
1.546306879800210332e+01
1.571701872870895222e+01
1.598548804573431781e+01
1.627309605054188779e+01
1.658585325349823947e+01
1.693044987089924547e+01
1.730800649056766716e+01
1.772404112045788693e+01
1.819755511899883871e+01
1.872711583079136233e+01
1.934016595358939838e+01
2.004640357580257870e+01
2.087421920173290246e+01
2.182160898766707291e+01
2.288983589673039631e+01
2.406040626031792939e+01
2.527991657126849034e+01
2.643215127827392408e+01
2.737875791132901426e+01
2.793254335763699814e+01
2.793717272640563820e+01
2.724667225853180241e+01
2.577661285606934882e+01
2.356066570647330494e+01
2.074390363355043831e+01
1.755085070982036655e+01
1.422744154798093952e+01
1.103223583502190230e+01
8.168425695675978204e+00
5.778749687277935365e+00
3.893969437191941108e+00
2.497141383380446111e+00
1.527732306273035912e+00
8.895491914406701284e-01
4.958458803139770832e-01
2.636117440428079051e-01
1.330789556209027724e-01
6.459456970911096885e-02
3.105268524370367877e-02
1.490276113212435187e-02
7.534697458905917529e-03
4.322475544779716232e-03
2.946931606614438658e-03
2.429854490808869630e-03
2.220382510416983764e-03
1.994403736437721630e-03
2.003450137601709910e-03
1.975403147481403533e-03
1.851331277558055863e-03
1.958798955531994550e-03
1.843954992799742669e-03
1.789351078977617854e-03
1.762438709885091751e-03
1.732311652160704180e-03
1.546052299755560451e-03
1.576078773855219993e-03
1.511659652047415894e-03
1.481607459954335489e-03
1.416496298475478218e-03
1.427722362103648690e-03
1.370843751447944729e-03
1.371535503809284337e-03
1.317013565679845321e-03
1.290973909298525528e-03
1.265330083898597328e-03
1.198951517803557810e-03
1.152665153496591722e-03
