5.132457447163570885e-01
5.158331834479306099e-01
5.233361310562032465e-01
5.384597156774926230e-01
5.631088144597165002e-01
5.990079493846998115e-01
6.470427453225173764e-01
7.067704980364061251e-01
7.790258188582102061e-01
8.629188358771463507e-01
9.579025644534151507e-01
1.063303048409588669e+00
1.178623932406224650e+00
1.303339815036486549e+00
1.436514728762940285e+00
1.578674297970398932e+00
1.727958857318147246e+00
1.889103961929840425e+00
2.055778662250640654e+00
2.231589357489618841e+00
2.419507890715231202e+00
2.617606255841275154e+00
2.831189885730251099e+00
3.053261659299977726e+00
3.296581356378971428e+00
3.529758187534772329e+00
3.634331173918610602e+00
