2.936980453661121260e+02
2.971805141082140835e+02
2.984089748343392898e+02
2.992703512936876109e+02
2.998402513072732631e+02
3.000457487615491345e+02
2.998351618251719515e+02
2.992112984558132212e+02
2.980837531280481016e+02
2.965019123699508441e+02
2.943527460338901278e+02
2.917387719316878929e+02
2.885868582528707975e+02
2.849545360400918526e+02
2.808154681862503708e+02
2.762753987726566720e+02
2.713353762721279168e+02
2.660691309276509173e+02
2.605276429073482518e+02
2.548028723883824114e+02
2.488931798079844100e+02
2.428532088453798679e+02
2.367726727650507712e+02
2.306921465972265253e+02
2.246311995652422695e+02
2.186173400557914306e+02
2.127032844997524990e+02
2.068912771815237761e+02
2.012633267594694075e+02
1.958164086393002492e+02
1.905214802003729631e+02
1.854361415751205300e+02
1.805397022286147433e+02
1.758643779310806678e+02
1.714442420599850436e+02
1.672139004641859970e+02
1.632269514865837152e+02
1.595029695903212428e+02
1.560693345761953879e+02
1.528983821542541932e+02
1.499969263940624273e+02
1.474020172406715687e+02
1.450824419166075927e+02
1.430724973287815089e+02
1.413439330625833463e+02
1.399263944951423753e+02
1.388538375294407388e+02
1.380612116509585121e+02
1.375600851698396525e+02
1.373548893584497534e+02
1.374583346188599648e+02
1.378346123175922742e+02
1.384820460222268252e+02
1.394001575765271639e+02
1.405830951212986122e+02
1.420357168591326342e+02
1.437658276916237696e+02
1.457816382839845915e+02
1.481060180297058082e+02
1.507234680481877263e+02
1.535766034631913612e+02
1.566500267733026419e+02
1.600504885644699300e+02
1.638272794169569977e+02
1.680590326365985163e+02
1.728236979630917460e+02
1.783051100888826852e+02
1.846541602181235930e+02
1.921690371583828778e+02
2.012467948073497439e+02
2.124593666239700553e+02
2.270296878095600164e+02
2.472451219163915823e+02
2.764158408083075074e+02
3.148729025780369284e+02
3.490773624882426702e+02
3.471246480477058185e+02
2.852886691253918343e+02
1.823117783117900217e+02
8.747201139776879586e+01
3.087856619254973367e+01
7.929752983573498781e+00
1.484033803259264594e+00
2.047165346613626646e-01
2.354340688133575374e-02
4.847045466258297075e-03
3.475543493609191924e-03
3.162800460330036142e-03
2.756149297106905323e-03
2.649692549422612373e-03
2.553982660346274403e-03
2.222052169999361778e-03
2.248037863607037050e-03
2.316179479604436701e-03
2.337773831547233869e-03
2.024962842259997800e-03
1.970814376766572788e-03
1.911523082650524921e-03
1.909941666859138075e-03
1.608063782756052320e-03
2.009217891777813261e-03
1.780931239453367862e-03
1.478685392994030312e-03
1.568761887640730346e-03
1.601144617833284624e-03
1.333727660813794355e-03
1.309824015792278090e-03
1.405960603424803767e-03
1.295443792737652070e-03
1.283858975395497579e-03
1.141967830579628971e-03
9.347832959146822008e-04
1.057863513617143640e-03
1.081584003159859111e-03
1.147391949354530745e-03
8.465172258693369868e-04
9.560188402513304217e-04
7.719993715543769933e-04
1.075243458608488674e-03
9.335378991358021794e-04
8.003011491488120147e-04
9.940779180830226942e-04
7.264054061814233026e-04
7.548609996073517465e-04
8.261716955062266146e-04
7.900174441058989286e-04
6.476269034259813729e-04
6.446523965178436316e-04
5.912084068912640310e-04
7.096251638745612426e-04
6.501512233323262276e-04
6.191819291882359093e-04
6.229803054573116545e-04
5.396104059031266945e-04
7.222098752335237007e-04
6.754286240391375830e-04
7.196532977586257013e-04
5.704228171922602663e-04
7.283052184344038660e-04
5.495104369158786009e-04
4.026472358906770638e-04
4.777367378127636110e-04
4.092059390493651191e-04
5.672232800303103010e-04
3.865941664437925378e-04
5.451167621915311385e-04
4.565745538501489670e-04
5.136128809958722709e-04
4.132540229500238234e-04
5.083678154394793069e-04
