2.131559870531674505e+02
2.153435345172490827e+02
2.158691519589257268e+02
2.160620711524712192e+02
2.158346806237952649e+02
2.151546918688044343e+02
2.139598553351501664e+02
2.121305993774634260e+02
2.096388916231937571e+02
2.064939598581080986e+02
2.026129995161770978e+02
1.981633717135862582e+02
1.930893112356490064e+02
1.874092869318750161e+02
1.812056389780999552e+02
1.746123010025411304e+02
1.677052157204468870e+02
1.605508844040385839e+02
1.532856188508578441e+02
1.460346415106388349e+02
1.387648099340989916e+02
1.316832560218430785e+02
1.248270654575252507e+02
1.182398623517041756e+02
1.120037060804380502e+02
1.061385584836825728e+02
1.007068346430444024e+02
9.572439301893528807e+01
9.123599269070352591e+01
8.719515475447082054e+01
8.361829911268108617e+01
8.050368910135391332e+01
7.784081709726403631e+01
7.559763294233319186e+01
7.373402555695631122e+01
7.223973258351907134e+01
7.104242274077195418e+01
7.013257928027047683e+01
6.946396108985774731e+01
6.906435963977128267e+01
6.883428764291521418e+01
6.876796251245670533e+01
6.881230481838186108e+01
6.891972864998712112e+01
6.908381060676441621e+01
6.933082486523522903e+01
6.957592483651306736e+01
6.984856309307117783e+01
7.010722951301269745e+01
7.036580969517429196e+01
7.057373222418956971e+01
7.077670734044578182e+01
7.095983215711183334e+01
7.112548539290826000e+01
7.125686146650049579e+01
7.134775360094175767e+01
7.143518526976306759e+01
7.151008795036210586e+01
7.163457598619990563e+01
7.173733170247740532e+01
7.181251386387481261e+01
7.191157295223739254e+01
7.207150837861829018e+01
7.230127354462941014e+01
7.262045502745442604e+01
7.307250000205304730e+01
7.367963630374934780e+01
7.451773768332269299e+01
7.569265198128090333e+01
7.734655789699819195e+01
7.963300402959187352e+01
8.286970389220449817e+01
8.779286493526564072e+01
9.558370115194055927e+01
1.063263089160124508e+02
1.157311946103970257e+02
1.136291151295105664e+02
9.259561955432097591e+01
5.887801597929663444e+01
2.811310910433530807e+01
9.895916299377050862e+00
2.534178632220977612e+00
4.700765359595955317e-01
6.458965181015954848e-02
5.552733888946493473e-03
9.685371694385269030e-04
1.670915559690380769e-04
2.989300960816868632e-04
1.889274174302161549e-04
1.249680164058519782e-04
1.289265039223028847e-04
1.057845203670455033e-04
8.668024314836457825e-05
1.443531521164823929e-04
1.786799856179478545e-04
1.698566077947087085e-04
1.262139310407486132e-04
1.862738491265322814e-04
1.294305071750409910e-04
1.437992373422969762e-04
9.447521179085703418e-05
1.095918085101368531e-04
1.109654694547642663e-04
8.701674863821986551e-05
9.293415391818660165e-05
8.547238061216121119e-05
5.990196817372240787e-05
4.320772249292540590e-05
8.642262037196325286e-05
1.021016633555582587e-04
1.441612248396208977e-04
1.027853221189677969e-04
8.148696066090610176e-05
4.536194978463667604e-05
7.253261543348365104e-05
7.687611700547670557e-05
5.430370802035891975e-05
7.564302395127253198e-05
2.770637694265689943e-05
5.372923989550396095e-05
2.934514414281349032e-05
6.377316116538793433e-05
2.974497669641110403e-05
3.848348316375865363e-05
3.311350305734493915e-05
4.881466307128430485e-05
6.683895237171968073e-05
2.880948851460532245e-05
3.938866889704092234e-05
1.433244274018363740e-05
1.809227588722706059e-05
6.036357563428870055e-05
4.740862601900393958e-05
2.585866235730329793e-05
1.984893685556975268e-05
6.179796634696326950e-05
2.653266349472716001e-05
1.146681576989926182e-05
5.041621102560196924e-06
7.328348066554863621e-06
3.154650517700474666e-05
4.492088077601152918e-05
1.187122759796180083e-05
3.814154302617112080e-06
2.726751047537460224e-05
2.448630446724382170e-05
1.052046765825385715e-05
3.177809197730930668e-05
3.649801326230692433e-05
4.553402002639551460e-05
