2.130468320032723000e+02
2.151195594635120756e+02
2.155882574640893097e+02
2.157253092461321842e+02
2.154485446772798412e+02
2.147219313144734087e+02
2.134751083350052454e+02
2.116058954195889044e+02
2.090764632460575569e+02
2.059034812326960093e+02
2.019880608526744084e+02
1.975077908087348817e+02
1.924024742080873693e+02
1.866845601414728151e+02
1.804438046486700671e+02
1.737975159728747485e+02
1.668264151246160907e+02
1.595986387778717130e+02
1.522374622092352752e+02
1.448484463307217425e+02
1.374000119297335232e+02
1.300863515046059717e+02
1.229381591415828296e+02
1.159613460185258447e+02
1.092531409567616549e+02
1.028006214321455190e+02
9.666258641353084613e+01
9.081597734876494599e+01
8.531905008812383073e+01
8.013054152449734602e+01
7.523465278451395477e+01
7.065724098855086766e+01
6.636724557510913769e+01
6.237288761441595852e+01
5.863754870809498243e+01
5.518240031616490882e+01
5.193489665230865171e+01
4.891164514636815142e+01
4.610149402929366147e+01
4.352099742164783436e+01
4.112125476852330763e+01
3.891652541042034130e+01
3.687798309364976745e+01
3.495503323264549067e+01
3.319797626033606264e+01
3.159769284966427705e+01
3.011485237487876532e+01
2.873955055008021375e+01
2.751433649288567906e+01
2.638796018098300067e+01
2.535586277539712441e+01
2.443179413424028823e+01
2.362254613089478639e+01
2.291113094471317524e+01
2.229343634346474090e+01
2.176174451221918815e+01
2.133918648444685218e+01
2.098405898825472349e+01
2.072769946475616720e+01
2.054825119546148926e+01
2.045370744145475328e+01
2.043590923181424657e+01
2.050816825068452331e+01
2.065770185231748712e+01
2.091253725413439923e+01
2.126317888539698231e+01
2.174644898817253491e+01
2.233797494958465180e+01
2.313117780588153494e+01
2.412185838114884007e+01
2.539638028966469818e+01
2.706794485108305892e+01
2.946301036741998303e+01
3.296659034387104725e+01
3.764870042767789471e+01
4.191001145293315489e+01
4.179372278952764219e+01
3.443977244632939261e+01
2.213005896430048836e+01
1.066100530771331734e+01
3.751623274480354819e+00
9.667827149900077854e-01
1.820401506378961920e-01
2.578182818876643967e-02
3.012277162923365174e-03
4.993043577927281729e-04
2.311815256271359544e-04
1.709946149678096363e-04
1.816256027196396969e-04
3.183657111082427438e-04
2.459965198092761425e-04
1.165982862268278946e-04
1.529220685196047008e-04
1.994413701892456755e-04
1.443246014148294324e-04
1.454846524504527737e-04
8.138998547312247434e-05
2.129830088781274849e-04
7.042582471079202587e-05
1.032286822985474355e-04
1.168700198652942215e-04
9.412143316880762880e-05
8.857383226723580805e-05
6.685259258403035117e-05
7.475366259749686982e-05
1.422711183488701940e-04
1.150053086527213700e-04
9.195132972690918871e-05
1.524894874674732979e-04
9.449090415862097792e-05
5.020815875265996839e-05
6.416337583210973911e-05
5.920262663468752595e-05
2.825522340403016527e-05
1.449649570061242526e-04
4.611695251263857776e-05
4.580746338491950331e-05
6.728996711577759715e-05
2.090667566684918004e-04
2.030207115177873334e-05
2.964310990729965869e-05
1.020803096961662391e-04
3.280343113628200047e-05
2.249511743293934314e-05
5.811950710775639137e-05
2.774215794469456789e-05
3.493812896672289048e-05
1.812233029458493649e-05
6.366820726225484511e-05
3.897655178401274878e-05
1.810345275367176870e-05
2.824587352233552789e-05
1.117864450079035092e-04
4.165883746082331765e-05
1.197084499566298335e-05
3.940100195048362264e-05
6.893352178077387360e-05
1.200048476540341069e-05
1.470038349449254156e-05
1.199575324445984550e-05
2.473576940619103109e-05
2.272604239417095668e-05
1.980097828482543554e-05
3.917316704023695440e-05
2.784458475544069012e-05
2.720383646624845281e-05
2.532560799175221535e-05
3.286108526173251847e-05
4.132814858811192227e-05
1.104022581547662621e-05
