2.937241637890319339e+02
2.972390389654456158e+02
2.984831468322688011e+02
2.993585365258576303e+02
2.999421739921365884e+02
3.001655873213759946e+02
2.999667619525151281e+02
2.993548820924431766e+02
2.982413024908617558e+02
2.966698135901747833e+02
2.945303048239503028e+02
2.919231601503981324e+02
2.887805636070874584e+02
2.851572760273642757e+02
2.810205558888727069e+02
2.764843924833007236e+02
2.715543075543113218e+02
2.662957275606602821e+02
2.607591189809169805e+02
2.550439212525692767e+02
2.491421446466758880e+02
2.431083119262109449e+02
2.370476431325309079e+02
2.309804143157574288e+02
2.249371661994426574e+02
2.189443973363794953e+02
2.130575713226215555e+02
2.072832321551634891e+02
2.017061341983839498e+02
1.963262832138705107e+02
1.911144563757582375e+02
1.861459569117338617e+02
1.813915700854625186e+02
1.769067112485182065e+02
1.727138244862479439e+02
1.687629483151242198e+02
1.651139882238090308e+02
1.617944765281971229e+02
1.588183350191959846e+02
1.561810375961451882e+02
1.538712147832785035e+02
1.519219904197015580e+02
1.502972396805697883e+02
1.490240784574286863e+02
1.480683271971250292e+02
1.474378242133401216e+02
1.471593312290683002e+02
1.471660436388298479e+02
1.474376601496781234e+02
1.480009773800621531e+02
1.488217287554080883e+02
1.498952115014809010e+02
1.511816286518280776e+02
1.527193029412061378e+02
1.544665193854771985e+02
1.564218915786072159e+02
1.586159082085457896e+02
1.610484387510282716e+02
1.637586207929250577e+02
1.667061092259164639e+02
1.698420749531367449e+02
1.731551921298625416e+02
1.767525829607036485e+02
1.807459715622644296e+02
1.851894943360042589e+02
1.901646352605643528e+02
1.958484367788304894e+02
2.024205553563005822e+02
2.101931721857474145e+02
2.196220781071954491e+02
2.313192188725476512e+02
2.465996306525643433e+02
2.679175059014621638e+02
2.987467474347141092e+02
3.394958291115332827e+02
3.757691438398874766e+02
3.732713800995030624e+02
3.064027740346140263e+02
1.956620727593129914e+02
9.385316792242434758e+01
3.312303182104930244e+01
8.509027141549445616e+00
1.601327577582384087e+00
2.179454062996292463e-01
2.463022346474240051e-02
5.130404661977261069e-03
3.349377651413515313e-03
3.191548155168545762e-03
2.829522094026304217e-03
2.735569335196128427e-03
2.485591450383749495e-03
2.130465965861537674e-03
2.211440858385216486e-03
2.430055249598447788e-03
2.325154518407909331e-03
2.176950973139891565e-03
2.032166446322774492e-03
2.083897753237570760e-03
1.669354252899590439e-03
1.722594110205844485e-03
1.876640932862276307e-03
1.680162664462928491e-03
1.577783134618806040e-03
1.633579961036980268e-03
1.455487798416920785e-03
1.566688669720669004e-03
1.407474902165158472e-03
1.371840724173384492e-03
1.214346662133404574e-03
1.357003159728917231e-03
1.086851254018620814e-03
1.132430980046731511e-03
1.138210671914613751e-03
1.134980690984680124e-03
1.115003452635719098e-03
9.655222811082871635e-04
9.667845006144395971e-04
9.016227530343421661e-04
9.400345709171219200e-04
7.866357105647789382e-04
8.337979375878337056e-04
8.827848971420815000e-04
7.736427083973645893e-04
8.034818434535248924e-04
7.199305498511772037e-04
7.047842870852738138e-04
7.452761107224403422e-04
6.352648032543040764e-04
5.898059505009468255e-04
7.649930809149113262e-04
7.383746394951863808e-04
6.276240116003288993e-04
7.239029985271897612e-04
5.180706797317486756e-04
6.259153860870681320e-04
5.354529839909398991e-04
5.454861470334744543e-04
6.052452111460942304e-04
6.871740762673106406e-04
5.551266899573762499e-04
4.461316178269067153e-04
4.594278653834006176e-04
4.017895703631510756e-04
4.133924621981863016e-04
4.456428558313596110e-04
5.312064234042030786e-04
5.304170846436685261e-04
4.259265642859647711e-04
3.799404143609306020e-04
4.042269436070310964e-04
