2.938286731436164132e+02
2.974468891674669635e+02
2.987465377531565878e+02
2.996764623368205775e+02
3.003135485335042745e+02
3.005891266631018652e+02
3.004284128487337284e+02
2.998557898438055531e+02
2.987686097873443600e+02
2.972251700051242551e+02
2.951107178048692958e+02
2.925253576334932859e+02
2.894122060798706002e+02
2.858188219819975870e+02
2.817101686317155327e+02
2.772089532328443511e+02
2.723221583343382122e+02
2.671151409544116291e+02
2.616530263856803344e+02
2.560335808595967251e+02
2.502588551189073485e+02
2.443968150311252714e+02
2.385627497960541632e+02
2.327882022911733202e+02
2.271249947940266907e+02
2.216317716454643971e+02
2.163733319873387586e+02
2.113837588938221757e+02
2.067538123829389178e+02
2.025203170638505412e+02
1.986572608321415316e+02
1.952585732258333735e+02
1.922750770110262408e+02
1.897460156191417298e+02
1.877091967625846678e+02
1.860662043162692214e+02
1.848659307892380355e+02
1.840700858490745873e+02
1.836659718869480287e+02
1.836058934995609206e+02
1.838541074010187799e+02
1.843803207051606989e+02
1.851281178238675977e+02
1.860800338394727760e+02
1.871839358819643166e+02
1.884337200178291596e+02
1.898431315579695422e+02
1.913265308357125036e+02
1.928732007501841110e+02
1.944918326911959241e+02
1.961919603124744640e+02
1.979490061051108114e+02
1.997258126035894747e+02
2.015683251232329951e+02
2.034663369273308717e+02
2.054578675195647861e+02
2.075523086295624751e+02
2.098028399526534713e+02
2.122570197268298671e+02
2.148957975694780487e+02
2.176510093413227480e+02
2.205198605813750703e+02
2.236687004464981214e+02
2.271903290815070022e+02
2.311709501940669895e+02
2.357279795174813160e+02
2.410991568683946582e+02
2.474781252911579656e+02
2.552249047916569396e+02
2.647877495502028751e+02
2.769913874367697417e+02
2.932723313686060465e+02
3.164251505046748889e+02
3.504372426300615757e+02
3.958804034812507666e+02
4.361166609533347014e+02
4.317922238748450923e+02
3.537590505566004708e+02
2.256004746373234866e+02
1.080292290363422723e+02
3.805581060570759888e+01
9.762086685599893343e+00
1.820688221840954357e+00
2.473140570310404518e-01
2.835380140639195967e-02
5.553053365846691118e-03
3.060560910184913046e-03
3.128640791173519734e-03
2.861255458803591955e-03
2.596987902406791473e-03
2.549995998190450648e-03
2.238800331103523930e-03
2.131989088538664180e-03
2.257584196382445875e-03
2.272095652854644928e-03
2.237835761709662443e-03
1.917548163046618780e-03
2.093771803133641536e-03
1.948263227540994718e-03
1.714079631354637704e-03
1.790556970718220004e-03
1.601984823873165743e-03
1.522808647844789594e-03
1.556068209786092005e-03
1.447933666243984884e-03
1.401796347335740756e-03
1.284757349255636434e-03
1.326626173825171508e-03
1.365523692095389676e-03
1.325702714780656322e-03
1.220644006413554913e-03
1.139921662717126956e-03
1.069364757051605164e-03
1.101693666899829574e-03
1.113480811684725317e-03
8.954279400047316772e-04
8.912864384655600066e-04
1.057577704596176626e-03
9.591260696852358042e-04
8.103059669531930678e-04
8.432672271216941481e-04
1.010726232332080860e-03
7.203276045938281167e-04
7.558889072318922828e-04
6.585441063308252775e-04
6.986633570210426959e-04
7.500326823601815738e-04
7.265225263842564488e-04
6.353286961451592042e-04
6.763126545444216866e-04
6.330976260424524705e-04
6.252842882442844917e-04
5.796600756106069308e-04
6.219009179646144700e-04
6.319216262375077289e-04
6.319819780608488830e-04
5.138292470017236969e-04
4.601829722042761290e-04
5.198651895206679282e-04
5.584035674933679038e-04
4.716712806036243793e-04
4.116703829751886651e-04
5.060439178905432695e-04
5.651802559298176824e-04
4.892682563018229238e-04
4.435508525742801298e-04
5.372110966144346637e-04
4.690814788534702667e-04
4.176328142702252235e-04
4.331685766920800461e-04
