2.131403122275201554e+02
2.153169590096973991e+02
2.158366500954677178e+02
2.160232822247409104e+02
2.157911553812801912e+02
2.151082352257023160e+02
2.139078830936794304e+02
2.120760125179658644e+02
2.095812356761113335e+02
2.064336619679751266e+02
2.025453372272119452e+02
1.980926471699753506e+02
1.930104975971431998e+02
1.873246396450429359e+02
1.811113090733803404e+02
1.745017270332253929e+02
1.675746187921484136e+02
1.603956302922128430e+02
1.530989561178204212e+02
1.457975257814137535e+02
1.384660645982561107e+02
1.313070390454959124e+02
1.243538323351854729e+02
1.176444054392114680e+02
1.112682339297348904e+02
1.052303959255546602e+02
9.959916080771169788e+01
9.438442247468304913e+01
8.965244449376284308e+01
8.534419532891155313e+01
8.148474823076847429e+01
7.807788596452317620e+01
7.509763489073763765e+01
7.255990690973379742e+01
7.040542639209888875e+01
6.862792963573399163e+01
6.716087909311883664e+01
6.600174923670581961e+01
6.510348510240308428e+01
6.448781152959499252e+01
6.406848819212366664e+01
6.385176421919216949e+01
6.377770835306081665e+01
6.379914869647473097e+01
6.389645220877395815e+01
6.409404309652745724e+01
6.432860972608129657e+01
6.459250081020097412e+01
6.489835933906336152e+01
6.520597700360748661e+01
6.547573387912578369e+01
6.577885711400045921e+01
6.604629371191064990e+01
6.631273982715275395e+01
6.657620769408013928e+01
6.680334798991680145e+01
6.700861489069130528e+01
6.723047920357849705e+01
6.747593297933538281e+01
6.769897346943616867e+01
6.794511466887261975e+01
6.818388192272848869e+01
6.840856572157807136e+01
6.878418980538845062e+01
6.923555326461791992e+01
6.980889465080366563e+01
7.049995601094431663e+01
7.142701905055179168e+01
7.267953237477276218e+01
7.437533779193957173e+01
7.670331888231966389e+01
7.999671603490908467e+01
8.489930647942755115e+01
9.250779291821851302e+01
1.030279309468136830e+02
1.123144166519244465e+02
1.103300379531250996e+02
8.998918758829434239e+01
5.722479511797428131e+01
2.729330275124973681e+01
9.622553289971417456e+00
2.466685039728569340e+00
4.553859279565279361e-01
6.275088973921272295e-02
6.119444053232097475e-03
7.686463753021845115e-04
2.077757812092150696e-04
3.272873228993237061e-04
2.038559599619995050e-04
1.430659376418107382e-04
1.941700006236792150e-04
1.070319465258247858e-04
8.967095067011234791e-05
1.736163482109199228e-04
1.571505121485097431e-04
1.466297048154115818e-04
1.270113681650082802e-04
1.438936343892709320e-04
7.057489734561982653e-05
1.423532211144351220e-04
9.328403659101589906e-05
1.363591373225355450e-04
1.229696779963285755e-04
8.448424331009231532e-05
1.009620033617606854e-04
9.659204428780547808e-05
7.253748589572934602e-05
6.328118374735829099e-05
7.374464118246419609e-05
9.321867586775899040e-05
1.354680429698568644e-04
8.954531596802286142e-05
5.766077416621147019e-05
6.408562283713139162e-05
3.665327908707204552e-05
2.672721084672079311e-05
5.545669103474179751e-05
6.480738141561905041e-05
3.778724830575174923e-05
4.316242863260871343e-05
7.148976821249535907e-05
7.234936228882481624e-05
1.695067692662263414e-05
4.417882854380728963e-05
3.015487439524676980e-05
3.121886125401501669e-05
4.121118097819318160e-05
5.367690712551917664e-05
6.458222020559271903e-05
2.311352706870826884e-05
2.664728542511674971e-05
7.453958013650365455e-05
5.898124664760473479e-05
2.114827832208929459e-05
2.497782568762947980e-05
3.806204846550858645e-05
1.885595782358251427e-05
1.195922853961898549e-05
9.289078284939003921e-06
8.070461830181033692e-06
1.497502827755662660e-05
2.071040766526976995e-05
8.491746959024856322e-06
1.298061841669016897e-05
3.658057397457367921e-05
2.510995335372159565e-05
1.888807530048963187e-05
3.942210671039427422e-05
2.569854988963066655e-05
5.487831619226884539e-05
