2.936164534456318052e+02
2.969874215293608586e+02
2.981263244094496372e+02
2.989298898577276304e+02
2.994517263292167399e+02
2.996124579657168852e+02
2.993444853733810191e+02
2.986668087688199194e+02
2.974841477979207980e+02
2.958513124262929068e+02
2.936504154595284035e+02
2.909907594947046050e+02
2.877943528725101601e+02
2.841239549962551223e+02
2.799413991311472500e+02
2.753676281647024098e+02
2.703896067302000006e+02
2.650940254968586487e+02
2.595221940449488329e+02
2.537676929834631778e+02
2.478242709307938583e+02
2.417513996995772629e+02
2.356455138019004494e+02
2.295230825528423395e+02
2.234260817761688429e+02
2.173798496363477284e+02
2.114181814472676990e+02
2.055674333895515531e+02
1.998790961075736732e+02
1.943802933692575152e+02
1.890012048688229243e+02
1.838321998579670549e+02
1.788303474506222699e+02
1.740216040641853965e+02
1.694328735007793796e+02
1.649948007246285613e+02
1.607550617282123540e+02
1.566987063650984169e+02
1.528575721627057646e+02
1.492056403787531735e+02
1.457185637423012281e+02
1.424234262827229429e+02
1.392792974683029001e+02
1.363057371815967542e+02
1.334894799833755599e+02
1.308273410981797156e+02
1.283480159789255879e+02
1.260041527542410620e+02
1.238009056245408317e+02
1.217478545723516703e+02
1.198755956014676372e+02
1.181234047288671007e+02
1.165221010136476423e+02
1.150780946499652657e+02
1.137889894850546710e+02
1.126747649385772405e+02
1.117510297593616144e+02
1.110023441976079823e+02
1.104822999705357631e+02
1.102011890982287952e+02
1.100953716205963531e+02
1.101680397746234377e+02
1.105023089377882002e+02
1.111639723813722043e+02
1.121929347289392922e+02
1.136272879225382297e+02
1.156038752295982022e+02
1.182082346962182982e+02
1.216280044158822733e+02
1.261034127533355331e+02
1.320374419267664052e+02
1.401351098076992514e+02
1.518157999100067457e+02
1.690188173997976833e+02
1.917502360287135446e+02
2.116388043813474269e+02
2.095842048158766033e+02
1.716155576615079212e+02
1.093452186958586907e+02
5.233668561335669267e+01
1.842972886063714455e+01
4.730060653951525751e+00
8.874337808746602940e-01
1.244956296824588776e-01
1.540665890121451810e-02
3.769201055186162299e-03
3.178123130737259272e-03
3.086429296740435951e-03
2.969957880198801498e-03
2.720803168237089561e-03
2.405757490581299663e-03
2.200322034577082298e-03
2.264811145805892354e-03
2.414361824853521708e-03
2.126232223945971177e-03
2.024520884468034541e-03
2.013992074794517407e-03
1.922517527588425744e-03
1.814175011408205879e-03
1.514702294951265600e-03
1.652782706425121951e-03
1.633091347637068581e-03
1.602936172864478492e-03
1.486093080057984293e-03
1.632445857383170917e-03
1.526016647135382005e-03
1.415550672877647275e-03
1.277044236345964466e-03
1.349822317507706195e-03
1.372391792118351746e-03
1.184926899575888381e-03
1.274321543895383510e-03
1.156798058618960928e-03
1.285476742897334167e-03
1.187986074141665280e-03
9.212709029783465757e-04
9.152953079047325240e-04
8.788475718759368883e-04
9.820346343228300579e-04
7.136542158322482137e-04
7.950969792637173350e-04
9.547012545377673480e-04
6.898477964819665865e-04
8.489195281296026130e-04
9.557100478708215876e-04
6.890132542077388820e-04
7.049475908334747404e-04
7.540586636144212774e-04
6.793089466537876892e-04
5.400347612250094593e-04
6.036107925478218341e-04
5.857264738951021513e-04
6.275015769416634245e-04
5.738386403131253474e-04
6.601884702726401946e-04
5.627843248836386387e-04
6.156008072693076091e-04
4.343858089390190916e-04
6.659432938387223463e-04
5.726947296588034324e-04
4.768875482597709193e-04
4.020707389962093641e-04
3.561019260819319496e-04
4.489882430067429746e-04
5.077845261692596947e-04
5.524486507126483495e-04
5.117882124097633892e-04
3.681273329510802747e-04
5.705681749881783829e-04
4.539272101845476292e-04
