2.132143348940566625e+02
2.154306925162867117e+02
2.159698616895831265e+02
2.161755668382522515e+02
2.159625931851041969e+02
2.152961326830684072e+02
2.141118047173238494e+02
2.122933084578706087e+02
2.098116984725864995e+02
2.066791118677421082e+02
2.028193380541245858e+02
1.983886592318433202e+02
1.933471484212334133e+02
1.877041984845030527e+02
1.815538459021805124e+02
1.750265657760254498e+02
1.682100369676999208e+02
1.611725205766011300e+02
1.540590359892489118e+02
1.470002139189228956e+02
1.399716553862672299e+02
1.331738585746562649e+02
1.266777399013388106e+02
1.204984777670276088e+02
1.147417467477757214e+02
1.094197864559504865e+02
1.046044738344951668e+02
1.002585854448326330e+02
9.645494823400966311e+01
9.313360441305364645e+01
9.029184248145773495e+01
8.791194910980347288e+01
8.596053203836910939e+01
8.439017360191792250e+01
8.318548991634614254e+01
8.231047272102699708e+01
8.168239662040852522e+01
8.128377929764489807e+01
8.105474316483984865e+01
8.100707528015806247e+01
8.105653970129787922e+01
8.118810777945651580e+01
8.138592719824777078e+01
8.156445980692903674e+01
8.176037730152408756e+01
8.194228991121053696e+01
8.206794761452410114e+01
8.218706778519683098e+01
8.223114060610532761e+01
8.227155154198408127e+01
8.221610278801784943e+01
8.212327415661678742e+01
8.197515974607732403e+01
8.178300901502370834e+01
8.153314940962526691e+01
8.126950075891282665e+01
8.101433376222848892e+01
8.073781250582800340e+01
8.047660423070192337e+01
8.027064322349097836e+01
8.005127637088298798e+01
7.986879474255773914e+01
7.970667945345242345e+01
7.959136383318238472e+01
7.962466810312535870e+01
7.983542935136291874e+01
8.020023447192377830e+01
8.081599024186532176e+01
8.181501681026485073e+01
8.327715606821908523e+01
8.542747070143620647e+01
8.863347653547923244e+01
9.364575192663404835e+01
1.017449785288837205e+02
1.128468787670135498e+02
1.224878899620638890e+02
1.200809678981701580e+02
9.771052509546279907e+01
6.198654040777020668e+01
2.966987235306037718e+01
1.040629211533814669e+01
2.665898395301256940e+00
4.942272682624586078e-01
6.495977485087668646e-02
6.400436757249167684e-03
7.347020723731759748e-04
2.104059216931736763e-04
2.516590732049432439e-04
1.668146071943315363e-04
1.650710110342775013e-04
1.322622263386151833e-04
1.629108434268205694e-04
9.767542615299700773e-05
1.538159531986944177e-04
1.972763376943717875e-04
1.791523791192779584e-04
8.977772523260765575e-05
1.880081445437075760e-04
1.391264475687985875e-04
1.540291976074996709e-04
9.553258624036352451e-05
8.392838446215318072e-05
1.093357291197034111e-04
7.111833733477703401e-05
7.108458056591227914e-05
6.430819349039712063e-05
6.587453186411728234e-05
7.618637617301468612e-05
9.181467161046766431e-05
1.215632614353090446e-04
1.102030746418599012e-04
8.128585610166826699e-05
4.552719543559625417e-05
4.829999456840151884e-05
7.422167508998805474e-05
3.634092307512758646e-05
3.335069531721843172e-05
8.674876696613546183e-05
3.807738896238138193e-05
3.185609070695723932e-05
3.176086666629224697e-05
7.747615568166608718e-05
2.244084374364913503e-05
6.056641597639177599e-05
4.308464806537180949e-05
2.010173078805718366e-05
6.564776098540015914e-05
8.416186386719618385e-06
3.235509710427150043e-05
2.871934893909787573e-05
3.448527284508371105e-05
7.385594700970443682e-05
4.223011352492515169e-05
6.324010258302376530e-05
4.649407379157347730e-05
6.439517148631246433e-05
8.643677023594130204e-06
4.822427470251177306e-05
4.178225383196417134e-06
1.302370972331187937e-05
3.354429220780533882e-05
8.274017608379658872e-05
4.299547016609987093e-05
4.488618372988639749e-05
2.835963645455731106e-05
2.264126207153927000e-05
6.618961379380195744e-05
3.021800495273555277e-05
5.265070494367727016e-05
6.332954458793431794e-06
