2.130570259353081326e+02
2.151466849706060032e+02
2.156264682711969556e+02
2.157706342579169529e+02
2.155002851803745045e+02
2.147776745200964115e+02
2.135392528146177256e+02
2.116790501014539814e+02
2.091555969922531801e+02
2.059898515643645851e+02
2.020812332416664674e+02
1.976050376427592710e+02
1.925046204427490011e+02
1.867927258342808443e+02
1.805576009596665585e+02
1.739140756395677840e+02
1.669468376853587301e+02
1.597202419359398675e+02
1.523666962518246919e+02
1.449781562777772876e+02
1.375345254930531667e+02
1.302266824635605929e+02
1.230777239372578720e+02
1.161053619937059267e+02
1.093997645302701471e+02
1.029569898005251503e+02
9.682102197949683386e+01
9.098319913623465993e+01
8.549602019075408066e+01
8.031037490903528919e+01
7.542893566233881586e+01
7.086138084695751616e+01
6.658763542885168363e+01
6.261223270382551220e+01
5.890417775086825714e+01
5.548180847648634995e+01
5.227578597030110785e+01
4.931355119256639341e+01
4.656913117705456528e+01
4.408077350859659305e+01
4.178584048624745151e+01
3.970647143926989031e+01
3.782213645746620756e+01
3.607739653016647452e+01
3.452966853632177902e+01
3.316666393720596773e+01
3.195042246930663410e+01
3.086973236042022961e+01
2.996708314446732402e+01
2.917391961163634306e+01
2.850782229949254543e+01
2.798226535038298124e+01
2.756604236009944486e+01
2.726169593945249048e+01
2.706301327546437463e+01
2.696846869065322849e+01
2.695050598825845611e+01
2.702239664680221054e+01
2.720393925232605881e+01
2.746043405619760236e+01
2.778573628856490174e+01
2.818239243845972908e+01
2.865625528323774418e+01
2.922944941506203520e+01
2.988846561105714983e+01
3.064972400510062656e+01
3.158206410261077934e+01
3.262594688280174893e+01
3.389357622154057026e+01
3.540641713680492586e+01
3.729933631854752463e+01
3.974645262149473268e+01
4.317214331237806135e+01
4.816731897534595674e+01
5.478731455322768795e+01
6.074010312515828502e+01
6.047470247083239769e+01
4.982634002591172617e+01
3.187193425827556226e+01
1.533609339532752891e+01
5.437391457354856961e+00
1.406167235977288099e+00
2.637520657110333788e-01
3.654850435184087837e-02
3.891337070096060387e-03
4.346169501163218551e-04
2.058239072539595922e-04
2.085303732262344613e-04
1.069990450362921970e-04
1.934561195201029609e-04
1.456643049807445907e-04
1.951114418311651426e-04
1.425722389901726934e-04
1.983040443555202917e-04
2.436055441756537396e-04
1.556602613356810520e-04
9.523976304263564183e-05
1.079818156936983721e-04
9.448901381560304946e-05
9.398196762871162012e-05
1.109059058570011682e-04
1.327369656981921458e-04
5.609168547120643023e-05
7.018397648232379453e-05
1.191492214788962925e-04
6.591245191810301174e-05
6.027948454436003571e-05
8.645415263698453634e-05
1.168933283816434992e-04
1.312053188087092921e-04
5.317622519015093718e-05
6.574754545131449241e-05
2.064218631704485435e-05
7.678703036516450664e-05
6.229935640146412146e-05
1.098646734990939012e-04
7.281713937142460246e-05
2.167776581327023630e-05
4.108649353415680616e-05
4.633467263539772552e-05
2.997582787579568137e-05
6.910663167245288197e-05
5.390360050722931245e-05
3.126237536187225397e-05
1.401884630317959770e-04
4.333484467898706294e-05
4.314078648012870711e-05
2.174114100202591621e-05
9.145634827834037139e-05
3.947770322159587875e-05
8.475832496181013686e-05
3.990680171315530206e-05
3.636508927525502333e-05
4.987634711353198391e-05
3.027249380238572485e-05
1.712035268219835871e-05
5.689928359685502324e-05
2.442829676812468631e-05
3.650847438052551297e-05
9.843617502269808028e-05
2.217829762428556845e-05
1.321548154445098311e-05
7.166136765965644820e-06
2.140128488919361999e-06
2.803843776345694866e-05
1.971038578890077031e-05
2.244285459456651948e-05
3.339338554449527920e-05
4.163755866394403915e-05
1.749795573699783568e-05
