2.936631738878043620e+02
2.970986161986373872e+02
2.982985573064194114e+02
2.991414553421810751e+02
2.996924334941278971e+02
2.998802186989679512e+02
2.996418055231644644e+02
2.989971133574983924e+02
2.978490312415369203e+02
2.962508079958565190e+02
2.940833694803703224e+02
2.914581986373236191e+02
2.882925864133282516e+02
2.846504217621795192e+02
2.804939660041547995e+02
2.759436958676186009e+02
2.709912953697594844e+02
2.657221855194413820e+02
2.601674373858626268e+02
2.544321773511848335e+02
2.485105643895407184e+02
2.424601696449850579e+02
2.363671101574874172e+02
2.302755757950498321e+02
2.241960596666248762e+02
2.181635069341051860e+02
2.122288267167378137e+02
2.063925422539907686e+02
2.007311799930418204e+02
1.952553843398986260e+02
1.899097731336453023e+02
1.847721700808973821e+02
1.797951489733145820e+02
1.750336412980128955e+02
1.704882820968424255e+02
1.660970342593967644e+02
1.619272320303325330e+02
1.579449907486611551e+02
1.541960754686747634e+02
1.506481180910743092e+02
1.473046506818566002e+02
1.441782230897878776e+02
1.412436974965838488e+02
1.385279704012761499e+02
1.360204503123424615e+02
1.337309092572529892e+02
1.317050717956929873e+02
1.299032945988661254e+02
1.283303302576077272e+02
1.270032410446779352e+02
1.259510897116872172e+02
1.251561917366228727e+02
1.245988765696809821e+02
1.243350770791166440e+02
1.243360111473509022e+02
1.246316188710187305e+02
1.252472733670959002e+02
1.261600117916439245e+02
1.274064310353177234e+02
1.290128716024498488e+02
1.308924533563667296e+02
1.330165544321449147e+02
1.355298163071991269e+02
1.384629535296130314e+02
1.418575490585590444e+02
1.458109972074378504e+02
1.504563775947627846e+02
1.558945636823497694e+02
1.624352307111658433e+02
1.703913195495858872e+02
1.802986056720250758e+02
1.931475730807979403e+02
2.109907770589827294e+02
2.366190663180517504e+02
2.703166296470653833e+02
3.003837677508077491e+02
2.991786476909388170e+02
2.460709655311689517e+02
1.573902999303296326e+02
7.556851134408317705e+01
2.668830837907325204e+01
6.860368844823861778e+00
1.284435878181042323e+00
1.769128422479558649e-01
2.163835936242004473e-02
4.567168755012369387e-03
3.211008110194644646e-03
3.112424062442649495e-03
3.173506252315685689e-03
2.841141018534831374e-03
2.527333226305390323e-03
2.126107176023784868e-03
2.108581429723448662e-03
2.270074675579904916e-03
2.321073682669425216e-03
2.293530168852244908e-03
2.049494979910418662e-03
2.023539776689585023e-03
1.831474694861913487e-03
1.534295542342158135e-03
1.730343379631973065e-03
1.640207170050531462e-03
1.653886387502179027e-03
1.518672325783006682e-03
1.579063745544953589e-03
1.638468521623902621e-03
1.389711826599614349e-03
1.316030421555980812e-03
1.218158379572883542e-03
1.361535346434672054e-03
1.097904840793924091e-03
1.029578494185554851e-03
1.083089367002095784e-03
1.172397216989850719e-03
9.441635250179925476e-04
9.274597668195398844e-04
1.039443926049364933e-03
8.996135831657889412e-04
9.598419668468905408e-04
8.216114768413635729e-04
7.965419341692534568e-04
9.506623232728142383e-04
6.647597572426382868e-04
8.261213136303680689e-04
7.743932425823872936e-04
7.588979302059097173e-04
7.695728070449748453e-04
7.064532128398711688e-04
5.983971469189034451e-04
6.534924434783432245e-04
6.491313653449119325e-04
5.845128007154350679e-04
6.519536534644370046e-04
6.985349872025755497e-04
6.005290331433403225e-04
5.801751662932773737e-04
6.415245942276986014e-04
5.195372834127054504e-04
7.028956588332060202e-04
6.161132055417002521e-04
4.788386235473620039e-04
5.424027328497478886e-04
4.122896031089670469e-04
5.320654923162348397e-04
4.449292051670687676e-04
4.788584012996488677e-04
4.115901669752628617e-04
4.644756459705003441e-04
4.094032519833766797e-04
3.595383170336140005e-04
