2.937412430644964161e+02
2.972731520023862117e+02
2.985271094878282270e+02
2.994104511697947828e+02
3.000019624798239875e+02
3.002373472754167096e+02
3.000451586368854464e+02
2.994436045036419500e+02
2.983363624577829682e+02
2.967675377409110524e+02
2.946331388247925247e+02
2.920291216692001512e+02
2.888923753361110016e+02
2.852728715894131142e+02
2.811405167018051543e+02
2.766091366923545252e+02
2.716825719372665731e+02
2.664305850425825497e+02
2.608968964176710870e+02
2.551885493319606439e+02
2.492881634661072212e+02
2.432672999568411569e+02
2.372178165272764829e+02
2.311619293587487221e+02
2.251372793229829767e+02
2.191692602153936207e+02
2.133198855015226059e+02
2.075902809132330447e+02
2.020603046940262288e+02
1.967604379862900714e+02
1.916519747471903372e+02
1.867964043857588479e+02
1.821989802781764070e+02
1.778971410789055483e+02
1.739245723515750512e+02
1.702408402391710069e+02
1.668966799415771902e+02
1.639229558438491381e+02
1.613258476268316315e+02
1.591048203327401893e+02
1.572295079861878264e+02
1.557407609624388556e+02
1.545739651798376713e+02
1.537743396848463533e+02
1.533079335178748295e+02
1.531454889046549681e+02
1.533115754367236150e+02
1.537316030529842976e+02
1.544089370717982206e+02
1.553407742432586360e+02
1.565157433936404061e+02
1.579015320708041656e+02
1.594742590901014694e+02
1.612457115097249982e+02
1.631882944805988984e+02
1.653112623024523486e+02
1.676589542302860423e+02
1.702226777241234572e+02
1.730269675610306876e+02
1.760351673598163984e+02
1.792123898980711658e+02
1.825941750985966792e+02
1.862504300100638375e+02
1.902571955848972038e+02
1.946862206455407431e+02
1.996613796577084088e+02
2.053544481303153759e+02
2.119777798139164133e+02
2.198418672879843996e+02
2.293675081688110708e+02
2.412589809471715228e+02
2.568189157946466707e+02
2.786178813207230860e+02
3.102348515473165662e+02
3.521060381411786580e+02
3.892687496728806877e+02
3.863893750226541215e+02
3.170810471739590071e+02
2.024970721715395996e+02
9.708591894228423769e+01
3.424504372486538273e+01
8.790968203757707045e+00
1.652072993170137893e+00
2.281148863860397447e-01
2.555078842906935432e-02
5.275101352041206004e-03
3.480540288223333504e-03
3.210478276117397292e-03
2.798593239453953021e-03
2.718145129611873687e-03
2.421158954649271604e-03
2.251133479719012124e-03
2.301335824877983900e-03
2.565882063939800301e-03
2.335940034308070165e-03
2.144898752493875488e-03
1.977077927677063467e-03
2.185442676709742175e-03
1.893374163682675021e-03
1.720831031654030015e-03
1.734697745195401151e-03
1.642475534719195149e-03
1.543908284844770686e-03
1.661991985716498909e-03
1.626787171477199609e-03
1.433284387334968950e-03
1.479409645328011620e-03
1.370854218081805128e-03
1.317785435685722446e-03
1.313989098360212118e-03
1.150897738058210152e-03
1.193772165529549982e-03
1.130325600385310211e-03
1.040646812661439984e-03
1.133667676652037447e-03
9.260903751036849482e-04
1.041052139847496207e-03
8.425791077617963238e-04
9.701285458071082831e-04
7.583271417717392512e-04
9.649944981670928066e-04
9.301923879944396780e-04
6.971536922066146709e-04
8.398928566322432909e-04
7.921340805216109740e-04
7.041598966336602141e-04
6.811430796738204320e-04
7.287744969969988523e-04
6.497567421393930483e-04
6.929202778085515263e-04
6.377962871337664605e-04
6.976508052499116354e-04
6.996817186059455396e-04
5.476578322013233744e-04
5.083964238418104331e-04
5.417923162657176410e-04
5.828274339988507007e-04
5.157587748208897985e-04
5.962411424260332738e-04
5.568683467026974438e-04
4.679732381672637971e-04
4.199823800675574551e-04
4.794359435166200916e-04
3.793499206330508758e-04
4.148951084527770098e-04
5.288080542654923508e-04
4.502124489700017117e-04
4.390770432734204484e-04
4.172738038613883304e-04
4.729230167382168630e-04
