2.938486403598786296e+02
2.974833209095370989e+02
2.987919647278734487e+02
2.997300522683922850e+02
3.003756208233960479e+02
3.006569688458270662e+02
3.005032636411138469e+02
2.999354501098673609e+02
2.988520071387729331e+02
2.973142243183049231e+02
2.952049768540495620e+02
2.926261709405883380e+02
2.895201586097407471e+02
2.859355115680914992e+02
2.818342363191359254e+02
2.773495922200780797e+02
2.724815436072772172e+02
2.673043690621933592e+02
2.618797032006222025e+02
2.563053060298318542e+02
2.505969027145116002e+02
2.448163941928297902e+02
2.390918784292265400e+02
2.334534121493599059e+02
2.279621011323046957e+02
2.226667447888878257e+02
2.176560691535196952e+02
2.129527062981883319e+02
2.086484325000115803e+02
2.047771282169115068e+02
2.013069417940667165e+02
1.983185478831211981e+02
1.957672135627350656e+02
1.936806656085872191e+02
1.920798525082476544e+02
1.908795971172844190e+02
1.900979236054868409e+02
1.896926654608255092e+02
1.896504658215048948e+02
1.899163919781560992e+02
1.904693143459901421e+02
1.912276284967026641e+02
1.921711941979827998e+02
1.932912814800126853e+02
1.945297129640671017e+02
1.958622483358475961e+02
1.972994058028561426e+02
1.987760273533460236e+02
2.003132358354432654e+02
2.019030091883776379e+02
2.035334483576442324e+02
2.051713334017880470e+02
2.068548264530266465e+02
2.085623509402701359e+02
2.103242765862547685e+02
2.121643641755169654e+02
2.141265436937362949e+02
2.162208912814383837e+02
2.185277984892048266e+02
2.210044620341621737e+02
2.235887409227044316e+02
2.263206491371284130e+02
2.293298693410347653e+02
2.327150643901610749e+02
2.365515746898762472e+02
2.410184939920877696e+02
2.463061742891222252e+02
2.525962793525995096e+02
2.602725164794466650e+02
2.698132064900444220e+02
2.820315460628986557e+02
2.983414406406095054e+02
3.215891155398616092e+02
3.559457210431247631e+02
4.018710700475670592e+02
4.425654941423883884e+02
4.380105954297908397e+02
3.587356720224269111e+02
2.286913826439107993e+02
1.094670161930256000e+02
3.854628527773525803e+01
9.888379697838022508e+00
1.849173349157079205e+00
2.496128761182996869e-01
2.788377782350817333e-02
5.530353179166822009e-03
3.039385521181353633e-03
3.125364608618278004e-03
2.796674020699353551e-03
2.676628153068433703e-03
2.476437169260373248e-03
2.338776658609374379e-03
2.013986593753870017e-03
2.195032793829352919e-03
2.183647343186109237e-03
2.195759749628051292e-03
1.928521328309046497e-03
2.096276623709519577e-03
2.066941925556401143e-03
1.687454361375718102e-03
1.862352076109242667e-03
1.630525241661614187e-03
1.546618568857798578e-03
1.557232689216152439e-03
1.405644435604716525e-03
1.342459038301007171e-03
1.293842111019901948e-03
1.367045701770567548e-03
1.336706297993222985e-03
1.366791218673021760e-03
1.276685437535572719e-03
1.139011461586977728e-03
1.068777589817295620e-03
9.757068620795806939e-04
1.213222977365070515e-03
9.022786235568139952e-04
9.262006595407300431e-04
1.051436996596529904e-03
9.431444872195084801e-04
8.256074321721886726e-04
8.252835132354412401e-04
1.010313402620214608e-03
7.807112459843108419e-04
7.606997853507167394e-04
6.959139381919060433e-04
6.779498482326010850e-04
7.814364512057189911e-04
6.745291307416996854e-04
6.254097390476292487e-04
6.576415574849414983e-04
6.490253104285104938e-04
5.716328272861296612e-04
5.590535157577235324e-04
6.237151513863906744e-04
6.569893623142431362e-04
6.753570878648340256e-04
5.368401233199205898e-04
4.917651761709391839e-04
5.281211511357720772e-04
5.397400456690929979e-04
4.519943464087111196e-04
4.167034660235634735e-04
4.618460605704682062e-04
5.017544591922649217e-04
4.204981111745311677e-04
4.708103643684990775e-04
5.015072191044700218e-04
5.121851348325049324e-04
4.129422681027433662e-04
3.826376046345614560e-04
