2.886425895441635021e+03
1.479354150952803366e+03
1.079481055894805422e+03
9.364081897573340711e+02
8.284326346914392616e+02
7.705869100265272209e+02
7.158785214192369040e+02
6.717761983654374944e+02
6.330666490649641673e+02
6.012811634846298148e+02
5.660568372818944454e+02
5.470357633290082049e+02
5.208226858924739417e+02
5.000369687759762769e+02
4.780123932650283223e+02
4.532547788175128289e+02
4.325582528683229384e+02
4.120562503204011477e+02
3.912899072340171074e+02
3.682432856770524836e+02
3.490067803707515850e+02
3.311529578741947262e+02
3.096506781277766436e+02
2.921691063274189446e+02
2.742791357333928204e+02
2.542451655974455491e+02
2.376927329355691541e+02
2.188818761269457411e+02
2.027054381555855400e+02
1.837938062572285673e+02
1.663137114747371470e+02
1.486069844187962588e+02
1.321888377601817410e+02
1.170874900624776558e+02
1.023555661841395619e+02
8.879267549799732251e+01
7.595814482733499062e+01
6.452734587787978171e+01
5.410328241056214438e+01
4.559527890883154555e+01
3.800886910471845681e+01
3.169846408064280041e+01
2.636105441390070325e+01
2.204608605504986585e+01
1.842222858103512095e+01
1.551595455657319533e+01
1.307321671501605920e+01
1.106402790948734527e+01
9.423164255841792070e+00
8.094992134966817687e+00
6.985545580391597120e+00
6.062810423746047839e+00
5.312369753075157242e+00
4.674299938435864554e+00
4.139728525554547289e+00
3.690570732929296494e+00
3.315052003161267802e+00
2.990903887231354918e+00
2.716414223348365020e+00
2.481805818985703294e+00
2.283271823165236025e+00
2.107670327658341058e+00
1.959456573158026904e+00
1.831439760224255586e+00
1.720122484559209797e+00
1.626651691058771609e+00
1.543324428664393677e+00
1.469590044747107527e+00
1.406871476225865392e+00
1.350811856143530276e+00
1.303684224218572885e+00
1.261825001060528528e+00
1.227301163947015938e+00
1.198572673919823472e+00
1.171941999375163634e+00
1.150419557558816752e+00
1.131448260321714860e+00
1.116117870078604746e+00
1.103299311802150129e+00
1.093044464402563420e+00
1.084039267170648246e+00
1.077077250735783975e+00
1.073866026825091691e+00
1.071422667329252398e+00
1.069311554333614023e+00
1.066600829320520472e+00
1.065953418911102180e+00
1.065527242642309247e+00
1.065169620311329446e+00
1.066525202107539760e+00
1.069571182197075476e+00
1.071615587393693225e+00
1.074063509002589845e+00
1.076112464553430570e+00
1.078956864216886968e+00
1.079952287538172406e+00
1.083336721374360323e+00
1.087557293986093132e+00
1.089547433499805651e+00
1.092626373628498682e+00
1.096058356348272866e+00
1.098960150454504570e+00
1.101262967999144582e+00
1.104948379041741591e+00
1.106869354235984426e+00
1.108930756651678617e+00
1.111115792003017022e+00
1.113343965918355716e+00
1.113932424448448311e+00
1.116400521346209596e+00
1.116711829418575608e+00
1.119040749551284186e+00
1.118876719413152587e+00
1.120625453520745163e+00
1.120809261494336573e+00
1.121739739785571732e+00
1.123121083407289555e+00
1.123874577774960359e+00
1.124046201945425150e+00
1.125145193319870396e+00
1.125542409870589289e+00
1.123799784985473948e+00
1.122615933990855908e+00
1.123774389403146223e+00
1.123179418670337659e+00
1.123882183236105670e+00
1.122045275620543681e+00
1.120728271140653431e+00
1.121214317667097893e+00
1.120407387048534709e+00
1.117278016491236370e+00
1.115950819609087263e+00
1.115119379648140452e+00
1.113883526854519523e+00
1.114232500895672384e+00
1.112641756581244978e+00
1.112611395012821580e+00
1.110967951284436595e+00
1.109137392343656270e+00
1.106464232084457100e+00
1.105452803153536889e+00
1.104389498768497679e+00
1.104195770150244504e+00
1.102366018283706506e+00
1.100712158468981627e+00
1.099751843123217387e+00
1.097712202300443307e+00
1.098554969058402220e+00
1.096876323145829613e+00
1.092707551438074187e+00
1.091090520695759958e+00
1.091464569465976808e+00
1.088637252331570160e+00
1.085002660854072154e+00
1.083489439464771387e+00
1.083349198054409657e+00
1.080912573668675103e+00
1.082160726417973340e+00
1.079825300310486069e+00
1.080070006164796093e+00
1.083375593358022471e+00
1.081382850836542175e+00
1.079790932392581171e+00
1.087636972987290340e+00
1.094957550357604559e+00
1.109186167655311417e+00
1.080901681854301577e+00
1.097556706154715123e+00
1.129001223080754457e+00
1.092140384320039459e+00
9.917325538519048411e-01
1.172359436204855498e+00
7.268224872998384489e-01
6.272082074809778307e-01
7.162078281079767850e-01
8.430451044357566426e-01
1.229904417125903038e+00
1.521528765596957600e+00
1.320092444813365740e+00
1.082232725063381640e+00
7.554768411022584340e-01
1.832968594792369510e+00
3.777959292678869652e-01
4.754676586978555664e-01
6.421580182033742590e-01
1.286308113656575491e+00
2.088299080569762989e+00
1.434568056287969684e+00
1.328863242858674187e+00
4.761140822143032358e-01
7.019760909412151584e-01
4.411582738737881981e-01
4.204286900270605143e-01
2.252628119094696180e-01
4.615181069629225585e-01
2.129549321934983919e+00
6.852876134728851376e-01
6.631286042921017421e-01
7.501293959248999110e-01
5.840721474558104864e-01
