3.835942893127359810e+01
3.546813736095212732e+01
3.466014661390919827e+01
3.395622590060299473e+01
3.324698188234373220e+01
3.243097664782108325e+01
3.151328548248647721e+01
3.042627911194686163e+01
2.919988813574517295e+01
2.780070315462415564e+01
2.629285839548869674e+01
2.464069760473958937e+01
2.289338059004973758e+01
2.113356794026071128e+01
1.931446868953879914e+01
1.754630397349603754e+01
1.580892372178093552e+01
1.417528339974758822e+01
1.263010811300877556e+01
1.119938723441545214e+01
9.903178933868209910e+00
8.727671579916261635e+00
7.682417737495857324e+00
6.755981432012709398e+00
5.943545693728775170e+00
5.238635825665874712e+00
4.625430991311202611e+00
4.099225379634357402e+00
3.644005867652700736e+00
3.249384928282760487e+00
2.912545412566375003e+00
2.623779972817668504e+00
2.376438363591554026e+00
2.165544515014681703e+00
1.982769058134608686e+00
1.829848800951216159e+00
1.699442668676854007e+00
1.587556473112810229e+00
1.491475887148476343e+00
1.411170134272242249e+00
1.342520199631397571e+00
1.286147927660527213e+00
1.238795510965542856e+00
1.199209923422907220e+00
1.167155724188321919e+00
1.140532688509970249e+00
1.119009113919876564e+00
1.102861875749651333e+00
1.089982995411249211e+00
1.080454806146428970e+00
1.073798737325180497e+00
1.069980977680166756e+00
1.067615035599237761e+00
1.066977341873090346e+00
1.068052004314827830e+00
1.069775830254834581e+00
1.072317500417456548e+00
1.075309141505214061e+00
1.079163014612753324e+00
1.083990539298345546e+00
1.088692640688849744e+00
1.092904402957493026e+00
1.097487070654025842e+00
1.102085373022442250e+00
1.105988477728310437e+00
1.109806811524400860e+00
1.113567970374039762e+00
1.117057694626843123e+00
1.119650926702896232e+00
1.122564518193086780e+00
1.124537498036880967e+00
1.126888290742709131e+00
1.127819687253388325e+00
1.128920817181289449e+00
1.130347671801826159e+00
1.130998600568937418e+00
1.131690270822112376e+00
1.131709111366884013e+00
1.131402343393545840e+00
1.131643947618962143e+00
1.131226583470284597e+00
1.130145892121221074e+00
1.129130522753552857e+00
1.127536519136025372e+00
1.126279025760275054e+00
1.124830215215202545e+00
1.122975999068066777e+00
1.121557999873296740e+00
1.119853605954155285e+00
1.118308936687173683e+00
1.115685141174925121e+00
1.114877221695858012e+00
1.112200649559426546e+00
1.110126606570426722e+00
1.107645933032487706e+00
1.106521910964883171e+00
1.103668038731109524e+00
1.102605982143609165e+00
1.100109082749641143e+00
1.098298474686243642e+00
1.096208077971529304e+00
1.094129603968676534e+00
1.092318960332430144e+00
1.090511750871668850e+00
1.088242546346165796e+00
1.086829499651249087e+00
1.084915881478322186e+00
1.084141012960572859e+00
1.082384718301423687e+00
1.080403273589072066e+00
1.078540863781017878e+00
1.076552002807521946e+00
1.075030420767691952e+00
1.072815619371068951e+00
1.071507755163282116e+00
1.070211349540767243e+00
1.068654445983233670e+00
1.066912216628367549e+00
1.066098506589408412e+00
1.063632868403350473e+00
1.061799269958108249e+00
1.060627113774891050e+00
1.059371782169650000e+00
1.058087547502336578e+00
1.056718972244444554e+00
1.054350749725775804e+00
1.053410046477588624e+00
1.052459593308625818e+00
1.050672275802965405e+00
1.050629563597112126e+00
1.049763463250337425e+00
1.048445364137532421e+00
1.047500776851094217e+00
1.045269806534205204e+00
1.043579459100188123e+00
1.043587471600126326e+00
1.042821662663466986e+00
1.043025036537036820e+00
1.041950502240125864e+00
1.039717884922161995e+00
1.037984393774133318e+00
1.038280004193092854e+00
1.036805644648166602e+00
1.035908585569170537e+00
1.036039795187822854e+00
1.035529838652428092e+00
1.034823839366713738e+00
1.033505301541987942e+00
1.032227631095040232e+00
1.031573690135793475e+00
1.030215450104171149e+00
1.028804931692744562e+00
1.029789158679020433e+00
1.029853594508072900e+00
1.026817852366417538e+00
1.024836213718123057e+00
1.027341469326747747e+00
1.027767162893623132e+00
1.028454740090009922e+00
1.027482488402398308e+00
1.025150312063897395e+00
1.025132450588409627e+00
1.023357274621772950e+00
1.026344630625470211e+00
1.024171300329002721e+00
1.021842312760178340e+00
1.018545690956476069e+00
1.029628533976491456e+00
1.051037165838424103e+00
1.014662512219663082e+00
9.845202646546631353e-01
1.016072553503091891e+00
8.816206622395401649e-01
1.035199759712143841e+00
7.083627727111350136e-01
1.010382142876060652e+00
1.472279237906463534e+00
1.058753776100279875e+00
5.745030527508898643e-01
1.092992618298544327e+00
8.235079569966090585e-01
1.175599004560590188e+00
1.402251147399020681e+00
9.840695763277420571e-01
2.160436305743888674e+00
7.120042369726579112e-01
1.208384748618688720e+00
2.312189529227535179e+00
9.231937955245096417e-01
7.229047925440452715e-01
1.973026361924617555e+00
1.417112804556990957e+00
8.530176946544808514e-01
2.199859078252157207e+00
7.819651239508224050e-01
3.576387546326967204e+00
6.579448476571974069e-01
2.081368812368774357e+00
7.628867991335059884e-01
1.230096505908828020e+00
