2.182950507844288381e+02
2.212036707176912671e+02
2.216452286849628592e+02
2.218838310680210100e+02
2.219577501750096928e+02
2.218478810493659523e+02
2.215714527076843297e+02
2.211189554269252824e+02
2.204350593176559414e+02
2.195853653643910377e+02
2.184497784136391942e+02
2.171552271844343522e+02
2.155947224146224528e+02
2.138221583272938631e+02
2.117997643787458344e+02
2.095477792520244122e+02
2.071372953227516405e+02
2.045161173781867490e+02
2.016899308080239166e+02
1.986995730082882119e+02
1.955793400787790688e+02
1.923056123615438082e+02
1.889058046503469939e+02
1.854244413737725949e+02
1.818537656493326153e+02
1.782547510591769822e+02
1.746037385982008914e+02
1.709284608371791307e+02
1.672111440075607902e+02
1.635497819844852359e+02
1.598896677141268015e+02
1.562400466361770555e+02
1.526541922230486534e+02
1.491358523105424183e+02
1.456708486318541418e+02
1.422607815354415663e+02
1.389549581814741259e+02
1.357122563103817470e+02
1.325590373191205913e+02
1.295238353222607088e+02
1.265414613481731720e+02
1.236889041884720513e+02
1.209187478629087025e+02
1.183079658905890739e+02
1.157879358293784406e+02
1.133778495028908821e+02
1.110926684267129048e+02
1.089365298707210599e+02
1.068981095751614845e+02
1.049814779029407390e+02
1.032003941754838365e+02
1.015308636756430047e+02
1.000104164415108983e+02
9.860742772095369446e+01
9.732121026357212656e+01
9.613550660386097491e+01
9.508734126114528351e+01
9.415798257570257590e+01
9.331571266371231843e+01
9.257234111777438557e+01
9.193783628276220554e+01
9.138641505476988414e+01
9.092634046235609446e+01
9.053741534740004226e+01
9.020939326628186450e+01
8.996757227654659061e+01
8.976950021662381118e+01
8.964728352575424708e+01
8.956382148915763253e+01
8.950870960747403160e+01
8.948002201326953298e+01
8.947022427901532637e+01
8.950127619303721360e+01
8.955942809686210637e+01
8.962931972339667652e+01
8.971475507599974719e+01
8.977731856878243377e+01
8.986395497733812476e+01
8.997843555692077189e+01
9.008205034593679272e+01
9.019028469998482933e+01
9.028177728410743441e+01
9.036986917970075694e+01
9.046899423667848339e+01
9.054275423932210742e+01
9.060545400007096362e+01
9.065830977210603692e+01
9.070720368551691593e+01
9.072954214080782265e+01
9.077787090191074526e+01
9.079584228145581903e+01
9.079624793500607893e+01
9.079429858014336219e+01
9.079086487385278303e+01
9.076573477037031523e+01
9.072983382034684041e+01
9.067102112833508443e+01
9.063116075175973663e+01
9.056551448290919382e+01
9.050983802993445693e+01
9.042029275099510244e+01
9.035048589033463884e+01
9.026595953620717694e+01
9.018918784406763223e+01
9.011178852136654882e+01
9.002811866783480355e+01
8.995138852656680228e+01
8.987611670457367552e+01
8.979197274727148681e+01
8.970477085490557556e+01
8.962443741333079572e+01
8.954811298815879184e+01
8.948349812141738369e+01
8.940581403693238371e+01
8.934144205898439850e+01
8.930182461699291707e+01
8.927566665309780092e+01
8.926809282035104331e+01
8.928319359134168565e+01
8.930614573850614590e+01
8.932565590755723406e+01
8.936781400536148112e+01
8.944096091831679018e+01
8.953336935335696012e+01
8.964314283118055471e+01
8.979098289633736840e+01
8.995097572671932085e+01
9.014739254266805801e+01
9.040117630508689217e+01
9.066898472985394619e+01
9.097837338538448648e+01
9.134391139093290235e+01
9.177570832033407555e+01
9.225953571110511575e+01
9.280185642383240463e+01
9.342704687832399202e+01
9.414259044292424505e+01
9.493563923382038183e+01
9.586459271045187336e+01
9.689196775759114644e+01
9.804041734321671697e+01
9.933804127158427377e+01
1.008324603390264969e+02
1.025352718959899363e+02
1.045136565148297620e+02
1.068421635202340099e+02
1.095975311521516460e+02
1.130122546605927312e+02
1.172379474809523998e+02
1.224538333423399195e+02
1.288936830519118359e+02
1.364473128420728756e+02
1.446376926103194478e+02
1.523761294281588619e+02
1.579004387274895578e+02
1.590759652565716920e+02
1.539841884518438917e+02
1.417675369089775472e+02
1.231229984729292681e+02
1.001260588693879328e+02
7.589130088960267528e+01
5.336933818775174387e+01
3.473401199556627716e+01
2.085427715257286252e+01
1.156938659493095223e+01
5.913061110972573253e+00
2.789522839648363561e+00
1.219136843557269811e+00
4.849005453220948114e-01
1.792152943738227477e-01
6.397335992051858544e-02
2.238809351480247276e-02
8.490203579635388284e-03
4.416227136308681356e-03
3.016308943092900312e-03
2.936868377583000487e-03
2.669854721808150293e-03
2.632481541856133197e-03
2.474602034789220775e-03
2.515584037803315562e-03
2.209728244198703138e-03
2.199214570526822950e-03
2.266130188421640584e-03
2.322456958565578562e-03
2.199650064619972610e-03
2.144150435144001176e-03
1.958405375296996907e-03
1.987032459677529669e-03
1.861917417892208727e-03
1.711320952570891856e-03
1.673539397384861925e-03
1.711223414179144971e-03
1.730393507773011130e-03
1.556010518185786196e-03
1.542266620032963160e-03
1.392090574841412659e-03
1.460576506392016749e-03
1.426726543845901595e-03
1.374063456125720548e-03
1.516722293698829658e-03
