2.181582977820597762e+02
2.209151735734692465e+02
2.212301269984189105e+02
2.213883223906011040e+02
2.214070886049865123e+02
2.212531634675148098e+02
2.209424975554131265e+02
2.204583623565428354e+02
2.197394229967042918e+02
2.188635945856479168e+02
2.177002683251959070e+02
2.163776616623978839e+02
2.147911608052874044e+02
2.129972783980866211e+02
2.109477491321085267e+02
2.086742473619623297e+02
2.062378505293358444e+02
2.035987279045137370e+02
2.007547183778479507e+02
1.977416238023935477e+02
1.946043731817011349e+02
1.913132319244482460e+02
1.878929273680683991e+02
1.843918827270940142e+02
1.808088906244032898e+02
1.771847056578094168e+02
1.735094519507636051e+02
1.698228972741855216e+02
1.660866831346071706e+02
1.623984299736821413e+02
1.587162822644451410e+02
1.550418563544573658e+02
1.514271784845397235e+02
1.478780921959146895e+02
1.443712431238141960e+02
1.409166250621306631e+02
1.375604684652609819e+02
1.342598465675347086e+02
1.310365427299385601e+02
1.279177439266182859e+02
1.248381172062207014e+02
1.218585887325665169e+02
1.189480286609976645e+02
1.161648949588610122e+02
1.134458852545760408e+02
1.108016337675243221e+02
1.082410403726855463e+02
1.057657182812160528e+02
1.033675606826744229e+02
1.010373741537506618e+02
9.880144697321311753e+01
9.660977801959275268e+01
9.451757020304239632e+01
9.248716320633380406e+01
9.052879293022496654e+01
8.860452788132691637e+01
8.676781067774504663e+01
8.499057912758500777e+01
8.327061900505614744e+01
8.159157866953644600e+01
7.998889653194210325e+01
7.842624349521958038e+01
7.692059747110953083e+01
7.547826152463848359e+01
7.405230401940049489e+01
7.269757081872943161e+01
7.137051915588655504e+01
7.010130492804927371e+01
6.886263476752210977e+01
6.766366871246421510e+01
6.650136020464616138e+01
6.535402150674889299e+01
6.426924926707869190e+01
6.321797661438002791e+01
6.220265934319841250e+01
6.121742508932801741e+01
6.024014007317147446e+01
5.930926037106539894e+01
5.841838452091725742e+01
5.754320715324841018e+01
5.671417448715595100e+01
5.588910556463468993e+01
5.510718900083282534e+01
5.435893226423121405e+01
5.361691406941130111e+01
5.290007904230202485e+01
5.220696749041741924e+01
5.154301877692799394e+01
5.087270397140530065e+01
5.026168447812254669e+01
4.964965754494652828e+01
4.906966975776119000e+01
4.850377766188415762e+01
4.796860075588212169e+01
4.744231254587262470e+01
4.694075520345113262e+01
4.645164260358200181e+01
4.599471777367715930e+01
4.554984179561499502e+01
4.512004736598454713e+01
4.471387670561887262e+01
4.433050945885851490e+01
4.395934735451388065e+01
4.360669135468312874e+01
4.328194634316989919e+01
4.299100275135990046e+01
4.271062002060267560e+01
4.245394995066628496e+01
4.221798719270650224e+01
4.200685503622410266e+01
4.181450926541655377e+01
4.164687485755612073e+01
4.148770214460352435e+01
4.135364169125408296e+01
4.123818514905178745e+01
4.116673021830639811e+01
4.112012677944906613e+01
4.109509192004065170e+01
4.109501841618688189e+01
4.111349043054521957e+01
4.115917502512424875e+01
4.124125312757219319e+01
4.134629829188703809e+01
4.147958917041169968e+01
4.162357431071527714e+01
4.180404331250536387e+01
4.202577168832752363e+01
4.226982135463570245e+01
4.255646579075500568e+01
4.286604542919607042e+01
4.321796480841557297e+01
4.359032235063965999e+01
4.403014414986431291e+01
4.451463497083737053e+01
4.503922470172411607e+01
4.562419950855851170e+01
4.627106849871690031e+01
4.698069939747310286e+01
4.776953930706108764e+01
4.862273656256992638e+01
4.956444802423265372e+01
5.060401781029449353e+01
5.175362414046818316e+01
5.302702306151277156e+01
5.449853382820501224e+01
5.619889903923613872e+01
5.815720550372768116e+01
6.049503257858721383e+01
6.331540064600655882e+01
6.673675621009050474e+01
7.086666607913836913e+01
7.566890408833690174e+01
8.082556648444789005e+01
8.574396499386413950e+01
8.938424793707437743e+01
9.049465001829820210e+01
8.791546570909302716e+01
8.116595597438501386e+01
7.064532035585612846e+01
5.754888354765354563e+01
4.370922102698353484e+01
3.076381583913148177e+01
2.006521750961169559e+01
1.207094899913621688e+01
6.706532874674455691e+00
3.426905325011252668e+00
1.617305938710592805e+00
7.064655022076656854e-01
2.813980462889529299e-01
1.054921595870514511e-01
3.891456848224524728e-02
1.405186063108145901e-02
6.181137536892721863e-03
3.787448920319127880e-03
2.758443931326281465e-03
2.847231031437700947e-03
2.893558092476639261e-03
2.658619596746732844e-03
2.306219717297297057e-03
2.366995973932613587e-03
2.226338882077778889e-03
2.328077779999188079e-03
2.122725158078596873e-03
2.192442346214372884e-03
1.989285106405670658e-03
1.885144576522705282e-03
1.978722720825543818e-03
1.952548242709406957e-03
1.763938339586720557e-03
1.533484806170099966e-03
1.749438277971959331e-03
1.714374175759962853e-03
1.710796104418253229e-03
1.420094261323677541e-03
1.537087411715848178e-03
1.469322174445479448e-03
1.445983820443967833e-03
1.556752144792440413e-03
1.487699913626942859e-03
1.436268646334142767e-03
