2.182008888267741895e+02
2.210023819765887936e+02
2.213707048118716330e+02
2.215682662905148277e+02
2.216194934172538638e+02
2.214851043490487825e+02
2.211912795799129867e+02
2.207214976802238482e+02
2.200131828983435298e+02
2.191445050809945769e+02
2.179920431723718934e+02
2.166793815565321495e+02
2.151024707026170404e+02
2.133224176880887626e+02
2.112807813608396543e+02
2.090176791299491299e+02
2.065910527573912816e+02
2.039655626949376312e+02
2.011285057478211229e+02
1.981247791285855158e+02
1.949964390371122249e+02
1.917138779675086937e+02
1.883082492950254903e+02
1.848129922193030552e+02
1.812358896441805314e+02
1.776223129082518426e+02
1.739569214911780932e+02
1.702757977525093906e+02
1.665462217413724488e+02
1.628655077695050579e+02
1.591895651875150008e+02
1.555203495702274950e+02
1.519113559920070031e+02
1.483698925678848468e+02
1.448679255804299260e+02
1.414193253684691456e+02
1.380710153710051031e+02
1.347752742243409614e+02
1.315605270013136021e+02
1.284489883023230163e+02
1.253728311391702022e+02
1.224006292528232933e+02
1.195028982552286152e+02
1.167238625840681294e+02
1.140133142399914874e+02
1.113771960773653689e+02
1.088229824459092043e+02
1.063583956183606176e+02
1.039679893053238970e+02
1.016503612944430301e+02
9.942152700432322376e+01
9.724465740004085035e+01
9.516691717595332989e+01
9.314998051769283904e+01
9.120112218853310537e+01
8.929515118845245070e+01
8.747574277859659730e+01
8.572166831500298656e+01
8.402092288193584579e+01
8.236944347996043803e+01
8.079858559654144301e+01
7.927037364860746038e+01
7.780511853745555584e+01
7.641128740005493114e+01
7.504049550975830130e+01
7.374415148515763008e+01
7.248999121308014537e+01
7.129948819018785855e+01
7.014999393193471633e+01
6.904952581606879392e+01
6.800331617854212141e+01
6.699070549524552121e+01
6.604964162818444606e+01
6.516379980095726410e+01
6.432400043795445299e+01
6.353135385663697576e+01
6.277276316738785056e+01
6.207487731734251213e+01
6.143382259404845769e+01
6.083886139667760773e+01
6.030690913878630965e+01
5.980009666309605620e+01
5.934257272015599938e+01
5.894189745986790996e+01
5.857776574606666031e+01
5.825314705708395024e+01
5.796000771033580179e+01
5.771217711685523000e+01
5.748077466706524064e+01
5.732430877960504745e+01
5.717161978946057843e+01
5.707759900957393029e+01
5.700501389494179705e+01
5.696953478732020670e+01
5.694875281637222741e+01
5.696443222725142164e+01
5.700677508753710043e+01
5.705978778403044771e+01
5.715790125243573527e+01
5.725920605647901596e+01
5.739253823950887323e+01
5.753168986441662724e+01
5.770234371975225685e+01
5.787832889909248024e+01
5.806709424685794119e+01
5.829884691669687413e+01
5.852140507319308682e+01
5.877376647921066422e+01
5.903768042019324724e+01
5.932054458080451553e+01
5.961451288980383367e+01
5.991096307683329059e+01
6.021717633223367017e+01
6.052479565282779106e+01
6.085645732913416595e+01
6.119552450237669206e+01
6.154627590972421558e+01
6.190855410829770733e+01
6.229802420945589603e+01
6.268876725008760076e+01
6.310667288526506979e+01
6.354214776934380637e+01
6.397438492255973586e+01
6.444043997944181967e+01
6.491641409129273654e+01
6.541703338982807736e+01
6.593100298385695623e+01
6.645042772300404010e+01
6.701094064472027867e+01
6.760425327953966246e+01
6.822770632395138080e+01
6.889099835601308541e+01
6.959136752988821684e+01
7.033458355140638218e+01
7.115142094737510092e+01
7.201627689909886954e+01
7.296254321206812676e+01
7.397242253364404974e+01
7.506459910505161304e+01
7.624273548068036632e+01
7.753758310961032407e+01
7.896423731224268749e+01
8.052676105155077835e+01
8.228447258308408152e+01
8.426358559909201063e+01
8.653633432280609838e+01
8.920888583994795340e+01
9.242185989938265323e+01
9.631936174258434846e+01
1.010480950903855870e+02
1.068076772001754478e+02
1.135517109930143675e+02
1.208350755449409348e+02
1.277085652598502037e+02
1.327307779390616247e+02
1.340494814377488524e+02
1.300041893885534421e+02
1.198522492873176049e+02
1.041996335238527820e+02
8.481293654413974537e+01
6.435444105688908678e+01
4.529000683832763485e+01
2.952010303212509257e+01
1.773564062693361265e+01
9.856743916504507652e+00
5.041164799588066181e+00
2.370730106480671839e+00
1.034488844790592221e+00
4.144038199170267944e-01
1.562224945311163626e-01
5.474406838507121092e-02
1.952369073672232183e-02
7.538820180052239507e-03
4.087799289871303643e-03
3.028843844425726638e-03
2.613482091073684489e-03
2.774898070947673986e-03
2.682883628376066514e-03
2.576420858229373691e-03
2.575997677064830425e-03
2.137738526314322558e-03
2.407269291337988532e-03
2.072360391895003515e-03
2.005484241182367133e-03
2.009426965241800037e-03
1.797244032604595164e-03
1.930577998707339428e-03
1.971319220428957662e-03
1.681771118081680592e-03
1.654192201409276485e-03
1.915443855800159434e-03
1.668560961399045799e-03
1.701535315161284987e-03
1.444560996964013412e-03
1.417128412380799785e-03
1.550531851157074684e-03
1.366920077345070870e-03
1.372359707679879186e-03
1.269391867867581541e-03
1.383007834453834056e-03
