2.183542214366472933e+02
2.213177013194834331e+02
2.217862808205786394e+02
2.220371586638283929e+02
2.221249996696496112e+02
2.220232794673721344e+02
2.217587222374956184e+02
2.213173711744605043e+02
2.206376181245266537e+02
2.197939486759819090e+02
2.186688177869214655e+02
2.173777896506617822e+02
2.158212964370240172e+02
2.140604585818136059e+02
2.120383787375434395e+02
2.097916436120228809e+02
2.073798934654876405e+02
2.047673194540985264e+02
2.019486210976014604e+02
1.989644307240460250e+02
1.958484690231893808e+02
1.925858511798025177e+02
1.891942250902058902e+02
1.857247904070815139e+02
1.821709878790904611e+02
1.785917497474768538e+02
1.749594958620140801e+02
1.713106013425045546e+02
1.676309687671148367e+02
1.640128295752547842e+02
1.604046038980731623e+02
1.568280890055027612e+02
1.533278779984444498e+02
1.499203628108495536e+02
1.465815198770006020e+02
1.433361783819696598e+02
1.402178064603112091e+02
1.371993813446136983e+02
1.343136794379631169e+02
1.315890197663321146e+02
1.289657975430608587e+02
1.265139339730113051e+02
1.241964697504859174e+02
1.220849153672381107e+02
1.201187143490957965e+02
1.183048864659509576e+02
1.166428538357261289e+02
1.151503007152196432e+02
1.138128066504852711e+02
1.126104995848228185e+02
1.115705022324838467e+02
1.106393035222334049e+02
1.098611175248784662e+02
1.091979968716155156e+02
1.086166529394482581e+02
1.081369506074791786e+02
1.077588810157213572e+02
1.074702840881339654e+02
1.072411924257094569e+02
1.070538704217575514e+02
1.069582576451467730e+02
1.068735863285378684e+02
1.068383737447872619e+02
1.068488410893333338e+02
1.068466076555125284e+02
1.068756816111696395e+02
1.069114358320709499e+02
1.069572618939133548e+02
1.069775552009650426e+02
1.070206622112274317e+02
1.070573008474245142e+02
1.070578947463517636e+02
1.070703261859880513e+02
1.070692709904212023e+02
1.070293817008622170e+02
1.069973590712137366e+02
1.068969435600048712e+02
1.068275209636163936e+02
1.067228053455329189e+02
1.066046255144965897e+02
1.064756796642307677e+02
1.063204729330549156e+02
1.061533176783249814e+02
1.059792177067091075e+02
1.057696760475110409e+02
1.055493117760266131e+02
1.053047685831281939e+02
1.050537688697587555e+02
1.047736111629141647e+02
1.045099395741356290e+02
1.042190132127117579e+02
1.039390545701886737e+02
1.036277260487186567e+02
1.033177724056211844e+02
1.029739905704250731e+02
1.026427123486274127e+02
1.022980908882296376e+02
1.019658290674376104e+02
1.016188594132651843e+02
1.012753012304014106e+02
1.009107632427875103e+02
1.005537424313121306e+02
1.002028044626697749e+02
9.986029533181483941e+01
9.950970804791329272e+01
9.918224623247994032e+01
9.885506455650644853e+01
9.854306936092831393e+01
9.822355130599848394e+01
9.792588420451295406e+01
9.764122268971975416e+01
9.736016142807311269e+01
9.707111476478199563e+01
9.679850610318281667e+01
9.655097255636371756e+01
9.633021865245954984e+01
9.612515105924831005e+01
9.593834183603034660e+01
9.577531971152512824e+01
9.562128463403247736e+01
9.549798647731716983e+01
9.539431884520803351e+01
9.531444152756472477e+01
9.527003448272711239e+01
9.522792836585729503e+01
9.525344425933084835e+01
9.530099301847593551e+01
9.537712707207460028e+01
9.549148230323427811e+01
9.564220879486789784e+01
9.584346976056727385e+01
9.611042766969372053e+01
9.643427354510093608e+01
9.681809681905150455e+01
9.729558279669815590e+01
9.782228451356692744e+01
9.844699219122398404e+01
9.919756510971029684e+01
1.000373427398231314e+02
1.010001486185486073e+02
1.021140275156663932e+02
1.033729025595890079e+02
1.048349898855811659e+02
1.065179371019819712e+02
1.084462963700229636e+02
1.107544856972642009e+02
1.135309294106734512e+02
1.169876782442559318e+02
1.212367036661442370e+02
1.265242665964380961e+02
1.330530769268387417e+02
1.407296991294660700e+02
1.490465282279268138e+02
1.569004620129741170e+02
1.625690121415830731e+02
1.636988594921259335e+02
1.584224211227632964e+02
1.458368596868623399e+02
1.266132931740306162e+02
1.028923177160854010e+02
7.798866500932111023e+01
5.482720389094849622e+01
3.570470500768692546e+01
2.143861426348265908e+01
1.188445069545568167e+01
6.077927266357137093e+00
2.857757833835886885e+00
1.245778989426924444e+00
4.982761043154902425e-01
1.861492242266167274e-01
6.694540894444500623e-02
2.286158214344963940e-02
8.343996366216979710e-03
4.635329513301813045e-03
3.083994572837238640e-03
2.980605619411361932e-03
2.582964007022746627e-03
2.346811661206068926e-03
2.363500990725451913e-03
2.310432525796793542e-03
2.268009772370212576e-03
2.198436122132701748e-03
2.002679875555611784e-03
2.133894942941036346e-03
2.128944703812688920e-03
2.014443351437572496e-03
2.038020100257911978e-03
2.067740916856943435e-03
1.908265587513092131e-03
1.797041595849336541e-03
1.622689136270342308e-03
1.651534746688614443e-03
1.657748592217768218e-03
1.473175324934765254e-03
1.421163781861894048e-03
1.406191973360238108e-03
1.435996298929797296e-03
1.579371375455266473e-03
1.448502052233907036e-03
1.449816614514451082e-03
