1.578962455352331062e+02
1.595393246903889519e+02
1.596146811002464574e+02
1.595211122319516335e+02
1.592747277848635861e+02
1.587800355549908318e+02
1.580778995408198000e+02
1.571309724809834734e+02
1.559303130305262357e+02
1.544367601131962147e+02
1.526548759426772790e+02
1.505903319317181399e+02
1.482136386298031141e+02
1.455604871848675828e+02
1.426560120518616941e+02
1.394612149337837081e+02
1.360643789253986711e+02
1.324770268368689869e+02
1.286753616422841731e+02
1.247279309894010026e+02
1.206914258429508919e+02
1.165338654746560110e+02
1.123178587790591507e+02
1.081156591440279300e+02
1.039099792132425790e+02
9.976886600519840442e+01
9.568956639381616469e+01
9.171471333175173868e+01
8.781071956792665389e+01
8.403787793508188031e+01
8.043692343068930484e+01
7.701823066693032160e+01
7.374220971669355151e+01
7.067440245595450676e+01
6.778272427018964663e+01
6.509255656643330212e+01
6.262699492542176927e+01
6.035677305791372049e+01
5.826203396367944265e+01
5.637159580540739512e+01
5.461816931050270796e+01
5.309548127807728690e+01
5.172367247222508979e+01
5.052762672421522439e+01
4.948504333529207599e+01
4.855608411169507121e+01
4.776042146111527842e+01
4.709840089623402548e+01
4.650619136257510888e+01
4.599939889057228726e+01
4.560379901688752824e+01
4.527022499503154052e+01
4.499260982079431415e+01
4.476325804905759043e+01
4.457432363337526482e+01
4.439731566049158573e+01
4.427087946784578776e+01
4.414931451260216022e+01
4.403084628273629164e+01
4.389801387633714569e+01
4.379249600258966524e+01
4.366773202766975004e+01
4.355541664320561779e+01
4.342774691515498375e+01
4.327571935661964631e+01
4.311552547663450241e+01
4.292362795294158673e+01
4.269824828911158932e+01
4.247979726870026695e+01
4.223793240471018606e+01
4.198148335288796318e+01
4.169714017626311886e+01
4.138440708443522453e+01
4.106957836863067257e+01
4.072347934709654993e+01
4.036723399452037597e+01
4.000403726597627241e+01
3.960960995985401922e+01
3.920098631166749215e+01
3.881745728022522712e+01
3.838658320200111973e+01
3.794722658147414762e+01
3.751619675382971764e+01
3.704934743377897632e+01
3.656972052736414724e+01
3.609017660468816757e+01
3.559860928439431405e+01
3.513209713664319622e+01
3.463269225176837551e+01
3.416655332057012373e+01
3.368713768157694233e+01
3.320704334394799417e+01
3.272673194524314511e+01
3.225932350961698347e+01
3.177916360315349209e+01
3.130771367789970583e+01
3.081906710896227253e+01
3.035207909097274026e+01
2.988837176768316084e+01
2.942228780728247273e+01
2.898008716354767600e+01
2.852229102990693477e+01
2.808521784096956253e+01
2.765996917378571140e+01
2.722208584720889846e+01
2.679395574952165404e+01
2.636699937159816542e+01
2.597211535026629647e+01
2.558239561402135465e+01
2.518604316893551243e+01
2.480404225819640729e+01
2.442828192768825346e+01
2.406398939920796209e+01
2.370504638304312905e+01
2.335078402443064505e+01
2.301983271373642737e+01
2.270037549609939376e+01
2.238439910279380030e+01
2.208305865567591297e+01
2.177915489342477429e+01
2.147879501721925166e+01
2.119778637753592676e+01
2.090818736743595707e+01
2.064754396345880139e+01
2.039412623229954136e+01
2.016671463329758751e+01
1.994366303417417896e+01
1.972392590385344135e+01
1.951395950942403701e+01
1.932035502708620456e+01
1.912982797912425426e+01
1.894818169644309336e+01
1.878051725837091723e+01
1.861735286129017553e+01
1.848303712883757299e+01
1.837217214972608659e+01
1.827528804561330134e+01
1.819803543037010485e+01
1.814473378099501133e+01
1.808784768730401993e+01
1.806167223304510117e+01
1.807537830020818603e+01
1.811533193248841656e+01
1.819445223381949717e+01
1.829214897544847673e+01
1.847404605108830822e+01
1.872943641721374419e+01
1.905230216412908462e+01
1.948321736024485773e+01
2.007851973589923489e+01
2.087368962251477811e+01
2.183320028169287497e+01
2.289410371664497745e+01
2.386300394601292041e+01
2.451147076073620212e+01
2.448681340283817676e+01
2.354993832608063897e+01
2.158927129912707699e+01
1.864692440215084446e+01
1.513467528815898611e+01
1.140735166871713346e+01
7.994966821331116691e+00
5.181897739828047023e+00
3.110786127806123957e+00
1.723511582764331251e+00
8.856005637976017697e-01
4.165565609323620411e-01
1.792986184626407797e-01
7.182325310698010890e-02
2.524565821952899983e-02
8.475783837921526190e-03
2.504044006522935812e-03
1.188710408683325837e-03
5.360505068824502305e-04
1.601559364506829897e-04
1.585332421249498723e-04
1.643429803363522098e-04
2.342348176383187526e-04
1.404258524477579014e-04
1.534381320231353613e-04
1.628655948132469900e-04
1.002600981336125157e-04
1.542152162098722442e-04
1.242258278478159577e-04
2.705147343431632827e-04
8.825840223431685261e-05
1.757181491649138739e-04
1.431219024145656408e-04
1.212739209760597541e-04
1.092138030101538000e-04
9.027260674708746072e-05
1.022090068525876536e-04
1.279017750931945229e-04
1.342000260979365383e-04
5.309416467312008035e-05
9.323599575111637906e-05
5.979357546849434446e-05
1.087253211996489638e-04
9.071660409719288607e-05
1.025290369073977859e-04
