2.181958956366299560e+02
2.209903119443857236e+02
2.213535467041472771e+02
2.215467571568631513e+02
2.215949276238183927e+02
2.214597259493207559e+02
2.211628287417022420e+02
2.206932357137061160e+02
2.199835228806175849e+02
2.191155308043959735e+02
2.179603880268433613e+02
2.166461796520810879e+02
2.150691208139857054e+02
2.132847168567199958e+02
2.112450692834824224e+02
2.089817329252140610e+02
2.065519875086355910e+02
2.039253644043485849e+02
2.010876390860586582e+02
1.980842037080346927e+02
1.949550734044330227e+02
1.916689840343594824e+02
1.882605524106358246e+02
1.847681192419479999e+02
1.811895886576916439e+02
1.775755701550926915e+02
1.739093014074285009e+02
1.702293334355481136e+02
1.664987291405529959e+02
1.628169825558906041e+02
1.591415674608467725e+02
1.554706702028568088e+02
1.518610001253939004e+02
1.483176299537310570e+02
1.448177773564686106e+02
1.413665773646077923e+02
1.380164713418377858e+02
1.347238799241231675e+02
1.315060231882164885e+02
1.283903167310019455e+02
1.253188471107993536e+02
1.223445768260517639e+02
1.194429017310620793e+02
1.166649417478551243e+02
1.139525161396018547e+02
1.113122260198858271e+02
1.087612418659625320e+02
1.062927386199010726e+02
1.039009049993229610e+02
1.015829079306493412e+02
9.934636785564077854e+01
9.717302500970509982e+01
9.509125436068710258e+01
9.307226051341613982e+01
9.111878006514467643e+01
8.921033012075790225e+01
8.738420607969318610e+01
8.562187507254505192e+01
8.391821598938983584e+01
8.226059455476347182e+01
8.068010754711171728e+01
7.913880937706593954e+01
7.766086238905727157e+01
7.624881904355963513e+01
7.486389830337684259e+01
7.354637048112404329e+01
7.226834211042236689e+01
7.105242588631338663e+01
6.987997864306690587e+01
6.874276974512376626e+01
6.766070412379568211e+01
6.660415730053718164e+01
6.562103823808769221e+01
6.468388332066005830e+01
6.379952667170940117e+01
6.295168303890896766e+01
6.212818831415341236e+01
6.137170030863620696e+01
6.066419194606842780e+01
5.999973954198278392e+01
5.939868995852719991e+01
5.881795636625965784e+01
5.829195422297843265e+01
5.781784932808884037e+01
5.737139240101100057e+01
5.697184037923156552e+01
5.660918529401876498e+01
5.629053630098977123e+01
5.598540868168878859e+01
5.574835898716769123e+01
5.552946951153252542e+01
5.535402174406518583e+01
5.521425372462493897e+01
5.510526969771411387e+01
5.501951698675510727e+01
5.497996677713100411e+01
5.495450070962749578e+01
5.496043277847712005e+01
5.498815712749600948e+01
5.504757042461737626e+01
5.511825363852152293e+01
5.522546616704867262e+01
5.535061170136734887e+01
5.548362971779719288e+01
5.564816388389749591e+01
5.583896741960308674e+01
5.604229343107784445e+01
5.626083571778973180e+01
5.649415373082024416e+01
5.674892539350303622e+01
5.700858875008420767e+01
5.730175362385031690e+01
5.760373862778389764e+01
5.791256336341132993e+01
5.821496831330338750e+01
5.855971688034875200e+01
5.893117398493058090e+01
5.930026806577894405e+01
5.969093593171382395e+01
6.006540808950864374e+01
6.048509119398595857e+01
6.091809217449974057e+01
6.135985142582096330e+01
6.181864991673677423e+01
6.230011467165268613e+01
6.279971185148495749e+01
6.333861647882706336e+01
6.388663791277294024e+01
6.447318765876678981e+01
6.506300692648547113e+01
6.568858155074613592e+01
6.635053377882094594e+01
6.707389419345696524e+01
6.782723922785446291e+01
6.863763183172150661e+01
6.950857037763026369e+01
7.044950453220052111e+01
7.145358760923404873e+01
7.258082638366430217e+01
7.377136663770659197e+01
7.506622635760456319e+01
7.647530796064488356e+01
7.803188523894614548e+01
7.975607369681949876e+01
8.173548907420402543e+01
8.402108183891806448e+01
8.664307445998954904e+01
8.978098374936861603e+01
9.360619228631036037e+01
9.829197946366143412e+01
1.039895641155071928e+02
1.105744498898799577e+02
1.177056944242437169e+02
1.244555038826939324e+02
1.294194094095443859e+02
1.307545525203516092e+02
1.268314880090802319e+02
1.169498812870047431e+02
1.016822930466387618e+02
8.280802151453177373e+01
6.282441591894461652e+01
4.420852375312965421e+01
2.881228775559881683e+01
1.732677354702355643e+01
9.616938799585001973e+00
4.932798713905731880e+00
2.316074859037990930e+00
1.008046544020414936e+00
4.005711599018810798e-01
1.512136669842363834e-01
5.370327871833165123e-02
1.946351403888683593e-02
7.832878582785621560e-03
4.203534403228158418e-03
3.051710256331756615e-03
2.558050454018601007e-03
2.642078006343481691e-03
2.568087491930267068e-03
2.633237145533968201e-03
2.597642149507898082e-03
2.091184987457009228e-03
2.366728413706887992e-03
1.984601798156941915e-03
2.042962397699393112e-03
1.913722243377222534e-03
2.001345641458692013e-03
1.987634321494770318e-03
1.980181400779095803e-03
1.780626737928397421e-03
1.648130049830732026e-03
1.801373813413829992e-03
1.609986587091724293e-03
1.812096045088080641e-03
1.750728932512822826e-03
1.365198117602410425e-03
1.460074049187509325e-03
1.377148797206638508e-03
1.477555097843226330e-03
1.222786634896665635e-03
1.484637016422987992e-03
