2.182651702448983428e+02
2.211396169610320328e+02
2.215602443518975235e+02
2.217929508733322734e+02
2.218564493647938320e+02
2.217402083143250877e+02
2.214595370794828284e+02
2.210031733702903409e+02
2.203085977787128229e+02
2.194576165351072063e+02
2.183164578435504097e+02
2.170162406346967430e+02
2.154521274009447609e+02
2.136759038924836034e+02
2.116512325415179134e+02
2.093915955206662431e+02
2.069815892312001040e+02
2.043599801162463621e+02
2.015347951367761254e+02
1.985382150906435186e+02
1.954155859718043189e+02
1.921396260510457239e+02
1.887348784157009050e+02
1.852465289139964852e+02
1.816786241219637645e+02
1.780681336728422934e+02
1.744142941296134097e+02
1.707362516716620746e+02
1.670171398576957529e+02
1.633437048100884397e+02
1.596737304849758345e+02
1.560130809082669998e+02
1.524151771183614699e+02
1.488863201174974051e+02
1.454018350704902502e+02
1.419645255334756655e+02
1.386333352539327848e+02
1.353546135020817189e+02
1.321634026578151691e+02
1.290712588995103545e+02
1.260250409083518122e+02
1.230922623352367680e+02
1.202283330585224803e+02
1.175006506584763741e+02
1.148458171787056017e+02
1.122853232790970566e+02
1.098183571402966123e+02
1.074561099037055385e+02
1.051856347026814831e+02
1.030031265864231216e+02
1.009488355569794322e+02
9.896146305019885858e+01
9.710846218959534326e+01
9.535318730042209268e+01
9.370280963566487742e+01
9.212466772793987957e+01
9.066510850918508879e+01
8.932351312578109059e+01
8.806837432289853496e+01
8.690536888551471861e+01
8.586460986939103179e+01
8.489715234344272687e+01
8.402761862326198639e+01
8.326142936949281648e+01
8.255180064195246814e+01
8.194994612729742300e+01
8.140535888440319923e+01
8.095556547480647680e+01
8.056406059349653503e+01
8.022247710205793680e+01
7.994059743964321285e+01
7.970741084075771710e+01
7.954736778609944281e+01
7.944525131233085347e+01
7.936729957597299290e+01
7.933000339074921214e+01
7.929721023930417800e+01
7.930761075749691713e+01
7.936745878761085748e+01
7.944542999080410084e+01
7.954647623407225865e+01
7.962111787452317913e+01
7.974524585399719001e+01
7.988324026375936171e+01
8.002028127381089462e+01
8.016540768789916171e+01
8.030025621784417922e+01
8.045152058168325482e+01
8.057194518166072328e+01
8.072372090199914396e+01
8.085982309429047632e+01
8.099604552264182189e+01
8.113747148238842044e+01
8.127052905039126074e+01
8.139636708077526350e+01
8.151662768415710048e+01
8.161890469695445915e+01
8.174083419089348013e+01
8.185991811065618151e+01
8.194608110628385589e+01
8.203622141250511390e+01
8.211756752918596192e+01
8.220750494717336210e+01
8.226655352118835651e+01
8.234329499445189526e+01
8.242217173767603811e+01
8.250141911421424368e+01
8.257295098974405789e+01
8.264403083486176627e+01
8.272481104905642724e+01
8.280066663322695319e+01
8.288668077225290176e+01
8.296835419594417260e+01
8.303743629409744642e+01
8.312013795962420204e+01
8.324245609647381627e+01
8.334710017389502923e+01
8.346251050788072234e+01
8.359484907156793554e+01
8.371751278391404583e+01
8.385674052288186431e+01
8.403365578964142912e+01
8.423341259398314662e+01
8.444707916554496308e+01
8.464341431070184285e+01
8.488517876795265238e+01
8.515248408380453782e+01
8.544437795706690508e+01
8.576890276907946031e+01
8.614658381290477962e+01
8.654967630658069311e+01
8.698765363407463269e+01
8.748742450343141286e+01
8.803982701242155429e+01
8.865459464335818041e+01
8.934542961848225673e+01
9.011520388130605852e+01
9.098505757476085876e+01
9.195064657243567297e+01
9.305406328787003645e+01
9.424505911431383254e+01
9.557218215560719443e+01
9.709014390496776059e+01
9.881273598046317375e+01
1.008125190948700407e+02
1.031573407952180474e+02
1.059418544293330626e+02
1.093147801582464638e+02
1.134835524206258839e+02
1.186203432061359706e+02
1.249429623026276488e+02
1.323515470366822910e+02
1.403993049518893770e+02
1.480138542625692253e+02
1.534977376487401841e+02
1.547101299321785461e+02
1.498554333006170793e+02
1.379674401683166423e+02
1.198524612150086881e+02
9.747280821827462205e+01
7.385708368357573761e+01
5.192572499111523854e+01
3.381242943855609440e+01
2.030896796072102006e+01
1.128319473174306609e+01
5.769501996495197460e+00
2.712130436048773241e+00
1.179654943300069148e+00
4.731378370306366654e-01
1.767097755601217401e-01
6.262330693831348605e-02
2.191510083865589112e-02
7.945435180692459951e-03
4.349545042538713671e-03
2.972301326974159663e-03
2.655132531070554872e-03
2.728003171832926906e-03
2.541284032262074947e-03
2.306850121710457297e-03
2.745928006945518723e-03
2.057546284706176110e-03
2.320111912948720229e-03
2.032059852800005215e-03
2.175723788454122370e-03
2.130418942130696616e-03
1.892743115339813554e-03
1.948580610883469564e-03
1.810157571115721077e-03
1.835482580718292289e-03
1.495614958511958968e-03
1.673811290058969340e-03
1.509297645126089207e-03
1.772204762421888957e-03
1.383426126458265617e-03
1.565438340458016756e-03
1.651069293608262937e-03
1.645180363420999884e-03
1.485429996458122095e-03
1.302059652803912214e-03
1.513734620428512905e-03
