2.182245678262477213e+02
2.210545887258062692e+02
2.214444235727203250e+02
2.216575023453701192e+02
2.217170255142814028e+02
2.215886365369447901e+02
2.212999553924763063e+02
2.208367401530677796e+02
2.201331079311578947e+02
2.192700314726321267e+02
2.181226131941641881e+02
2.168154289730015591e+02
2.152452455269340703e+02
2.134656170886120776e+02
2.114340527557828011e+02
2.091737683474653977e+02
2.067518954001273244e+02
2.041239678450465647e+02
2.012913305499749583e+02
1.983018230458509095e+02
1.951707110138744099e+02
1.918936625946249421e+02
1.884818010093377438e+02
1.849931701066910534e+02
1.814214903788082722e+02
1.778093466867565269e+02
1.741453755270802333e+02
1.704662181168096708e+02
1.667376221814558903e+02
1.630605792221989248e+02
1.593885341826131139e+02
1.557203567605309047e+02
1.521162413780608915e+02
1.485772083540504127e+02
1.450830016260072739e+02
1.416386141830653287e+02
1.382931672390494384e+02
1.350013013892777280e+02
1.317842453703602814e+02
1.286811485257918832e+02
1.256144640063207163e+02
1.226451507182457021e+02
1.197525606647983096e+02
1.169825224483150379e+02
1.142755135890278950e+02
1.116469889451521169e+02
1.091092447298192667e+02
1.066531485386274483e+02
1.042820804449919478e+02
1.019792246177842401e+02
9.976679101829356000e+01
9.761481510472900425e+01
9.556335460606928223e+01
9.358261048507698376e+01
9.167393664527000396e+01
8.981500130141122895e+01
8.805046984241241148e+01
8.635481172126438310e+01
8.473583815702183131e+01
8.316935133142341385e+01
8.170258807567135761e+01
8.029056438990838274e+01
7.895544869177770408e+01
7.770072291606919634e+01
7.649342381267611302e+01
7.537768083134096742e+01
7.432356274375526084e+01
7.333716179391397816e+01
7.241786900993859888e+01
7.156225552991934080e+01
7.077334670123710225e+01
7.003594238003293526e+01
6.937524612217389119e+01
6.879038689078545588e+01
6.825612057222134865e+01
6.778008474091659252e+01
6.733407550371417472e+01
6.695501198095138307e+01
6.664108109978107564e+01
6.636204830912325292e+01
6.614809813215426004e+01
6.595729189661113878e+01
6.581811097070377059e+01
6.574045456113204011e+01
6.567339519860354358e+01
6.563899396672478304e+01
6.563759916154612029e+01
6.567756269209739628e+01
6.570542073129598748e+01
6.580037739621926107e+01
6.588055704034330518e+01
6.601086448061103340e+01
6.613518265676772501e+01
6.628806241304079094e+01
6.644054081851429316e+01
6.662078772620726852e+01
6.679872645132195430e+01
6.700562479322782394e+01
6.720823508523591272e+01
6.741769077620602957e+01
6.763238552698888384e+01
6.785284014058109392e+01
6.808305168127685647e+01
6.830230582212234935e+01
6.853544142306768094e+01
6.879218004650093121e+01
6.903180364904254418e+01
6.927951330046657574e+01
6.952937163673456666e+01
6.977532224811585593e+01
7.003213591278340289e+01
7.029985028050118956e+01
7.055931145733340770e+01
7.083667028007477029e+01
7.110283655733393005e+01
7.139960372949326484e+01
7.168797014802484568e+01
7.199132583982530775e+01
7.231186779599315173e+01
7.264104205337720543e+01
7.297040040384281667e+01
7.330766228088012326e+01
7.367648565474472377e+01
7.407118843156347054e+01
7.444355522276252657e+01
7.484663988344802021e+01
7.529333753340651469e+01
7.574142340988659328e+01
7.623765302291610624e+01
7.674674045951024937e+01
7.730605267978397421e+01
7.786583482415738899e+01
7.849624780290361059e+01
7.917933558525373883e+01
7.991867249275659901e+01
8.072325450862105356e+01
8.160026398471070763e+01
8.256956242812528046e+01
8.360991434228051844e+01
8.474351636090345607e+01
8.602082095843719856e+01
8.742068066801914483e+01
8.897380131196830177e+01
9.071480059410629337e+01
9.271993462321350421e+01
9.504356577468753642e+01
9.778993323233676449e+01
1.011104406070837882e+02
1.051854751934852885e+02
1.101372135018875156e+02
1.162248151523624671e+02
1.233369240725032085e+02
1.310263809902626804e+02
1.383017229057781492e+02
1.435935462494011858e+02
1.448309078348925709e+02
1.403908253537907171e+02
1.293492469405808833e+02
1.123532498843321576e+02
9.140821306140797731e+01
6.930907777751430388e+01
4.878255091660284393e+01
3.178330208137991875e+01
1.908660516859738365e+01
1.059581423440151582e+01
5.425233703570704336e+00
2.548905816234551036e+00
1.109186934243261646e+00
4.435967266311480750e-01
1.657801558485241245e-01
5.886881055158982995e-02
1.983900280497976135e-02
7.848979164958773055e-03
4.106618016336678785e-03
2.747769933481358784e-03
2.933274873486897000e-03
2.840362725227817391e-03
2.603880748418468515e-03
2.429761838530600324e-03
2.345552870928423444e-03
2.253698403474294933e-03
2.576602832480255189e-03
1.988281327648012183e-03
2.040732072553610218e-03
2.190852446343246728e-03
1.897002779743938751e-03
1.888157713582900785e-03
1.793565547219220461e-03
2.055950407101738570e-03
1.665842379639804680e-03
1.764610474020934490e-03
1.606755323097833069e-03
1.587163003314285420e-03
1.490314132630551902e-03
1.647382418072100563e-03
1.385486250363083573e-03
1.581221600799735108e-03
1.539165392077468907e-03
1.309762948345875692e-03
1.390956397944180479e-03
