1.577666467924354379e+02
1.592955611455062126e+02
1.593099986304516165e+02
1.591829314907830621e+02
1.589092915122319596e+02
1.583911946968356972e+02
1.576686172838595894e+02
1.567059575455438960e+02
1.554863225109914708e+02
1.539787456357740894e+02
1.521793167722894395e+02
1.500993552408594383e+02
1.477106684892053750e+02
1.450453117771898519e+02
1.421215352829449330e+02
1.389107509045942095e+02
1.354989497941177206e+02
1.318945011227070836e+02
1.280685272978898865e+02
1.240941776833344363e+02
1.200231290901066217e+02
1.158284273245471923e+02
1.115609873355682140e+02
1.072972808826477120e+02
1.030234766208536143e+02
9.879270810160151939e+01
9.460317061155689089e+01
9.049744571684985317e+01
8.642885094712862326e+01
8.246134659540661005e+01
7.862954721771751565e+01
7.493097016012769984e+01
7.133591074035354040e+01
6.790374238870471402e+01
6.459302456546821247e+01
6.142225554781381902e+01
5.841686531006921967e+01
5.554414449827769573e+01
5.279422420755346934e+01
5.019620625030923833e+01
4.769139649677749304e+01
4.535280527095973468e+01
4.312523583736037835e+01
4.103721961349543079e+01
3.904875837298337871e+01
3.715939443922535190e+01
3.537331047628120473e+01
3.370357368913513341e+01
3.210570654950142000e+01
3.058815582003161637e+01
2.916463485784697696e+01
2.782957016856825305e+01
2.655517830851588101e+01
2.534483777710071806e+01
2.421621046818634326e+01
2.313195596258931985e+01
2.212007527811429952e+01
2.116460323991729453e+01
2.025005454414915462e+01
1.938700031095302379e+01
1.858140924701769592e+01
1.779981885643590189e+01
1.706901382735870598e+01
1.637186165555026918e+01
1.570533365769814615e+01
1.509104710699385699e+01
1.450055039791590872e+01
1.392976493176603192e+01
1.339979484924091047e+01
1.288839379312614497e+01
1.240319612551401285e+01
1.194478037938420556e+01
1.150398066602105729e+01
1.108884422692871219e+01
1.069038615139814041e+01
1.031558275579542716e+01
9.960404506495656562e+00
9.626176491867632024e+00
9.298352684774727095e+00
8.992466613587263069e+00
8.694875759385467973e+00
8.406927849399330910e+00
8.141977775538382645e+00
7.886258456544762652e+00
7.639396480243401122e+00
7.398074268154839039e+00
7.171403987457678042e+00
6.965264432254318905e+00
6.751762547435646411e+00
6.559689573933105144e+00
6.376034646024992369e+00
6.204693809898647494e+00
6.032744276383406934e+00
5.873330786559058048e+00
5.719160865834662211e+00
5.576173331717048320e+00
5.432049492869635898e+00
5.302460355566937622e+00
5.174228993294592627e+00
5.054580115746325042e+00
4.942801663047349692e+00
4.837097781381292094e+00
4.740827471418015193e+00
4.649241266279002360e+00
4.557395191956150171e+00
4.474331351465177242e+00
4.393570711950208540e+00
4.326033649975013162e+00
4.259110932556925633e+00
4.199155079768388532e+00
4.139743506625462643e+00
4.084754516988242656e+00
4.030687639439646475e+00
3.983294118022766117e+00
3.937593110773983884e+00
3.907019330579916794e+00
3.879301062634719077e+00
3.857287446117778629e+00
3.835868623298463564e+00
3.813248340732469543e+00
3.798125826410897687e+00
3.789672373380097881e+00
3.783439292239361595e+00
3.775850463674740087e+00
3.772391602122095566e+00
3.776404005307187006e+00
3.784840548559764706e+00
3.800105858212595500e+00
3.816218137851036474e+00
3.843404630228178576e+00
3.863029379442903366e+00
3.886761086540193144e+00
3.922098534168779072e+00
3.949054540277251668e+00
3.982769005893108893e+00
4.033835361627603255e+00
4.081494810182549671e+00
4.142954761434036293e+00
4.204200017983869664e+00
4.263653068913198396e+00
4.354533883755923540e+00
4.449838437773804500e+00
4.537608659063051775e+00
4.654835220348711111e+00
4.785610564570459857e+00
4.927285154815763235e+00
5.087713143607187405e+00
5.277535561601528258e+00
5.503538573497078090e+00
5.799167167602313988e+00
6.156684455849851467e+00
6.585552147201572559e+00
7.021102764617858760e+00
7.432476001248384812e+00
7.751299018066169388e+00
7.840347762064387105e+00
7.615867224263234370e+00
7.051602359912875428e+00
6.134809282220278881e+00
5.025948178023099899e+00
3.825088838231749833e+00
2.687495842449910466e+00
1.739089387376831608e+00
1.062334064670519940e+00
5.925553791101544343e-01
2.963373234612911578e-01
1.409050625631856901e-01
6.199938181010443417e-02
2.389234409666493933e-02
8.729916664698307571e-03
3.031412862752288270e-03
1.280073022272571436e-03
5.863415279046885935e-04
2.870583447275826630e-04
2.363781042422040402e-04
3.218287389340498766e-04
2.007149090346364677e-04
1.578335548981914065e-04
1.259510871852541748e-04
1.902262089554867207e-04
2.013687252527221363e-04
1.108122301825723390e-04
1.531075060180472165e-04
1.046784629398038040e-04
1.384375083976273715e-04
9.062838524230719850e-05
1.345655272674351269e-04
1.191655089930026141e-04
1.814915525771966336e-04
7.121640476956712451e-05
1.212925417499250753e-04
1.081932433943203902e-04
1.016397333088016146e-04
9.909681191744767678e-05
8.705851102726159629e-05
8.685669595899966878e-05
7.108182296104252607e-05
5.694243449142858548e-05
6.953142919113728315e-05
6.626858885017128387e-05
