2.181497318925202933e+02
2.209021942348561822e+02
2.212078045348924036e+02
2.213548759890570352e+02
2.213654635590714292e+02
2.212054904479738013e+02
2.208877366779404383e+02
2.204022547305942794e+02
2.196787919293256266e+02
2.187978939524677457e+02
2.176356782324385222e+02
2.163097382403522033e+02
2.147223076973496347e+02
2.129249773900143339e+02
2.108757952747792217e+02
2.085999543392001954e+02
2.061614639018077355e+02
2.035189924499858591e+02
2.006743587083576870e+02
1.976604545235161083e+02
1.945186627841917186e+02
1.912252407016352436e+02
1.878035206869915612e+02
1.843006479160676747e+02
1.807136250641680135e+02
1.770876533915821653e+02
1.734137004044178809e+02
1.697216715923604795e+02
1.659831449331700526e+02
1.622933203290558879e+02
1.586071813437925755e+02
1.549300073285937458e+02
1.513147053257169716e+02
1.477647332200822916e+02
1.442583946484695616e+02
1.408012052896508806e+02
1.374418342652757303e+02
1.341386901294367533e+02
1.309142602020913841e+02
1.277919771102903752e+02
1.247128741124097075e+02
1.217298249663543430e+02
1.188202887274999568e+02
1.160341413209389003e+02
1.133143430896658259e+02
1.106692614767166418e+02
1.081053745944680884e+02
1.056272525367181174e+02
1.032286779036258793e+02
1.008984830485571536e+02
9.865618676528200126e+01
9.646627475978510802e+01
9.437380921011684620e+01
9.234355271228477591e+01
9.038106206429725376e+01
8.845435718543079417e+01
8.661475712909567903e+01
8.483837226954319988e+01
8.311434888709462143e+01
8.143281277891604475e+01
7.983031256891894145e+01
7.826487827733494385e+01
7.675612460581753282e+01
7.531440017006491416e+01
7.388714213402681708e+01
7.253097887118981646e+01
7.120287454975866126e+01
6.992895511531861530e+01
6.868937071875197375e+01
6.748229278130587261e+01
6.631999765973580452e+01
6.517026892681400341e+01
6.408290408094750035e+01
6.303139513154734175e+01
6.200906569938042168e+01
6.102290800413963012e+01
6.004213137713966120e+01
5.910544760402525810e+01
5.820888025107296926e+01
5.733440615936896023e+01
5.650111285795292559e+01
5.566898051938077430e+01
5.488362314775910988e+01
5.412429169280127894e+01
5.337824657649407101e+01
5.265447429139861413e+01
5.195247707586386809e+01
5.127578754308509446e+01
5.059933397497768226e+01
4.997938770584062951e+01
4.935053059312991763e+01
4.875666109114686009e+01
4.817563886304268550e+01
4.762579853997258539e+01
4.707267108487835117e+01
4.655396066249716824e+01
4.603880559538158224e+01
4.555459545576374580e+01
4.507888388176635175e+01
4.462027649292628695e+01
4.417548868199624934e+01
4.374945567669174551e+01
4.333960762383298260e+01
4.293824901016536444e+01
4.256154122801097373e+01
4.221405894072123033e+01
4.186883137068560501e+01
4.154492770194602969e+01
4.123738683880698375e+01
4.094626807716377925e+01
4.066994233498250111e+01
4.041821393313775701e+01
4.016727599803007109e+01
3.993580885881547715e+01
3.972767412800016018e+01
3.955029271409130587e+01
3.938851540569371679e+01
3.925601619466539205e+01
3.913734043390710582e+01
3.903386406407448561e+01
3.895589178251491802e+01
3.890635532097994798e+01
3.886868108020991031e+01
3.885887366961694767e+01
3.885672436043741840e+01
3.889077286811906475e+01
3.895892014103362300e+01
3.904010699123584516e+01
3.916932489203350798e+01
3.931541901765282887e+01
3.949877708289051270e+01
3.970398108382111957e+01
3.997017152981489119e+01
4.027489306480644871e+01
4.062506612333584854e+01
4.101654315466749523e+01
4.146024984905490385e+01
4.197457498390057395e+01
4.255094276557834121e+01
4.320083607206900211e+01
4.391533016706662096e+01
4.471740452120086218e+01
4.562124161365138519e+01
4.664510496997753819e+01
4.782354514779228793e+01
4.920663304584603992e+01
5.080774304282882525e+01
5.276429938605500070e+01
5.516094532971307984e+01
5.806592655923524404e+01
6.159371263292612042e+01
6.571510540690927371e+01
7.011032458653662047e+01
7.425113960574906002e+01
7.730293235254198692e+01
7.820020194596456520e+01
7.593415315107607455e+01
7.001436497136276671e+01
6.088388861582585321e+01
4.954251450511643640e+01
3.761281412379096878e+01
2.648159822977439859e+01
1.724989859887205057e+01
1.035907638021622468e+01
5.760064158862073569e+00
2.951791183688217579e+00
1.392696384299938916e+00
6.058250274788531398e-01
2.425948514017656210e-01
9.247136229628777349e-02
3.375098540240561301e-02
1.297907121945888510e-02
5.901120704020951062e-03
3.698588752722871929e-03
2.718595666064225775e-03
3.006295420389133201e-03
2.731971889552758416e-03
2.575088985733823676e-03
2.610865980281584179e-03
2.273555370673270744e-03
2.215843386512425257e-03
2.489992063855366207e-03
2.036025573864264169e-03
2.039639168213785991e-03
2.157820648402766339e-03
2.032281333944841329e-03
2.023260505113318609e-03
1.953808302232328594e-03
1.853125388209979742e-03
1.593610098894533049e-03
1.594201820923756225e-03
1.540327760796211809e-03
1.601843719646273059e-03
1.321277823177630269e-03
1.436634044557757008e-03
1.430150266916606697e-03
1.388493972805482628e-03
1.384436347210131263e-03
1.302318132713447011e-03
1.392739342524767056e-03
