2.182515122981206446e+02
2.211092385389383992e+02
2.215204147591685455e+02
2.217472575460118094e+02
2.218106521433511773e+02
2.216891970579298174e+02
2.214037513201877232e+02
2.209435912509526361e+02
2.202485750656580024e+02
2.193945399725741652e+02
2.182492249529910282e+02
2.169458376622796152e+02
2.153819900200995221e+02
2.136055564665917643e+02
2.115748144378962081e+02
2.093189833984180837e+02
2.069004462006609799e+02
2.042789337044636682e+02
2.014518667026987941e+02
1.984584462829291169e+02
1.953320073367520422e+02
1.920528809340064242e+02
1.886511689046307367e+02
1.851587631658101998e+02
1.815876964361769126e+02
1.779801540547580885e+02
1.743204045798239576e+02
1.706427722682356034e+02
1.669207146379646645e+02
1.632439104458451595e+02
1.595749055793712046e+02
1.559101071660901994e+02
1.523096749141377302e+02
1.487768913882258062e+02
1.452882695099348211e+02
1.418458532776630818e+02
1.385099048970301112e+02
1.352229847165170042e+02
1.320199483719770797e+02
1.289238576785851649e+02
1.258599922968639646e+02
1.229125396726070392e+02
1.200285745114136091e+02
1.172802672495194400e+02
1.145992090522252624e+02
1.119954671003874012e+02
1.094898902173801787e+02
1.070793107884549613e+02
1.047525291810349017e+02
1.025050501162635612e+02
1.003687385374329750e+02
9.829230566976255545e+01
9.633745842434790063e+01
9.446816737318985702e+01
9.268823290185555663e+01
9.097624500694746530e+01
8.937248912025852121e+01
8.786647927199047103e+01
8.644979242951900744e+01
8.510862723787543871e+01
8.387966082976952009e+01
8.272512329387664920e+01
8.166457561928763198e+01
8.070166604080390016e+01
7.979962211196915689e+01
7.900002887927888651e+01
7.826344620623645199e+01
7.762560313738354978e+01
7.704463163515235635e+01
7.653628237654034194e+01
7.608229999571673829e+01
7.568185891329154913e+01
7.535358821550150310e+01
7.508999288682737472e+01
7.487597112813659805e+01
7.472505388167948581e+01
7.459197375256144369e+01
7.450088731868453351e+01
7.446368285326896341e+01
7.445350860336614573e+01
7.447638104435937123e+01
7.451325047176649718e+01
7.459127229698650297e+01
7.469711333496765349e+01
7.480706583977972457e+01
7.491425978933465046e+01
7.505452886246612820e+01
7.519212375553789229e+01
7.532885272862621662e+01
7.550968191736086510e+01
7.566053975619568916e+01
7.583335620381200215e+01
7.600165512934609069e+01
7.617242683643397072e+01
7.632783022711365106e+01
7.649685281705589546e+01
7.665818440836105196e+01
7.684200631288372563e+01
7.701340825884457786e+01
7.716695575489539749e+01
7.731621628952898106e+01
7.746971714924067953e+01
7.760907516864546096e+01
7.776740155580650082e+01
7.791583362635492449e+01
7.806878966522775443e+01
7.822459222659790612e+01
7.836053514060355951e+01
7.849154615100525234e+01
7.863677307830499785e+01
7.877179553875821227e+01
7.893298704253945175e+01
7.908144520300814406e+01
7.922624809800200296e+01
7.937824236781011678e+01
7.956359032150848520e+01
7.974865109839367960e+01
7.993806833264839895e+01
8.015007402126236968e+01
8.036160128537250102e+01
8.058008593900878225e+01
8.082134417453262643e+01
8.105746115283159270e+01
8.132308216239286480e+01
8.159937586174883961e+01
8.188907614840631766e+01
8.221957363517294937e+01
8.256372276266976939e+01
8.293929171742195194e+01
8.334622917014169730e+01
8.378422357888109673e+01
8.428545910903757488e+01
8.482252116567222799e+01
8.541238539693560483e+01
8.607894536042546463e+01
8.681018384939291366e+01
8.762682046221547694e+01
8.850949004435041445e+01
8.951846647211957020e+01
9.062001261112118300e+01
9.183406875466360475e+01
9.321546295583964081e+01
9.474196964668958287e+01
9.646374747326365195e+01
9.845860278374783547e+01
1.008043240510757244e+02
1.035721876250667606e+02
1.069438913933726951e+02
1.111031843612828851e+02
1.162225027595466997e+02
1.224679346147300691e+02
1.297811827445954691e+02
1.377169029474460444e+02
1.452124740560128942e+02
1.506140298147647627e+02
1.518407793536290171e+02
1.470373064867332857e+02
1.354703469602025621e+02
1.176692276135355257e+02
9.573906500470650371e+01
7.259824688996610575e+01
5.107213248190338106e+01
3.324499069039521260e+01
1.996331777927985485e+01
1.106097175574206659e+01
5.665976076940196116e+00
2.677493151191158827e+00
1.163788707078599050e+00
4.649503893396383924e-01
1.735696060092768167e-01
6.125691719136724944e-02
2.185293122184955514e-02
8.315873386719876276e-03
4.377787114935375624e-03
3.393508334474996686e-03
2.861478470029187211e-03
2.651182743312400104e-03
2.575609043061163114e-03
2.480852437212497513e-03
2.453263539704169174e-03
2.257230658820768600e-03
2.245911207621008234e-03
2.054300825330898899e-03
2.087952994606461551e-03
2.006520740226681952e-03
2.141260257275149834e-03
1.980455561875287505e-03
1.781740150871950973e-03
1.718785016841289882e-03
1.516812631786242874e-03
1.666242642319875960e-03
1.661310364697004627e-03
1.659433115014465271e-03
1.374692553822050344e-03
1.870986370570111319e-03
1.514029628910816506e-03
1.424976612470743500e-03
1.252670018579522468e-03
1.279312397343399183e-03
1.343487997262676715e-03
