2.182345524842558291e+02
2.210758675088174812e+02
2.214732976433991212e+02
2.216931700391673701e+02
2.217530626528308915e+02
2.216287759404189899e+02
2.213418786823432072e+02
2.208781235506745304e+02
2.201802136638694662e+02
2.193188442435899503e+02
2.181747585856360843e+02
2.168691516391693597e+02
2.152969602426570646e+02
2.135223734768798636e+02
2.114890502307501094e+02
2.092312441441354451e+02
2.068103128305596670e+02
2.041873087928007351e+02
2.013562340653781746e+02
1.983622814028671257e+02
1.952356788261645590e+02
1.919563304479341923e+02
1.885477745879992142e+02
1.850598584185053426e+02
1.814869244953102054e+02
1.778774792018563744e+02
1.742147936472838126e+02
1.705356073945774540e+02
1.668071711965280599e+02
1.631354492468871058e+02
1.594612088813177024e+02
1.557966054442723873e+02
1.521937923578348943e+02
1.486550511687287610e+02
1.451632567606995963e+02
1.417187413127665820e+02
1.383765827249932272e+02
1.350875374203998263e+02
1.318739183294435975e+02
1.287728670632711783e+02
1.257051590271306480e+02
1.227450795366046776e+02
1.198529025583787728e+02
1.170892991115947552e+02
1.143877924927305827e+02
1.117672316934975925e+02
1.092359883617103691e+02
1.067911005610660879e+02
1.044357967196209813e+02
1.021436487316097157e+02
9.994894857095766838e+01
9.781933773493078377e+01
9.579638391496395400e+01
9.384575027750686615e+01
9.197084154335105666e+01
9.015097682219440856e+01
8.843596305210922992e+01
8.679952576565925426e+01
8.523496836834242174e+01
8.374184943281890980e+01
8.234851533865375472e+01
8.102022564410661687e+01
7.978112280112540589e+01
7.862335622621404241e+01
7.752390441584297776e+01
7.651609104930312810e+01
7.557105056585051273e+01
7.471035180925747454e+01
7.392732253557178979e+01
7.319959433111716862e+01
7.254353305972411192e+01
7.192972574474320879e+01
7.140244643926656920e+01
7.094144415552401028e+01
7.054369473086548226e+01
7.020093527032429392e+01
6.988502346995004189e+01
6.962897220445064761e+01
6.943674253643803240e+01
6.927679645497133265e+01
6.917531816013750756e+01
6.908664943647576706e+01
6.906229241573984723e+01
6.907480710557133818e+01
6.909495724139394213e+01
6.913096314699728850e+01
6.920541833783836694e+01
6.929746918142951984e+01
6.938350968922065931e+01
6.952410185636293249e+01
6.965843355347620047e+01
6.981691576106122454e+01
6.998565879871064510e+01
7.018380463063080299e+01
7.035704054256984818e+01
7.055028909743431598e+01
7.073890057236134510e+01
7.094748687484793948e+01
7.113572862651803064e+01
7.132925948733577570e+01
7.153661820456838427e+01
7.173681027570168567e+01
7.193612240259112411e+01
7.213729897112261824e+01
7.234826716946025726e+01
7.256849161274773508e+01
7.279054368757437032e+01
7.301725260201295953e+01
7.323699128529186453e+01
7.344548451130160061e+01
7.366549333321530924e+01
7.389720082991938455e+01
7.412178869390578484e+01
7.433558276133814502e+01
7.456809916524153437e+01
7.482888323114022455e+01
7.508638749883006369e+01
7.534154580330157103e+01
7.560975457979533587e+01
7.588319591541031173e+01
7.616123024798419294e+01
7.648641523626564265e+01
7.678850626188189210e+01
7.712629671293350953e+01
7.746653696458342608e+01
7.783855889468478040e+01
7.825191389578441203e+01
7.865741018833415410e+01
7.911064057804240690e+01
7.959910086981861355e+01
8.010232580643119604e+01
8.062447785008448875e+01
8.123447786358460121e+01
8.188827509378177183e+01
8.257640564688409768e+01
8.334637940998361216e+01
8.417656788017610836e+01
8.512142082775464758e+01
8.615595678461316709e+01
8.728985590080662860e+01
8.853069610697073699e+01
8.991655466526388807e+01
9.146214706789801596e+01
9.321518671971689685e+01
9.521933547255628127e+01
9.756606226572247920e+01
1.003267036889679815e+02
1.036444874469867301e+02
1.077299815794623612e+02
1.127929221471977002e+02
1.189692010031298253e+02
1.262048479908979033e+02
1.339796351380948352e+02
1.413455774991394378e+02
1.466619535291121963e+02
1.478844205424246070e+02
1.432886687470920890e+02
1.319832740190356049e+02
1.146910021109912208e+02
9.334783350550911507e+01
7.075798802401104126e+01
4.975417031624717623e+01
3.240692869120240971e+01
1.946779488985307438e+01
1.081496898129721806e+01
5.534997052611235979e+00
2.599562046960881112e+00
1.139411698973074483e+00
4.542328911405562608e-01
1.666577527422831162e-01
5.928158035825172728e-02
2.110121040232685805e-02
7.858995501807944720e-03
4.315113031732166135e-03
3.277690704751882057e-03
2.937579404193309523e-03
3.067801698824766925e-03
2.636614059534816111e-03
2.444983919100425507e-03
2.498850581036191325e-03
2.324411012972686912e-03
2.289209031661937777e-03
2.092001559751813060e-03
2.028275432596890557e-03
1.939540150768782455e-03
1.763635879422859780e-03
1.756676920652783594e-03
1.849560871339243906e-03
1.911263707145315679e-03
1.571387626191180983e-03
1.796187602377665631e-03
1.750967034201021981e-03
1.745918942826251482e-03
1.292883939289646809e-03
1.489211557743871320e-03
1.434690778232342685e-03
1.365362234854205483e-03
1.448861493357652330e-03
1.148644008239205205e-03
1.474923855902570986e-03
