2.184242185074236602e+02
2.214396984297146105e+02
2.219293469866799455e+02
2.221917408795869164e+02
2.222871321114824070e+02
2.221978797196414632e+02
2.219458006520231379e+02
2.215099820424614165e+02
2.208386792383604700e+02
2.200008571749302178e+02
2.188783576101878339e+02
2.175925205008855414e+02
2.160428574033346649e+02
2.142883787036878971e+02
2.122723652671144237e+02
2.100325411880929209e+02
2.076363414765533264e+02
2.050319129233907347e+02
2.022261177971128063e+02
1.992605752230722373e+02
1.961723549273187359e+02
1.929416363446526361e+02
1.895906571454145535e+02
1.861730077150519662e+02
1.826783314694144451e+02
1.791671806418134452e+02
1.756334281954282517e+02
1.720965142264582539e+02
1.685659050209027328e+02
1.651198065084734310e+02
1.617300362197876495e+02
1.584033108007195096e+02
1.551972955574820787e+02
1.521230597513293219e+02
1.491774135590452204e+02
1.463713959525837822e+02
1.437426639254067027e+02
1.412713615226103343e+02
1.389813532022685649e+02
1.368931458007953097e+02
1.349449558965597475e+02
1.332012626398451403e+02
1.316252893282733112e+02
1.302575362274178303e+02
1.290427955928499273e+02
1.279796474480806978e+02
1.270717635058274482e+02
1.263148978146105605e+02
1.256674824635566239e+02
1.251434276573008191e+02
1.247383364119106943e+02
1.244014359921670518e+02
1.241629682942123623e+02
1.239803112123830005e+02
1.238435995509411782e+02
1.237335071564019557e+02
1.236792463258374823e+02
1.236491582873542541e+02
1.236419942326753016e+02
1.236053154717484830e+02
1.236328866390592935e+02
1.235887369440842178e+02
1.235412304314749008e+02
1.235273699792946758e+02
1.234526099864611410e+02
1.233776983066942705e+02
1.232724719028082063e+02
1.231552396447582396e+02
1.229707687636336715e+02
1.227552827318104676e+02
1.225531085786769694e+02
1.222762230361030902e+02
1.219913700586414791e+02
1.217004845297278592e+02
1.213782674923321849e+02
1.210156492082762867e+02
1.206172161552098316e+02
1.201989354992805374e+02
1.197733032476780153e+02
1.193626516465720044e+02
1.189022084772751526e+02
1.184190205697529166e+02
1.179285969466815089e+02
1.174186542497548942e+02
1.168952534154505258e+02
1.163586994813285997e+02
1.158317688332191153e+02
1.152732725191633989e+02
1.146790903911959418e+02
1.141161855248472676e+02
1.135127103851080221e+02
1.129405786484285983e+02
1.123523891571177558e+02
1.118002937586914243e+02
1.112144540978142118e+02
1.106334671179418763e+02
1.100427076120364518e+02
1.094680879311184896e+02
1.088931513178646497e+02
1.083067110251372611e+02
1.077344257027578323e+02
1.071716103830487867e+02
1.066096950103790988e+02
1.060585320510735556e+02
1.055307085562628515e+02
1.050202205911998163e+02
1.045025009080464571e+02
1.040169912824629534e+02
1.035415373022822507e+02
1.030736035243884885e+02
1.026241114113344821e+02
1.022023914594478953e+02
1.017840787217361935e+02
1.013746888526200536e+02
1.009798409955951684e+02
1.006403916705293824e+02
1.003130275612492426e+02
1.000129077951340832e+02
9.972363357420998398e+01
9.946484413492787269e+01
9.923082988626003953e+01
9.903081931522237369e+01
9.885012060247463239e+01
9.870070815416686116e+01
9.856675590118886987e+01
9.848982613868196268e+01
9.845616714329327124e+01
9.846884722652201560e+01
9.852510460460831609e+01
9.859525411281236984e+01
9.872575126349971697e+01
9.892041451651851958e+01
9.918707742099751101e+01
9.952181973812642468e+01
9.990856148755869981e+01
1.004064366499650447e+02
1.010156011109351795e+02
1.016970072780006689e+02
1.025151928853851899e+02
1.034309941664394898e+02
1.044914029285118318e+02
1.057143510234077866e+02
1.071265148961850713e+02
1.087912704951755671e+02
1.107300442802835931e+02
1.130262359202358624e+02
1.158170843727804424e+02
1.192437954166192640e+02
1.235251508374717133e+02
1.288527451519769897e+02
1.354563226131093643e+02
1.431977234099659029e+02
1.516208799428777070e+02
1.595687542692143097e+02
1.652494510206443010e+02
1.663357986513047990e+02
1.609055932744164750e+02
1.480682354249964874e+02
1.285255841557228109e+02
1.044655057437542069e+02
7.917404004603007195e+01
5.564627331000503574e+01
3.622125546457953504e+01
2.177503619282573055e+01
1.207829512209434775e+01
6.175325152881227631e+00
2.911865024438911043e+00
1.262507034786060300e+00
5.024491513464403036e-01
1.850448890239220767e-01
6.453583913977307962e-02
2.293919040477313681e-02
8.922688225239392909e-03
4.634245448492899447e-03
3.314799367627158967e-03
3.006069194282357665e-03
2.693869156832728005e-03
2.430350251152075657e-03
2.644548441034086025e-03
2.433074903171358796e-03
2.362328019055191363e-03
2.266960773514355154e-03
2.239844815684668630e-03
1.993470531580482982e-03
2.077912758961087455e-03
2.048129188792111813e-03
2.111827596468393489e-03
1.969531145373876191e-03
1.761695636277130781e-03
1.727389681570208656e-03
1.875991239243054868e-03
1.696157047601334119e-03
1.719802142540088983e-03
1.386470965832548594e-03
1.533462746801206138e-03
1.510392885680507825e-03
1.480757079454139095e-03
1.453106621522135640e-03
1.454859761637491977e-03
1.345786790952561334e-03
