2.184022563696010195e+02
2.214030515887834270e+02
2.218871812317836145e+02
2.221463077111175437e+02
2.222384524740740517e+02
2.221458828653620969e+02
2.218912045434028641e+02
2.214537966585221795e+02
2.207777921123037004e+02
2.199431813465335779e+02
2.188172128044020610e+02
2.175297241067731022e+02
2.159769134583320920e+02
2.142214814626493080e+02
2.122013607567418489e+02
2.099607499767809600e+02
2.075567824235441776e+02
2.049495221644316985e+02
2.021381039257831560e+02
1.991641199984890989e+02
1.960653747715030306e+02
1.928169911433742243e+02
1.894484090729515628e+02
1.860107063450279838e+02
1.824927370163153739e+02
1.789463727030239966e+02
1.753749115095090474e+02
1.717875143019880966e+02
1.681984178225151823e+02
1.646804513672369410e+02
1.612057613697631666e+02
1.577809695650320236e+02
1.544682127919665788e+02
1.512640675703300417e+02
1.481762520398758056e+02
1.452114231436562477e+02
1.424106827774726582e+02
1.397574816422614958e+02
1.372695066601696396e+02
1.349733427611197669e+02
1.328127143451971790e+02
1.308510169637997649e+02
1.290542174381592986e+02
1.274689425090208204e+02
1.260355111812582294e+02
1.247707603958154579e+02
1.236603969336203335e+02
1.227041491970725673e+02
1.218860995951185515e+02
1.211886009165032050e+02
1.206266564886420127e+02
1.201540543339047673e+02
1.198029568920151036e+02
1.195191716252095659e+02
1.193053012912096875e+02
1.191324052847816830e+02
1.190171708335993372e+02
1.189481741797565491e+02
1.189170402868682430e+02
1.188843937618568987e+02
1.189144295777261249e+02
1.189069892568961251e+02
1.188910389618888246e+02
1.189061183504647516e+02
1.188778565615862988e+02
1.188553724379479917e+02
1.188174365537617518e+02
1.187860342142216581e+02
1.186935704913177574e+02
1.185593101859437155e+02
1.184317435269318537e+02
1.182385771393889655e+02
1.180458659970796162e+02
1.178564016634201863e+02
1.176252801868555764e+02
1.173629176757805794e+02
1.170551528340005518e+02
1.167388428429537441e+02
1.164042735156999413e+02
1.160772884486795249e+02
1.157077299731194557e+02
1.153168448594764612e+02
1.149238303741229856e+02
1.145013905116751118e+02
1.140753604748816485e+02
1.136206203991009147e+02
1.131846568916683395e+02
1.127121212557451031e+02
1.122056937814694493e+02
1.117394119876767462e+02
1.112097811732723045e+02
1.107004881091732074e+02
1.101799880959730871e+02
1.096931937345460142e+02
1.091652620157712903e+02
1.086553263990925160e+02
1.081369466482794053e+02
1.076255516083994763e+02
1.071063963520115152e+02
1.065717736277518810e+02
1.060820857981417902e+02
1.055696085655290517e+02
1.050579021526827290e+02
1.045597596443470536e+02
1.040781863298884815e+02
1.036070628765965722e+02
1.031392745857632036e+02
1.026868377101221768e+02
1.022561068006503007e+02
1.018298770339540624e+02
1.014148705118317793e+02
1.010236557968715232e+02
1.006467283650256945e+02
1.002817668024213305e+02
9.992162324777018512e+01
9.960708922958586697e+01
9.930208442450253870e+01
9.903350353107855142e+01
9.877627533282640115e+01
9.853753378636584159e+01
9.831919940866684726e+01
9.814476194069683856e+01
9.799613182659949473e+01
9.787258726479554127e+01
9.775173717729212797e+01
9.769418523794495002e+01
9.768869390220159232e+01
9.770847300869633045e+01
9.779097359608130091e+01
9.789591915562110103e+01
9.805292350733050455e+01
9.826691172542395236e+01
9.853579911302423966e+01
9.886173442361264563e+01
9.928479266185691188e+01
9.980001651343833657e+01
1.004166806193775869e+02
1.011047789560815033e+02
1.019504555136024493e+02
1.028852875287308706e+02
1.039608963049353179e+02
1.051784665320071213e+02
1.065951107200441470e+02
1.082550856527113154e+02
1.101966396627397984e+02
1.124988759220502743e+02
1.152819958456291118e+02
1.187172204171832419e+02
1.229926209683260367e+02
1.283103920016752681e+02
1.348687228807555698e+02
1.426053923528860992e+02
1.509979517262299282e+02
1.589589774689174817e+02
1.645988322169008882e+02
1.657142685335833221e+02
1.603005796154581617e+02
1.475017087759578089e+02
1.280332250811475774e+02
1.040732627852098062e+02
7.886882467403586361e+01
5.545000457956462014e+01
3.610839842724320192e+01
2.169323685964551984e+01
1.204044434005250253e+01
6.144305795035944762e+00
2.897908936948508263e+00
1.254991722948373134e+00
4.992009571167082549e-01
1.857748201298507484e-01
6.496704112073595216e-02
2.298124224866835569e-02
8.685507979128035891e-03
4.654440141583469047e-03
3.354595190888223343e-03
2.913557289792966746e-03
2.605457077197578450e-03
2.540105886574288777e-03
2.597809102850139398e-03
2.378187759592000766e-03
2.432838529378049310e-03
2.367916746344038946e-03
2.086116335590993201e-03
1.950809509697796085e-03
2.111848816724362990e-03
1.942508747974727636e-03
2.007018160075304744e-03
2.097023261055395559e-03
1.832643507349865798e-03
1.683536615694870104e-03
1.911763316902520202e-03
1.787396047371193680e-03
1.645686460110873384e-03
1.343455990751453877e-03
1.505365026643431213e-03
1.447609863615574328e-03
1.421103273044908898e-03
1.518611490111547923e-03
1.456572743233817318e-03
1.324403623096230900e-03
