3.458417403532587997e+01
3.542970311331546895e+01
3.618190146960969145e+01
3.698477438015277841e+01
3.786117700970083888e+01
3.870448954290991850e+01
3.957815713657071655e+01
4.051895987479669969e+01
4.153262995224412890e+01
4.264528090222213308e+01
4.386759028489956336e+01
4.523169433175071674e+01
4.677667666536725477e+01
4.854692483969532191e+01
5.063471008499001158e+01
5.317166603556298554e+01
5.630254648883315127e+01
6.033451820262146725e+01
6.586171478549361780e+01
7.418668000957083564e+01
8.973396939269481720e+01
1.276742504069558919e+02
9.558670917275063061e+01
7.802070017334612473e+00
2.805753917257736846e-02
6.082602782760797040e-04
6.448159308485599877e-04
5.507599212569636764e-04
5.182871194138898886e-04
4.736409359192148482e-04
4.443157747688462780e-04
4.298526321622611677e-04
3.941916764534658950e-04
3.954291481710764671e-04
3.199524917769020534e-04
3.328567631596244429e-04
3.071869157988473291e-04
2.817463676613224301e-04
2.753961609759596847e-04
2.791007802508545482e-04
2.450567296690392264e-04
2.494166331949174771e-04
2.192113760796453976e-04
2.248269128555519642e-04
2.009922881388259393e-04
2.089457444378964854e-04
1.786766098765698002e-04
1.836595722207764298e-04
1.526787741650121569e-04
1.375057578835690321e-04
1.277672911786301559e-04
1.333464204313299485e-04
1.364891249094498087e-04
1.277225721669770001e-04
1.150702128905084932e-04
1.152932903037355003e-04
1.212131945020871045e-04
9.359512483200490912e-05
1.133627891154088030e-04
1.048237822424692137e-04
1.008579497295864787e-04
8.589897229211927688e-05
8.899619139022276165e-05
8.222629489155901565e-05
8.319359282176231620e-05
7.445648785721272356e-05
6.866406604185573237e-05
7.436147657910142049e-05
6.977880115409387991e-05
7.601832881771947495e-05
6.416196230628086873e-05
5.677676253945174775e-05
5.530047799570256479e-05
5.156553821066897631e-05
5.794487893265803198e-05
7.077340418281609000e-05
5.858275537259535445e-05
4.454955165220696390e-05
5.401064427978852949e-05
4.718117001126404686e-05
4.813849102655219457e-05
4.412880671919294095e-05
4.637848832623805702e-05
4.295137405501066894e-05
4.438218687567619823e-05
3.927011727543242936e-05
3.843728368390392794e-05
4.013170161608911948e-05
2.837924322134124426e-05
3.388408533148938172e-05
3.350895903883124464e-05
2.943206610635330030e-05
3.445191060441692946e-05
2.833497712421936311e-05
3.533903115987711618e-05
2.906532720159677377e-05
3.051303044703443436e-05
3.102490951458806664e-05
3.050787031226783483e-05
2.847077118445648372e-05
