3.458937243064094957e+01
3.543722004503596423e+01
3.619206401477972435e+01
3.699789379114803722e+01
3.787746465925528838e+01
3.872464444314599774e+01
3.960270006298046042e+01
4.054851677417954647e+01
4.156913074899997440e+01
4.269130494963277300e+01
4.392654233834427657e+01
4.530748503735073029e+01
4.687237061073173550e+01
4.866857010892108804e+01
5.078947831887121822e+01
5.336946057197457804e+01
5.655091739581600763e+01
6.064711158091401444e+01
6.628279745313344051e+01
7.477334451754633449e+01
9.032503834535066289e+01
1.279057012553736854e+02
9.560462833463360255e+01
7.802363675146498423e+00
2.818795861866634986e-02
7.167710425763781316e-04
7.065152815180339354e-04
6.358869919674174989e-04
5.730972700138935736e-04
5.362071774952006367e-04
4.879955697473322860e-04
4.567164547355193364e-04
4.534528968863682551e-04
4.392903542641699239e-04
3.546380064692002316e-04
3.560757981964036349e-04
3.357240616571459954e-04
3.272725063348623639e-04
2.944225685752401879e-04
2.861317374789773701e-04
2.583489612820405001e-04
2.526018171585503827e-04
2.193985286352152081e-04
2.096811120846256524e-04
1.935187845115814837e-04
2.058233831646384974e-04
1.565488755055571910e-04
1.709215843097035259e-04
1.704606910483765804e-04
1.605355229336041952e-04
1.429175121212169076e-04
1.475013483416903683e-04
1.165452248265686744e-04
1.390347665185281587e-04
1.229766259313969199e-04
1.139712186509452197e-04
1.136301480828604487e-04
1.087291204818597408e-04
1.010730059547623445e-04
1.153689985902063038e-04
1.004059209118563601e-04
8.587242183584135717e-05
9.204768407419028689e-05
9.605734468053238524e-05
8.643231693797217945e-05
8.476862157090993472e-05
7.739994143480334642e-05
8.022826218224813916e-05
8.377674549237191419e-05
7.783510533914464989e-05
7.021246254628211720e-05
5.772497467330210143e-05
5.482771813936630117e-05
5.438765867019335179e-05
5.382443966093407523e-05
5.102041431878833263e-05
5.895296908926636766e-05
4.633091920420236327e-05
5.103702245160804987e-05
3.804245633052787535e-05
4.361617239966784188e-05
4.015055595630566420e-05
4.673738387155948855e-05
3.755131106817473173e-05
3.470726531396129642e-05
4.394568890092512942e-05
4.032290367438817253e-05
4.969772488377620910e-05
3.375444197548765066e-05
3.264994629040418182e-05
3.569968360231058684e-05
3.560531636274705014e-05
3.623173882238178603e-05
3.611035499930744820e-05
3.312784274096746778e-05
3.034401868094056267e-05
4.082135973108299643e-05
2.720491883999170493e-05
3.389157391195892936e-05
3.028593061703816519e-05
