1.128818425946424495e-02
1.665191511700176916e-02
2.269621660648574527e-02
2.966935348158602354e-02
3.825732981575155622e-02
4.770709058568535499e-02
5.938585755142250511e-02
7.271195961080609282e-02
8.996074016211672020e-02
1.111171947082355976e-01
1.379256956076672092e-01
1.710998098577979076e-01
2.095637614735353094e-01
2.567326963045021282e-01
3.119435754409253247e-01
3.798625119774282077e-01
4.652498437790834607e-01
5.709424661016088143e-01
7.197009287643338915e-01
9.287209139166816563e-01
1.037176796723747518e+00
5.744878761034675207e-01
7.210077056190182521e-02
1.750185348213809371e-03
6.653656745700133567e-04
6.296047401409875319e-04
5.992339627422061743e-04
5.403665786863395392e-04
4.960047081453579755e-04
4.780267945245762241e-04
4.400712514591020169e-04
4.254229476627484114e-04
3.975791002298895561e-04
3.616554055881971482e-04
3.460271482303643969e-04
3.320258230195318187e-04
3.011020185079147423e-04
2.845723878847448030e-04
2.809314639698188339e-04
2.649244126441198692e-04
2.465320353180233443e-04
2.134481175319830949e-04
2.289532647222417960e-04
2.203091894668539569e-04
2.094558902930780220e-04
1.932554628969712477e-04
1.939780528362382381e-04
1.593675115087733740e-04
1.602106896900077813e-04
1.632333358379837659e-04
1.525056350993473167e-04
1.515015473018132023e-04
1.429194391028128447e-04
1.118250722121054164e-04
1.327565025001998307e-04
1.093542327054645953e-04
1.170618848038363686e-04
1.020973831111978851e-04
1.010601912337569908e-04
1.112794370348190088e-04
8.724693265778444228e-05
9.953108575490482478e-05
1.020692063589642603e-04
8.275033420109082502e-05
7.714018930360223652e-05
7.770456126840654808e-05
7.578644986638703078e-05
7.477752665437937391e-05
6.836503654759796959e-05
5.741243463589965719e-05
6.770646223772961109e-05
6.050086185065459794e-05
5.254190772623502909e-05
5.124697618623416624e-05
4.159218506686995483e-05
5.831874951259647760e-05
4.846753623463859049e-05
5.283930694883668913e-05
4.698121270278386946e-05
5.559791794369484786e-05
4.657361320777460664e-05
4.000182356906253461e-05
4.755607393644225851e-05
3.859270165817214898e-05
4.374080236711687820e-05
3.921881999307984181e-05
3.518779730438961143e-05
3.724155855857668118e-05
3.633779544022901908e-05
3.103126568322295498e-05
4.211948426713583304e-05
3.038335211763406533e-05
3.822508984061906900e-05
3.810132474740899055e-05
3.039019039335551941e-05
2.551872143593037599e-05
2.855343881927297454e-05
2.678548719543242287e-05
2.513073484814906509e-05
2.957187384707317458e-05
