1.766367283821130008e-01
2.019518310074296663e-01
2.361601770579502824e-01
2.786501314007006624e-01
3.261624815989774828e-01
3.772755300499915365e-01
4.302230866046620195e-01
4.896136759818958684e-01
5.547167753675781299e-01
6.289944674611556152e-01
7.157734978789080937e-01
8.157026355383044658e-01
9.315346608311902976e-01
1.065530000549999912e+00
1.220684923785992915e+00
1.408992122561678606e+00
1.640763444562277407e+00
1.944023076460989152e+00
2.344195359317144511e+00
2.888625754843641591e+00
3.674153738439978056e+00
4.225035941118293614e+00
2.262404335880804584e+00
1.611848782318862638e-01
1.301237676445838806e-03
7.213552061790961699e-04
6.643032587587744840e-04
5.955305297188646235e-04
5.590432686501909136e-04
5.559699183789553649e-04
4.786863652788358558e-04
4.586631178420263891e-04
4.485200772365718425e-04
4.036514300890981129e-04
3.942242494584987105e-04
3.720721427231577123e-04
3.492969636799775845e-04
3.110056407330639852e-04
2.805492046473628581e-04
2.795621048114031726e-04
2.570194743857415589e-04
2.282060820450266733e-04
2.331046051260616549e-04
2.208349450491647859e-04
2.188894745743962173e-04
2.017732682800283002e-04
1.890814760673803019e-04
1.886696270891496561e-04
1.776455795870213726e-04
1.513819365465559849e-04
1.568044906927147577e-04
1.480663367840847526e-04
1.298845756233738414e-04
1.273108734181786826e-04
1.262069834862944830e-04
1.211619368759791544e-04
1.148122057221235382e-04
1.217630672376372308e-04
1.106945498639033324e-04
1.033852679785529361e-04
9.724806706473554797e-05
9.641668321386262053e-05
9.461764358517052746e-05
9.342107572801612830e-05
7.630689856838119894e-05
9.461683041363365290e-05
8.006962589311215450e-05
7.304691359599267231e-05
8.417359154063180796e-05
6.354551910632815631e-05
7.245971710241903624e-05
6.368870281804837874e-05
5.097515573580946736e-05
4.940695222469034128e-05
6.674961475467271221e-05
5.419060550478496457e-05
5.216874297576404117e-05
4.914268396360713033e-05
4.938960706058212545e-05
4.469332955101411629e-05
4.972334963521537018e-05
5.300091899450706725e-05
4.973512028443108764e-05
4.169168909898024092e-05
4.878591808925496432e-05
3.530038545768754860e-05
3.418744772942918447e-05
4.021605155278195015e-05
3.871753181370538022e-05
2.779032594885478692e-05
3.111502681827856448e-05
3.623072177094275383e-05
3.314864808536651579e-05
3.853286118718620231e-05
2.784719238808120408e-05
3.537776343821124583e-05
2.791290310247217561e-05
2.338477449426786415e-05
3.383916594015109802e-05
2.561709901542064783e-05
