4.185618793862641951e+01
3.972346264225621582e+01
3.847689419385134357e+01
3.718737992528294001e+01
3.576775071964430452e+01
3.423568827565851080e+01
3.245837607907675704e+01
3.045038418283324333e+01
2.823074822658686145e+01
2.578547195302332540e+01
2.327729545621355811e+01
2.071739604166655724e+01
1.823226218707378266e+01
1.585347226194967796e+01
1.366082588815318921e+01
1.166736265989164245e+01
9.913727975404148296e+00
8.392667851441329319e+00
7.089053362055469876e+00
5.993097279439881575e+00
5.075946165715033764e+00
4.315810313156353217e+00
3.689909713129633229e+00
3.178337588523211910e+00
2.759907379098072600e+00
2.416307260988272088e+00
2.138230207142262529e+00
1.910613883953768077e+00
1.726825316907895536e+00
1.578145173094481768e+00
1.457672889550900353e+00
1.361658038254400793e+00
1.284346912194825219e+00
1.223449407918389742e+00
1.176092259954616859e+00
1.140610599289236360e+00
1.113671743479340392e+00
1.094192422600230419e+00
1.080817747113458127e+00
1.073174442794436745e+00
1.069393964835594790e+00
1.068713542018220997e+00
1.070626983741819638e+00
1.073718833243145543e+00
1.078341469614459758e+00
1.083286072071873329e+00
1.089071911521583669e+00
1.095069226306630616e+00
1.100186835497318549e+00
1.106109138246620827e+00
1.111082000249322688e+00
1.115763668014053689e+00
1.119857588423008643e+00
1.123358396787179858e+00
1.125493997516982869e+00
1.127240057762785685e+00
1.129087727039841393e+00
1.129964688056340982e+00
1.130256747051558985e+00
1.130406476109828917e+00
1.129051435022883743e+00
1.128508640040363442e+00
1.127014996190001339e+00
1.124828103244629895e+00
1.122927931480089514e+00
1.121548855413855739e+00
1.119206438992782049e+00
1.116108720318647052e+00
1.113115094696452756e+00
1.110203330867092664e+00
1.106892295442904350e+00
1.102908083322589716e+00
1.098835098699050938e+00
1.096984935901757829e+00
1.094900372709464165e+00
1.092379548295904002e+00
1.089974615215039355e+00
1.087331545295548985e+00
1.086220847353899677e+00
1.090962998556572083e+00
1.086036028121098340e+00
1.086016365843656573e+00
1.100143584542185859e+00
1.079404061547514226e+00
1.143958996584826915e+00
1.646018398340513222e+00
6.660584481440232629e-01
1.349860289343200126e+00
1.686951322471895720e+00
1.196030005645826844e+00
1.153426464562101517e+00
7.703554254845561555e-01
6.704995211009178169e-01
1.014665122533834118e+00
1.698771844817381194e+00
9.224573973375833624e-01
1.128409180663129563e+00
1.191153996346527855e+00
8.837058612596997431e-01
2.042667164069056351e+00
1.452433486017605357e+00
1.157796386189988702e+00
1.960596598123549805e+00
6.812085725461899388e-01
4.926581746642269000e-01
8.249531668279497243e-01
8.708497351629871375e-01
1.198495153083271259e+00
5.230073687945134830e-01
8.024247741630379238e-01
1.603671258739932437e+00
9.272446858636015365e-01
7.778346832325566673e-01
6.587284450905779298e-01
2.784009714846212180e+00
2.707412875462112956e-01
3.184676827939356136e-01
1.318714547223845956e+00
5.963035580667740421e-01
5.620500804389828575e-01
6.479975049546864430e-01
1.545758503064721845e+00
2.160110785867482286e-01
1.373711062799155558e+00
7.974318793147076034e-01
3.767652832888085390e-01
2.697225586739265601e+00
3.105364103657259900e-01
5.406208964768949299e-01
9.897253750434351627e-01
4.444480968803417031e-01
1.064675664914808140e+00
1.086886229385944036e+00
1.633715237557020306e+00
8.046902006069756030e-01
2.013811625493756807e+00
1.469794340340646321e-01
9.549427131499813370e+00
2.975022122484079490e-01
7.546727907201961072e-01
7.105061526856233378e-01
3.853089810353490297e+00
5.378580843345034390e-01
2.219745199956257409e+00
3.411053682325992376e-01
7.474375284343711678e-01
1.300621658541102788e+00
1.521441845917625546e+00
1.264097662755574003e+00
1.748645511514034800e-01
