1.820052662705211333e+03
9.539744550969464854e+02
7.189966136219464943e+02
5.936549005059177944e+02
5.072061440832401900e+02
4.507591246047733762e+02
4.070612752291053198e+02
3.732848787114429001e+02
3.419913344448097519e+02
3.151087506838921968e+02
2.931543708832312518e+02
2.691609079119241414e+02
2.459290138716727654e+02
2.231742660891289063e+02
2.013951730523696142e+02
1.788931533108719805e+02
1.570414923394851598e+02
1.348748416495882338e+02
1.145313755302891252e+02
9.512801467109269993e+01
7.763706492599366982e+01
6.227178179576171146e+01
4.938850395191081333e+01
3.878862755065748047e+01
3.036357338295475827e+01
2.372531212494704533e+01
1.854719227612561028e+01
1.457977751213857687e+01
1.156959486528097436e+01
9.245846979180578629e+00
7.465677265216479341e+00
6.100395487017258311e+00
5.038327127497858271e+00
4.211728975347151405e+00
3.561993388869524324e+00
3.051299877235114977e+00
2.648314992164079840e+00
2.326410072429215603e+00
2.068374824382937849e+00
1.862052960651689348e+00
1.695533652208522923e+00
1.560436044051938920e+00
1.450465128833839712e+00
1.361881886101814487e+00
1.290624056234276784e+00
1.234406687249581802e+00
1.188907197338348709e+00
1.153739606308437748e+00
1.126620434098317913e+00
1.105927836786464669e+00
1.089937126646082666e+00
1.078289815549612563e+00
1.070909960616563072e+00
1.066917288906422012e+00
1.065101781934494785e+00
1.065799432084769682e+00
1.068886876081158510e+00
1.071700069433604519e+00
1.076929904670086424e+00
1.080446188583992884e+00
1.084844204978292481e+00
1.090095443619177873e+00
1.095352825344712011e+00
1.100523298295914998e+00
1.105184444127502941e+00
1.109795431540094857e+00
1.113387364896914811e+00
1.116948376353492423e+00
1.120168212655845430e+00
1.121181692831208609e+00
1.122126983212827778e+00
1.122401275914478136e+00
1.123674347971988841e+00
1.124474718291439412e+00
1.125403400547367205e+00
1.126021768083940833e+00
1.125388155705502991e+00
1.126658593055284596e+00
1.123974201173975951e+00
1.125185380814630820e+00
1.124361869747084741e+00
1.122765907969082377e+00
1.147707472131350048e+00
1.145985833528942566e+00
1.247022495103032425e+00
1.289325353529956697e+00
5.991658557391883466e-01
1.220794042478586583e+00
1.032239471371023232e+00
9.812765214598595520e-01
8.909458567428359954e-01
9.633035553469607715e-01
1.024956522426149430e+00
8.083278729187469702e-01
1.075899366122079925e+00
1.052502548963599294e+00
1.296174957818987172e+00
1.773612800000596623e+00
6.281764243426380956e-01
6.435060436795639882e-01
4.485245304730265947e-01
7.370958000782736885e-01
5.265530633705494123e-01
1.131440052254000461e+00
1.888424060748196798e+00
1.730798593844332434e+00
4.428830126946268764e-01
3.526782014751709271e-01
9.202380720066759556e-01
1.064096805000778190e+01
1.697357736741926137e+00
5.857117090293997297e-01
1.307434515775654837e+00
1.090560091815263366e+00
1.508278120711861625e+00
1.869173026391099501e+00
2.507734268285715662e-01
3.997544979873635662e-01
2.395321614236368024e+00
9.032093155911929960e-01
2.502954922975791252e+00
3.168301869880342903e+00
1.756770136109802039e+00
9.281982750999717702e-01
4.057413798674451400e+00
5.356718664792626816e-01
8.164376797300754163e-01
5.270336381165191542e-01
3.904692325011629994e-01
1.240700066911978539e+00
2.161795640169294597e+00
1.681813657369350123e-01
2.003966695099652362e-01
1.214581163938435848e+00
3.144853026462695045e+00
2.528487038370123008e-01
1.170050515948315217e+00
1.992080748911365939e-01
3.544412354377303453e-02
2.161742828613112677e-01
6.983279006473728234e-01
1.171645041257395742e-01
7.702419191640440532e-01
1.254124346962201542e-01
1.556424701833553748e+00
6.294568076294926762e+00
3.132374522665012928e-01
8.248746999265392510e-02
1.460027919267996133e+00
3.325208553400520906e+00
