2.936921625477261841e+02
2.971681489573441581e+02
2.983923996226827171e+02
2.992503805099713077e+02
2.998171534030591943e+02
3.000215107865529376e+02
2.998068678711888424e+02
2.991795233718588634e+02
2.980486108025388035e+02
2.964660451052689609e+02
2.943137434208942409e+02
2.916982990230198425e+02
2.885427872663260018e+02
2.849109469756650697e+02
2.807709508849684426e+02
2.762263471556764216e+02
2.712849547613100185e+02
2.660184912777226032e+02
2.604774955751269090e+02
2.547509488394116488e+02
2.488369823816298663e+02
2.427972256596437717e+02
2.367134956573433726e+02
2.306297290796776451e+02
2.245677056829250944e+02
2.185501160311555395e+02
2.126299028278477010e+02
2.068144949136456887e+02
2.011786801165108045e+02
1.957274711479996085e+02
1.904182730655584521e+02
1.853186064597978202e+02
1.804058391304176610e+02
1.757075885027898039e+02
1.712557685064390398e+02
1.669906318195183985e+02
1.629577220040087582e+02
1.591676037620505895e+02
1.556641523644732104e+02
1.524160241884476079e+02
1.494136452517908253e+02
1.467057586243652452e+02
1.442566420317477025e+02
1.421112109230520844e+02
1.402386034496639127e+02
1.386602394705836048e+02
1.374197585481677493e+02
1.364565847448197644e+02
1.357739818255571151e+02
1.353998379687557190e+02
1.353258696849742364e+02
1.355260625037637965e+02
1.360104320067157175e+02
1.367638819484069757e+02
1.377893992657670594e+02
1.391049839491780631e+02
1.407076873748925152e+02
1.425768329965680437e+02
1.447970574524307779e+02
1.472869337925164928e+02
1.500464212528232224e+02
1.530282759820784690e+02
1.563303960056492770e+02
1.600218733153172650e+02
1.641971893829240798e+02
1.688874614714621885e+02
1.742821912640111179e+02
1.805254282126350347e+02
1.879435269429992559e+02
1.968968046962576466e+02
2.079910838247791105e+02
2.223731714414975045e+02
2.422965621871862822e+02
2.710301541455099255e+02
3.088976574820883911e+02
3.426057048210567473e+02
3.408224093757805804e+02
2.801357580646640031e+02
1.790546480488939380e+02
8.589599075428581898e+01
3.031843266413103777e+01
7.788910469583577800e+00
1.461599095033628171e+00
2.010582113740848331e-01
2.369932683057921277e-02
4.764810894990137956e-03
3.335794199856392719e-03
3.079600017580367763e-03
2.791565000968767793e-03
2.676479117730291932e-03
2.518158149273530978e-03
2.294788901427940835e-03
2.145640653460195117e-03
2.340143070818508000e-03
2.337549737377961605e-03
2.056562955142955673e-03
2.002901727817698544e-03
1.967574108768042895e-03
1.932361268828471481e-03
1.639988407575181063e-03
2.002915437371939958e-03
1.672503304227431105e-03
1.504558867370670320e-03
1.541878463053962577e-03
1.605972389634678687e-03
1.271647637235558690e-03
1.335066631632256034e-03
1.297057468556325581e-03
1.252719313744458810e-03
1.224666052863130445e-03
1.227724479558369277e-03
9.872354779945481749e-04
9.889756179333960857e-04
1.054532569541691755e-03
1.200066211402943612e-03
8.553258352838510794e-04
9.864677360731360228e-04
7.551826826577103836e-04
1.055461135568208728e-03
7.311554210118568218e-04
8.520074188762511791e-04
9.411124531215743581e-04
7.528765781685094671e-04
7.895689930158253161e-04
7.764673949285405856e-04
7.448542946686993607e-04
5.797664942596327930e-04
6.079624486293651884e-04
5.948839444640057449e-04
7.094099651303378828e-04
6.685814820710486760e-04
5.868858485997531732e-04
6.408391938474316315e-04
5.050756546068184156e-04
7.379014097731213676e-04
6.346483204690771913e-04
7.310433943903448320e-04
4.646534291974189091e-04
6.521264371006512978e-04
5.482523321294223212e-04
4.241111706647315524e-04
5.042948416156122372e-04
4.170869970577961868e-04
5.613103298688780669e-04
3.746145204631756514e-04
5.271025465319502260e-04
4.655212307139507556e-04
4.955162303388947580e-04
4.290805914890476603e-04
4.543432676384819165e-04
