2.936271274761354562e+02
2.970120133357704617e+02
2.981662993722721353e+02
2.989803521289567243e+02
2.995104652279071615e+02
2.996763705181049886e+02
2.994177149794413708e+02
2.987453747087453166e+02
2.975724067491462392e+02
2.959485102932853806e+02
2.937579801453668438e+02
2.911039011932563767e+02
2.879184231551743096e+02
2.842520774784409241e+02
2.800798707031955814e+02
2.755124810339996202e+02
2.705445958740097012e+02
2.652532315220154260e+02
2.596903510925237697e+02
2.539393104799217724e+02
2.480067247067824781e+02
2.419354583940732937e+02
2.358348462992807129e+02
2.297206712994028521e+02
2.236297821386023656e+02
2.175841000575821909e+02
2.116333247902200867e+02
2.057793237235239872e+02
2.000997651190673707e+02
1.946056737448981551e+02
1.892398373297977798e+02
1.840708030084365419e+02
1.790766780892082863e+02
1.742722351562153733e+02
1.696922033495127664e+02
1.652614018943511383e+02
1.610235868856970001e+02
1.569874074536301691e+02
1.531527948220834503e+02
1.495106644134489216e+02
1.460399616343439675e+02
1.427553173544305025e+02
1.396218166744319831e+02
1.366702630257224484e+02
1.338715844971608533e+02
1.312354201370632438e+02
1.287867085994427612e+02
1.264844216314153442e+02
1.243258661274643515e+02
1.223370717246380224e+02
1.205186230738051165e+02
1.188561364020585245e+02
1.173597576177721606e+02
1.160473557390791512e+02
1.148919514788660337e+02
1.139485173047321211e+02
1.132345909689660033e+02
1.127266886130140762e+02
1.124866234317058229e+02
1.125193387515925991e+02
1.127724247131715032e+02
1.132434114172659321e+02
1.140305614492731650e+02
1.151766395026167800e+02
1.167405691966556276e+02
1.187665657646244597e+02
1.213917157457758691e+02
1.247186339034818303e+02
1.289641003397121892e+02
1.343802163852366505e+02
1.413845507261567320e+02
1.507678623123265425e+02
1.641084497734257468e+02
1.835031080248670605e+02
2.090401116495460201e+02
2.316814846147597393e+02
2.301902163776822761e+02
1.889555213099320952e+02
1.206556268241756698e+02
5.782509389631988483e+01
2.038864321223323728e+01
5.243251344278341719e+00
9.849858576158391221e-01
1.364062004099785841e-01
1.642413463641758178e-02
4.014834590849612403e-03
3.176461039686504732e-03
3.108310710627002968e-03
2.815315603388611736e-03
2.743873377146687550e-03
2.568348823580537781e-03
2.304889516033505493e-03
2.223627834065306126e-03
2.196382650716454006e-03
2.172059985943837045e-03
2.051149864309236102e-03
1.953646084887974543e-03
2.206578073253552801e-03
2.013515664885884640e-03
1.804761243238586169e-03
1.742424177496741493e-03
1.881915422220552638e-03
1.507018555256163040e-03
1.765484161442802376e-03
1.594334307177813119e-03
1.661580906932245191e-03
1.458184900414634302e-03
1.356528155055707714e-03
1.276235276143947899e-03
1.241832176801220371e-03
1.084759733988030755e-03
1.165809970547113236e-03
1.026084999883094097e-03
1.096765358337781085e-03
9.973456921184187425e-04
1.035978774589269144e-03
9.023116097993704376e-04
8.952446446374760043e-04
8.843441425279970156e-04
8.878884708885848324e-04
8.711123753192347337e-04
9.398366531409013810e-04
8.064969968698743790e-04
8.678992700497441693e-04
7.571920815933506303e-04
7.696470868091572328e-04
6.691431197065140970e-04
6.878053322450686886e-04
5.980393166381111009e-04
6.151007558895584546e-04
7.244249720689349909e-04
5.398105909470384250e-04
6.779306528348833568e-04
5.631807714032283346e-04
5.985112207320217748e-04
5.775274435020455151e-04
6.367114689108370083e-04
5.451657443533782128e-04
6.191862026574067833e-04
5.198395823072214520e-04
5.175679172955874969e-04
3.906391027601609743e-04
4.699162076579099833e-04
3.765328468680160406e-04
5.089760164103518782e-04
4.301652441598158858e-04
4.674942810833218132e-04
5.176836619616763478e-04
4.111610818705981941e-04
4.390236982120122693e-04
