2.130302897294362481e+02
2.150856454372406006e+02
2.155323126580980215e+02
2.156526626745859687e+02
2.153633770677778330e+02
2.146205965412987666e+02
2.133643091254764101e+02
2.114842908647325430e+02
2.089429256651136484e+02
2.057560952769385381e+02
2.018284112347496944e+02
1.973353676001230781e+02
1.922162300215827031e+02
1.864886969725290840e+02
1.802344036897023614e+02
1.735768060684204102e+02
1.665943536758422852e+02
1.593541846540239248e+02
1.519839080174764092e+02
1.445847779115041192e+02
1.371243220435248418e+02
1.298009196917215888e+02
1.226428251531389009e+02
1.156548430124918667e+02
1.089383482138315884e+02
1.024774934848149570e+02
9.632565846708085644e+01
9.047012848324246193e+01
8.496082954936557030e+01
7.975895546542272996e+01
7.485501763555738819e+01
7.026480231020185840e+01
6.596407339307997120e+01
6.195462065272860741e+01
5.820562934875488281e+01
5.473598855071597313e+01
5.147161343362596142e+01
4.843355674213833595e+01
4.560298150115542626e+01
4.300075342920091259e+01
4.057304029994540429e+01
3.833519699838426220e+01
3.625821209616131569e+01
3.429302714268366259e+01
3.248448314931657421e+01
3.081711213456259912e+01
2.925826576020982372e+01
2.779835579461521533e+01
2.646353783872392285e+01
2.520808983180258167e+01
2.402666002180841076e+01
2.293317531877093884e+01
2.192775288224220276e+01
2.099413751893573377e+01
2.012864760557810584e+01
1.932179939746856689e+01
1.858321294850773242e+01
1.788325780630111694e+01
1.725501924422052014e+01
1.666654646065499890e+01
1.613384788235028466e+01
1.564511330922444721e+01
1.519709832469622235e+01
1.479434367352061841e+01
1.445631362332238012e+01
1.415946445862452130e+01
1.392583916915787512e+01
1.373591012921598242e+01
1.363086559540695575e+01
1.361437448031372455e+01
1.371103621688154028e+01
1.397319294181134985e+01
1.451234112514389807e+01
1.549317311909463690e+01
1.693034926719135669e+01
1.816642939713266003e+01
1.764408240715662757e+01
1.427437307768397901e+01
9.027450404233402281e+00
4.298324385450945861e+00
1.502965411999159340e+00
3.859511477769249077e-01
7.159027069784922037e-02
1.056089379579935005e-02
1.169892805375383205e-03
9.041368259657091766e-05
1.762733585132360165e-05
4.391637617039300290e-05
1.051133019923532313e-05
3.039232138509700509e-05
3.470367967306486889e-05
8.245305821441561989e-06
3.124207220730726028e-06
5.055685966193212977e-05
4.174346228201663189e-05
3.921461992541076347e-05
2.887977863016051933e-05
1.541811560280671617e-05
1.753851224152293074e-06
3.746449749717667996e-05
1.349981705060324980e-05
1.538328260666490854e-05
7.701900442845675598e-06
1.316604016684171616e-05
8.025148728070993415e-06
1.651032928294703223e-05
1.064844428731880267e-06
5.583188839055866090e-06
1.227138119238209943e-05
5.133993952756278167e-05
2.035603775220175070e-06
1.082337894686702384e-05
6.134572422587956708e-06
8.732637984583865292e-07
2.389295190141638159e-06
3.681109015829520104e-06
1.203175048184827214e-05
1.819116909650296744e-06
6.170016714829924226e-06
2.791045751059250048e-06
1.841041025210346113e-06
1.967586122672868265e-05
2.311203096559842830e-06
5.192367211748205591e-07
2.321824874979623005e-06
2.518015236319115502e-06
1.466531047829751874e-05
4.707804445539902063e-07
7.451067761430094485e-06
7.323318903394870142e-07
8.706805121821364520e-07
1.267019621467271470e-06
4.512244446530644382e-06
6.068950622446007387e-06
4.129743436701953194e-06
9.611133025247100658e-08
5.175614420396515022e-06
7.237888123907193875e-07
6.827168085187116774e-08
4.296688383457573743e-06
4.790455147624722958e-07
3.468217973553085484e-07
7.861927839611679747e-08
2.032046116558679778e-07
1.695417345912472962e-05
3.383489066600810023e-06
9.596376330930926520e-07
1.219616404707974427e-06
8.667774759866611972e-06
0.000000000000000000e+00
