2.936420288070185620e+02
2.970465285364510351e+02
2.982215183993104120e+02
2.990486121151002976e+02
2.995870148305770044e+02
2.997620766960289984e+02
2.995137767989536997e+02
2.988500424791243972e+02
2.976894955901163371e+02
2.960769842698555863e+02
2.938967804490899880e+02
2.912555040071525809e+02
2.880750554747518777e+02
2.844210215828812807e+02
2.802584607837220574e+02
2.757006624188024944e+02
2.707387399672597894e+02
2.654557224301764222e+02
2.599004041242553740e+02
2.541598155608887737e+02
2.482230222809223790e+02
2.421664913943770046e+02
2.360665485674129513e+02
2.299627945195162226e+02
2.238816804930404487e+02
2.178366333752490789e+02
2.118925421948087831e+02
2.060519042176794926e+02
2.003771671028386265e+02
1.948882727506135666e+02
1.895297021069007428e+02
1.843711884021453216e+02
1.793822743013314778e+02
1.745858617777788879e+02
1.700201156665029600e+02
1.656037219791269592e+02
1.613826792716005230e+02
1.573597545979898200e+02
1.535456795288815499e+02
1.499235558689960044e+02
1.464776065504788676e+02
1.432294557849882892e+02
1.401322584655936794e+02
1.372325010747790657e+02
1.345019946019563122e+02
1.319467972222691969e+02
1.295895652235808768e+02
1.273946750285197282e+02
1.253808853546942430e+02
1.235601660021624753e+02
1.219515754843956472e+02
1.205258214845173512e+02
1.193073856311146699e+02
1.183133247658560094e+02
1.175366061645157174e+02
1.170172923192219798e+02
1.167653134085647650e+02
1.167728534335770973e+02
1.170946396854962188e+02
1.177386307518460313e+02
1.186431556107006742e+02
1.198105033741456538e+02
1.213249145228070773e+02
1.232628323939621282e+02
1.256489139382725142e+02
1.285736377556967795e+02
1.321411825067895052e+02
1.364746143383056278e+02
1.418128105585666958e+02
1.484446543581784113e+02
1.568142451029476661e+02
1.678560031947208415e+02
1.832938766539422772e+02
2.055513114643266874e+02
2.348358366245413151e+02
2.609311238900809258e+02
2.598098798061345747e+02
2.136215025374241065e+02
1.365523174847869825e+02
6.557294597629991983e+01
2.313946323750845480e+01
5.938598290478439345e+00
1.112169337728998952e+00
1.531416445520531744e-01
1.851682204402540707e-02
4.688762174258270972e-03
3.338295006792669530e-03
3.201346021957316053e-03
2.869197361056103832e-03
2.988569956951871859e-03
2.431990926564014943e-03
2.417933878833582011e-03
2.195902466537133588e-03
2.348611908059781029e-03
2.106925631042911879e-03
2.014888538434543314e-03
1.836579327799626711e-03
2.159455002566013603e-03
2.068525925928075410e-03
1.707672681136924997e-03
1.874215045860828845e-03
1.602110592177980819e-03
1.529126328357801896e-03
1.599092941260169508e-03
1.524308095215321781e-03
1.358741531624244742e-03
1.292655469024077365e-03
1.410681484057257169e-03
1.314845551005042190e-03
1.336175873980384367e-03
1.274973601497961023e-03
1.086100012606402250e-03
1.111703334378423948e-03
1.263436143379912920e-03
1.055989834678658455e-03
7.578097673507739815e-04
9.314769335738320478e-04
9.762720451407330908e-04
8.616549345256678972e-04
7.745820952457495518e-04
9.134709637037506918e-04
9.389919730809956865e-04
5.971143801918713011e-04
6.792947453453175750e-04
6.532829338003024204e-04
6.635770475892100720e-04
6.296634040521979824e-04
7.486177176000591597e-04
6.764375344035567818e-04
7.878384574184900358e-04
7.012442078316883385e-04
6.306638320869505055e-04
6.934989179812683317e-04
5.909805397014386607e-04
6.835557660391248982e-04
6.661734748197887862e-04
6.251538183550647398e-04
5.814724911637532022e-04
6.119267688364276236e-04
5.404463014919264584e-04
4.243860168379637071e-04
3.411422178686522718e-04
4.444651986586553973e-04
5.247709647394667313e-04
4.706659703086926543e-04
4.366853255431861285e-04
5.031806929776322986e-04
5.642918949634015326e-04
4.917019820647517726e-04
4.381322282518999509e-04
