2.936321943723372669e+02
2.970232005040613785e+02
2.981850814926704629e+02
2.990030945398001450e+02
2.995384587900055635e+02
2.997048831238716389e+02
2.994502415917958160e+02
2.987806928292008024e+02
2.976117810643231678e+02
2.959913843685432653e+02
2.938048310417328253e+02
2.911577064958876804e+02
2.879718629994645198e+02
2.843106716887739935e+02
2.801429780596161550e+02
2.755761736873681116e+02
2.706122918263022257e+02
2.653220310848258237e+02
2.597605644038082460e+02
2.540153960263921249e+02
2.480824739936776382e+02
2.420161961948529097e+02
2.359177280963864689e+02
2.298037097947723737e+02
2.237182653610973659e+02
2.176720771377572703e+02
2.117249476828021386e+02
2.058730658117374048e+02
2.001992922266447010e+02
1.947049966715931646e+02
1.893402232468488080e+02
1.841781501914978492e+02
1.791817279286159135e+02
1.743825382420247934e+02
1.698035778811277225e+02
1.653782246428859537e+02
1.611497719700273024e+02
1.571113840852306680e+02
1.532876897979305397e+02
1.496467466919172011e+02
1.461856701034346031e+02
1.429076321282955746e+02
1.397836458852299302e+02
1.368420179302170538e+02
1.340666358505373807e+02
1.314427148426223937e+02
1.290238596435502814e+02
1.267449497662728248e+02
1.246262733290401741e+02
1.226735375178437835e+02
1.209081422245490955e+02
1.193130786047804293e+02
1.178964934490049359e+02
1.166564138887996052e+02
1.156037810619810671e+02
1.147859705629744838e+02
1.142050649201174650e+02
1.138630409364930642e+02
1.137882049839284235e+02
1.139932085567234878e+02
1.144666862251594495e+02
1.151673985236212587e+02
1.161778462148869551e+02
1.175903169264305461e+02
1.194154831839793474e+02
1.217409845660979215e+02
1.246916666701404068e+02
1.283726218236631951e+02
1.330067560939265547e+02
1.388614067399605005e+02
1.463467449687091460e+02
1.563111008841104876e+02
1.703662208522644903e+02
1.907583198413884134e+02
2.176500216049070957e+02
2.414507537643272599e+02
2.401077486123959943e+02
1.972357391858263327e+02
1.260133792585259442e+02
6.043841483273446613e+01
2.134780896394156358e+01
5.484835374476761061e+00
1.029588528192903807e+00
1.432454353865217356e-01
1.712803025511369301e-02
4.427705839039862423e-03
3.098316577581380123e-03
3.191628188849395496e-03
2.811195617066393915e-03
2.646323776975149054e-03
2.791485500407280083e-03
2.209339904768171676e-03
2.395189043166139758e-03
2.275874841875275868e-03
2.387275894469042137e-03
1.934023059737665544e-03
2.049030665899818221e-03
2.097405337007263778e-03
1.980655891218160037e-03
1.719623896309335548e-03
1.893675156341848584e-03
1.627752904592094261e-03
1.684635537881641436e-03
1.629600304132883953e-03
1.416969573154747966e-03
1.404555670103231407e-03
1.823160896116921221e-03
1.269417869323168904e-03
1.192206919833756380e-03
1.248811268744383146e-03
1.288794592648999544e-03
1.273758048385254839e-03
1.049347408304590612e-03
1.194161383247012475e-03
1.066966252842860936e-03
1.022168569863881292e-03
1.087456020206407827e-03
8.439866017294897146e-04
1.053748063537388209e-03
7.888629928458191056e-04
8.300063963756026909e-04
1.064220104853593743e-03
8.349117913094477933e-04
7.532038637033500834e-04
7.448197791442471389e-04
7.789266400469057640e-04
7.859956428760884626e-04
8.394196346608003619e-04
6.313564266770536242e-04
6.032407078873950820e-04
6.240777166118495131e-04
5.810402781443847016e-04
5.352156588260483135e-04
6.133102839921605659e-04
5.924748165581728097e-04
6.159195048898095763e-04
5.599982284152352132e-04
5.240155545294435937e-04
5.857126019681461798e-04
5.220985930196436189e-04
5.158838656758233093e-04
4.807954348233450348e-04
5.177886628040403137e-04
4.822196884632261923e-04
5.020115074652176492e-04
4.864859507908904520e-04
4.346152217869529103e-04
4.266659088672486683e-04
4.143712815077426476e-04
4.702144941530864456e-04
