2.936787988769542608e+02
2.971347606308734726e+02
2.983478774155389033e+02
2.991994967238020990e+02
2.997582005565165559e+02
2.999557131874856850e+02
2.997264938240540459e+02
2.990928376337491841e+02
2.979541194488884344e+02
2.963663244098015639e+02
2.942076518498726045e+02
2.915862031882342649e+02
2.884253562843574628e+02
2.847879527500008408e+02
2.806436179794924328e+02
2.760933379261322784e+02
2.711507920781634766e+02
2.658824047902232905e+02
2.603351516994115400e+02
2.546037167895459561e+02
2.486858241162828449e+02
2.426399494731623747e+02
2.365550629434816301e+02
2.304659541761286619e+02
2.243908498460806697e+02
2.183698408056024789e+02
2.124392848810322505e+02
2.066162897569548704e+02
2.009637226745910823e+02
1.954964206502707498e+02
1.901705718357540320e+02
1.850446631781004214e+02
1.800947175035745431e+02
1.753527930405510631e+02
1.708451809788017215e+02
1.665049418366691611e+02
1.623876085951808079e+02
1.584820110265646349e+02
1.548189647191003360e+02
1.513973448610037451e+02
1.481986928256294505e+02
1.452492282536992718e+02
1.425207655578538777e+02
1.400474657716325453e+02
1.378296276215953924e+02
1.358783352239702822e+02
1.342127631491589170e+02
1.328141340380147994e+02
1.316811304702541463e+02
1.308332035157279165e+02
1.302776751870371186e+02
1.299923998965172700e+02
1.299869797695332352e+02
1.302775562144600485e+02
1.308454032695361491e+02
1.317061069512562312e+02
1.328688438319248633e+02
1.343453588107408052e+02
1.361660285831004273e+02
1.383023675315463663e+02
1.406879651851641313e+02
1.433421244482344719e+02
1.463298410297819885e+02
1.497410124778157012e+02
1.535981401796895796e+02
1.580111288639920133e+02
1.631330650804673041e+02
1.690884991602664513e+02
1.761663230705419778e+02
1.847128586290486965e+02
1.952960102112954530e+02
2.090676982724970969e+02
2.281440377508612585e+02
2.555307612738130558e+02
2.915754566921324340e+02
3.237162100514813687e+02
3.222799375219518652e+02
2.650344941812491015e+02
1.694493491383206560e+02
8.133495212263137830e+01
2.872961594735397028e+01
7.377909449995768476e+00
1.384790530456161406e+00
1.899221829190010091e-01
2.204483760732927483e-02
4.864718309240883415e-03
3.631433347935519255e-03
3.104901623550860006e-03
2.934050166194422920e-03
2.859263991958636668e-03
2.598296808450328756e-03
2.173740139749944650e-03
2.157709719179182195e-03
2.322122773274844579e-03
2.262325710327486861e-03
2.197525397011439435e-03
2.031025481264422516e-03
2.103635870117906512e-03
1.879810831186127292e-03
1.543000564256302156e-03
1.723668407145900576e-03
1.580208991828440605e-03
1.585538135672424952e-03
1.495450354263145676e-03
1.552897848160802140e-03
1.443246252287335146e-03
1.390403669496318101e-03
1.149997137850401708e-03
1.332053244855645451e-03
1.286842458811495154e-03
1.210209669759446539e-03
9.774774487913725877e-04
1.116963791647791054e-03
9.983585524613652548e-04
1.120758469696476068e-03
9.749399742522623855e-04
9.902508033337743126e-04
8.326690693260247042e-04
9.757066928046910156e-04
7.487512979095906334e-04
8.167724827697335922e-04
9.387289692948514157e-04
7.015328498966052866e-04
8.810052638621952486e-04
7.953612703285750261e-04
7.494258543159924759e-04
7.097035082416807339e-04
7.570903990326007752e-04
6.722761698626299014e-04
6.441785459912296834e-04
6.259272558192164769e-04
6.037450379385569596e-04
5.988443954685414468e-04
6.620269035749786401e-04
6.259824202689566507e-04
5.882651432289446886e-04
7.260192259819504400e-04
5.084851346077799272e-04
7.549201026718913498e-04
5.971290009249597157e-04
3.930787862907531493e-04
4.628227525105480639e-04
4.782185667196586494e-04
4.646448541925569161e-04
4.099336081618949420e-04
5.133220137422978566e-04
4.560440281768601638e-04
5.108600474195261216e-04
4.859203395077507800e-04
3.942324100018968023e-04
