2.131023898579173306e+02
2.152443284572574385e+02
2.157504422904457897e+02
2.159165538507626820e+02
2.156699680507364292e+02
2.149717849100351259e+02
2.137548069522146932e+02
2.119192839246663596e+02
2.094122700247195610e+02
2.062595991251647547e+02
2.023604694954248941e+02
1.979011104483248005e+02
1.928092520760902744e+02
1.871072028898763335e+02
1.808807360597032527e+02
1.742543157221322474e+02
1.672992651423167842e+02
1.600861269789359937e+02
1.527486760562945562e+02
1.453783195695917527e+02
1.379568661193027026e+02
1.306786811303851721e+02
1.235729736025871972e+02
1.166608455613928186e+02
1.100315329354359903e+02
1.036874202848153459e+02
9.767493915566916485e+01
9.200233973746395577e+01
8.672674670292892074e+01
8.181115464663081127e+01
7.726505690419838857e+01
7.311678698277358990e+01
6.934058551800747239e+01
6.594766039490544074e+01
6.290278420542987448e+01
6.024340897357453173e+01
5.788873670167393470e+01
5.586529894020512188e+01
5.414263466924118262e+01
5.272824601034840697e+01
5.156583860084518278e+01
5.065154494800501084e+01
4.996487362522425002e+01
4.943712903259115166e+01
4.908461427010802680e+01
4.888673367408208037e+01
4.884991965680900705e+01
4.888284947785238188e+01
4.902570834155712021e+01
4.922673453028417612e+01
4.947302146721631289e+01
4.979143325798213482e+01
5.016812819904751564e+01
5.058753502637975430e+01
5.102053743704325939e+01
5.146542004702819639e+01
5.195522018604808068e+01
5.244257265412144875e+01
5.296956714656617748e+01
5.350644300671087450e+01
5.407009120782216627e+01
5.465883469416035467e+01
5.528270726485384756e+01
5.596315563428733242e+01
5.671518397207061213e+01
5.756836696838339407e+01
5.858283537460697943e+01
5.975195271604590630e+01
6.123052756322754675e+01
6.305589436160193628e+01
6.540558597031566990e+01
6.863145096600055695e+01
7.336106058789624740e+01
8.043787049419350410e+01
9.012343442771170032e+01
9.865437665084998287e+01
9.733654578526814305e+01
7.961557911915912200e+01
5.071636614782942587e+01
2.420927259946862975e+01
8.518433923522630735e+00
2.180403843664357133e+00
4.043990581311207588e-01
5.398215818967490309e-02
5.785815107868911428e-03
5.940989607252047293e-04
2.117401362036259354e-04
2.616446090221713483e-04
1.695904914239516155e-04
1.614208979911182693e-04
1.224268337179247991e-04
6.433836773462864300e-05
7.672577593544557015e-05
1.481296533056591545e-04
1.293057160793741240e-04
1.318077636457815451e-04
1.268607478994767670e-04
1.247417001391743559e-04
5.411605751582763279e-05
2.414785495604987464e-04
7.959581459735987530e-05
8.533007825782689304e-05
5.783281613574380953e-05
2.604089822084956394e-04
1.095881507492864755e-04
8.673209066206674395e-05
5.905651805617381089e-05
2.851648303941405982e-05
6.358918761518851204e-05
9.157680287878260095e-05
6.176677508456938004e-05
7.844012967541915326e-05
1.385869625442333146e-04
6.936399055218940579e-05
6.248862695233207965e-05
3.400237265392921687e-05
4.578243929725019779e-05
4.863377402604859146e-05
8.135765542144963081e-05
4.611191005252399344e-05
1.295562394920602616e-04
3.820529085086910959e-05
3.429173306877963024e-05
2.509300463178950130e-05
7.933367250436123425e-05
3.054420928790454315e-05
3.496410154039489992e-05
1.907897845532247061e-05
4.297420499171305619e-05
5.438740518188637385e-05
2.228652654018898249e-05
8.962408373270088879e-06
3.208085571570495095e-05
2.103738421246381435e-05
8.787793682442830722e-05
6.726652935156667595e-06
2.668925019083051109e-05
1.890096829340295648e-05
3.308382444642019260e-05
1.027364714722978078e-05
3.327080323056277639e-05
1.197454263079933412e-05
5.890844588278080871e-06
1.589372508961320085e-05
3.635913121618484492e-05
1.017312725660623740e-05
2.402665141133097378e-05
1.768720282661668966e-05
1.439965233708385856e-05
3.651215392963536033e-05
