2.937108852791931213e+02
2.972077547248642873e+02
2.984440436411611017e+02
2.993118996202053381e+02
2.998891881668849351e+02
3.001014991758352721e+02
2.998964579854485919e+02
2.992795157835602140e+02
2.981589775460489591e+02
2.965811643485766922e+02
2.944382398514212014e+02
2.918260604346608602e+02
2.886799309683843830e+02
2.850509000658933019e+02
2.809115021827917644e+02
2.763738483594785293e+02
2.714406838061206599e+02
2.661757902360042181e+02
2.606361725828139129e+02
2.549157837475381996e+02
2.490126792748622222e+02
2.429731722280068880e+02
2.369015500213039047e+02
2.308283008970459207e+02
2.247733868809865498e+02
2.187675872499006573e+02
2.128659323613932486e+02
2.070645030114377505e+02
2.014548342495037332e+02
1.960321024737870630e+02
1.907690333231441855e+02
1.857281965200287459e+02
1.808842983674240088e+02
1.762783437653884562e+02
1.719462534070561048e+02
1.678227424994949502e+02
1.639738957009765841e+02
1.604127090192041010e+02
1.571626362613840229e+02
1.542115104714915503e+02
1.515690835681605222e+02
1.492510574912700179e+02
1.472357017334567502e+02
1.455573519553959727e+02
1.441845700609752612e+02
1.431389524203049177e+02
1.424303917595419193e+02
1.420154579845045362e+02
1.418921126592532858e+02
1.420708504425753063e+02
1.425345983117516084e+02
1.432615851133609226e+02
1.442367818149753589e+02
1.454727592565907912e+02
1.469447944944419362e+02
1.486700153494335552e+02
1.506602990528442945e+02
1.529150355378733650e+02
1.554490313350570716e+02
1.582508835650986612e+02
1.612824792675355070e+02
1.645246981757253479e+02
1.680441477324715720e+02
1.719339508694959306e+02
1.762774760068484170e+02
1.811926704391545968e+02
1.867803146874218498e+02
1.932981971273088675e+02
2.009713763916355163e+02
2.102045095274827986e+02
2.216911633244866948e+02
2.366460632954100163e+02
2.574211796331168784e+02
2.874493469294599208e+02
3.270518736548893912e+02
3.622235702930927914e+02
3.601040670987066505e+02
2.957802446529168492e+02
1.888947632614689383e+02
9.064150256914795989e+01
3.198052188263939044e+01
8.227979248257662803e+00
1.539207156489898365e+00
2.114712157156488637e-01
2.366176878184990048e-02
4.940807049744429247e-03
3.561971802700962704e-03
3.115767481526010661e-03
2.675238194171390693e-03
2.538493087242325950e-03
2.466367426734264803e-03
2.335954216299113931e-03
2.095059209488747340e-03
2.389167233013097299e-03
2.290347690690785250e-03
2.002825935807874946e-03
1.832423434779894070e-03
1.913819243141208102e-03
1.676311549869011208e-03
1.528227434732276927e-03
1.948106271511458078e-03
1.737914159194940342e-03
1.552456708959818821e-03
1.514320679447918273e-03
1.515401940291467506e-03
1.567910862191470613e-03
1.417300461811892356e-03
1.469024830495575069e-03
1.375036596367728257e-03
1.476658214234601897e-03
1.043297237364317108e-03
1.042165560060797714e-03
1.072132748899208435e-03
1.118370859942311628e-03
1.043252516111546017e-03
9.349364837920446552e-04
9.117127319448682828e-04
8.853050346770537310e-04
9.270912633674234689e-04
9.569876238594124439e-04
7.504447952515697420e-04
9.792027044120026665e-04
6.809082000309151514e-04
8.165777442788984663e-04
7.372530916771163076e-04
7.600527674997406211e-04
7.022410130528255719e-04
7.050220361873962057e-04
6.811799843991083077e-04
7.889481205673267751e-04
6.436261156807516603e-04
5.855301164029006779e-04
6.312417135550684897e-04
5.480283481612617481e-04
6.260405423768291211e-04
5.960755242337619246e-04
5.971297744670457869e-04
6.508039189942923771e-04
7.726937031269076866e-04
5.289746690855924669e-04
4.522385465836753363e-04
4.107556502899509091e-04
4.423459178682423703e-04
5.647139982211652311e-04
5.019710835479821538e-04
4.926257673011686820e-04
4.787363307578564931e-04
4.721875958588355772e-04
3.127469200873636427e-04
5.265161542831541626e-04
