2.939104853248658173e+02
2.975835095271685304e+02
2.989119520753666848e+02
2.998692345691863466e+02
3.005324213403631006e+02
3.008316544240620374e+02
3.006954016780705956e+02
3.001360418736684323e+02
2.990654196760377772e+02
2.975441794868481793e+02
2.954480697339922131e+02
2.928974611109335910e+02
2.898191757059427118e+02
2.862661855720971289e+02
2.822099976152976524e+02
2.777926443604013684e+02
2.730164338233505532e+02
2.679494727101146623e+02
2.626795950003029247e+02
2.572909316043708259e+02
2.518340743379843900e+02
2.463628898375241079e+02
2.410205670369940663e+02
2.358470952749092646e+02
2.309059296073835128e+02
2.262539440295349209e+02
2.219746828745444986e+02
2.180798186023238827e+02
2.146533520613920132e+02
2.117231648853103536e+02
2.092325076470534952e+02
2.072313772087065331e+02
2.056965534309296117e+02
2.046037722404704482e+02
2.039621013154079208e+02
2.036577342360145906e+02
2.036767190710234559e+02
2.040070736060922627e+02
2.046210077207889810e+02
2.054312664631234497e+02
2.064097968766411100e+02
2.075098448993608713e+02
2.086908476095681806e+02
2.099598486496577721e+02
2.112752096633050201e+02
2.125841947777093992e+02
2.139252008335128892e+02
2.152857680567273349e+02
2.166190233450304561e+02
2.179629033164389966e+02
2.192906651126265558e+02
2.205983924879767528e+02
2.219398368098721335e+02
2.232884190515870273e+02
2.246587756991507945e+02
2.261046219296793254e+02
2.277057556860759178e+02
2.293989639494641608e+02
2.312872248495748408e+02
2.334013750441908712e+02
2.356415533829746209e+02
2.380380470787111733e+02
2.407069569902911610e+02
2.437879090745043413e+02
2.473471328207220097e+02
2.515639051212551749e+02
2.566140969137163665e+02
2.626949203894174616e+02
2.702155243343091797e+02
2.796741682881645374e+02
2.918620274376226007e+02
3.082864651162713017e+02
3.318556881637137508e+02
3.668207705461584851e+02
4.135600728183032402e+02
4.549110705188501811e+02
4.499000508600416310e+02
3.682516366879124803e+02
2.347089373882603809e+02
1.123524921944549249e+02
3.955498772777105643e+01
1.014974829169399939e+01
1.894046860503585838e+00
2.547733175955174678e-01
2.811687230032598392e-02
5.129001160556249071e-03
3.297940366267407102e-03
3.134493909014659466e-03
2.647503126786195093e-03
2.755545537358351262e-03
2.421188424396871711e-03
2.406821625973165624e-03
2.051755476762075290e-03
2.300533198584926286e-03
2.061404652951599227e-03
2.189291871737954285e-03
2.057953353605956968e-03
2.040593348018633277e-03
2.060979945271950234e-03
1.654843205661485914e-03
1.777619645772297646e-03
1.645946019090121322e-03
1.628339171353561246e-03
1.643379572623485021e-03
1.350439104566841233e-03
1.348847544958802717e-03
1.407492538184252576e-03
1.334309271339006488e-03
1.443980985459732786e-03
1.409059396546852045e-03
1.300800361568759051e-03
1.223665064012490053e-03
1.096692135918439504e-03
9.532060230600297506e-04
1.182824577725303432e-03
9.235240938207044635e-04
9.355397871728470763e-04
1.012151908710256761e-03
9.164241420204215661e-04
9.574469545549715594e-04
8.641792616329663440e-04
9.217685747033655189e-04
7.379775126622286534e-04
7.903879410281432465e-04
8.291562738124964946e-04
7.329310781369243735e-04
7.365405843163568477e-04
7.268587365093519184e-04
5.665834714855242944e-04
6.246489429708604671e-04
7.020146953536767018e-04
7.342109090506713327e-04
5.749927035958238286e-04
5.348952547155653384e-04
6.846541426848288311e-04
5.735357143298746739e-04
6.240557863464968021e-04
5.387086621926852814e-04
5.796399642003072271e-04
5.805774677310325971e-04
3.994961516962573875e-04
4.175655358387251204e-04
4.262011354117887910e-04
4.930838340463915845e-04
4.228956093722999166e-04
5.091421799955046920e-04
4.762883991375208362e-04
5.744672521875402197e-04
3.572833747893404193e-04
3.670350963839628619e-04
