2.936534301226184311e+02
2.970765941965831871e+02
2.982668375044392519e+02
2.991025058723862458e+02
2.996487176745470151e+02
2.998309000391986388e+02
2.995891128672064951e+02
2.989350443897673131e+02
2.977831521563468868e+02
2.961786381285040193e+02
2.940072900369722788e+02
2.913734533148988817e+02
2.882072847659482591e+02
2.845569287499174607e+02
2.804010973320227436e+02
2.758422466500848600e+02
2.708895946014788478e+02
2.656143328049063825e+02
2.600589709995682028e+02
2.543204108628477513e+02
2.483908383066218732e+02
2.423378951771518643e+02
2.362442280149303997e+02
2.301509410240159923e+02
2.240658874843540787e+02
2.180317143084374436e+02
2.120940894642714909e+02
2.062542815074409077e+02
2.005866032501759832e+02
1.950993230862575558e+02
1.897510578589481440e+02
1.846017458914086546e+02
1.796221355151278374e+02
1.748462297314125919e+02
1.702874686909043191e+02
1.658828219624278688e+02
1.616830311875309576e+02
1.576831547785104704e+02
1.538946153997336808e+02
1.503095758145150285e+02
1.469065864472036935e+02
1.437173946301127501e+02
1.406914078668991408e+02
1.378800080094519558e+02
1.352533622898700116e+02
1.328164649256640644e+02
1.306183803770722136e+02
1.286153623788147513e+02
1.268223012403202716e+02
1.252556712163456893e+02
1.239363427027106184e+02
1.228290358971098613e+02
1.219750521151825922e+02
1.213792349275503710e+02
1.210303561370109833e+02
1.209729606802437303e+02
1.212062873931100313e+02
1.217257710510009900e+02
1.225886131349880657e+02
1.238016142144187626e+02
1.252889085391688724e+02
1.270642010906491777e+02
1.291806801519858539e+02
1.317252643200316697e+02
1.347474861986099199e+02
1.382998923049206041e+02
1.425172021493857812e+02
1.475626543087958851e+02
1.536678088170642411e+02
1.611175275913469704e+02
1.704420008025232960e+02
1.826394313815542887e+02
1.995646370334306710e+02
2.239098676357014028e+02
2.558597283258517336e+02
2.843272573062152446e+02
2.832117530726467294e+02
2.329409180096597822e+02
1.489587996318747400e+02
7.154456140353927651e+01
2.526603158249913150e+01
6.503142384379133389e+00
1.220402500840476856e+00
1.669595461361031985e-01
2.014038937392571144e-02
4.671750905610334674e-03
3.210553171792153958e-03
3.144291340891807417e-03
2.829721765130503545e-03
2.891875058276700654e-03
2.607004115561759386e-03
2.227375236239155596e-03
2.434971079878753535e-03
2.331391117767461947e-03
2.356659177227454598e-03
2.181899396744365824e-03
2.000541881503225226e-03
1.926628649266433476e-03
1.784186569055175049e-03
1.821180903003738992e-03
1.882814894140655629e-03
1.839535383895660701e-03
1.351552834776569489e-03
1.579081573934006848e-03
1.422779588363101179e-03
1.511026597604661886e-03
1.334706164466997920e-03
1.433728739235559050e-03
1.244854319884874765e-03
1.209355811448031446e-03
1.144976179146305235e-03
1.145814177808676844e-03
1.042374368046250152e-03
1.190179464611217314e-03
1.070501300240055869e-03
9.182757686319936372e-04
1.014703439774201693e-03
8.149437811027367921e-04
1.027024957605854934e-03
8.330145078929658336e-04
8.487702309973917808e-04
1.050771731451603970e-03
7.478010029914327087e-04
7.403575085945477427e-04
7.178979098913815336e-04
7.753514885798364975e-04
6.221977865470124233e-04
7.282171891312232397e-04
6.497710165000033459e-04
7.183990094851717533e-04
6.750677025835311821e-04
6.705299373675085951e-04
6.244759843499295702e-04
5.118765566711460041e-04
7.361812481196959362e-04
5.346500500563590268e-04
6.191754971795659836e-04
5.534152038762093443e-04
5.776393880853419828e-04
6.271585799881966312e-04
4.112679922643258179e-04
4.580067316376437584e-04
4.130212000681952075e-04
4.130085316659175905e-04
4.120929788616033433e-04
4.003695518418776697e-04
4.420337151492044914e-04
4.936064326446706896e-04
4.452472075276398358e-04
5.236872724261291837e-04
