2.937841020456867795e+02
2.973584101806810622e+02
2.986363499158051127e+02
2.995442930230261140e+02
3.001576434248194118e+02
3.004149948823273348e+02
3.002419006817646050e+02
2.996552152597669760e+02
2.985562387853036626e+02
2.970034410245563095e+02
2.948752897101263670e+02
2.922858176305339839e+02
2.891514525001740026e+02
2.855461247953559223e+02
2.814237543422432850e+02
2.769093852460990206e+02
2.719921288311726357e+02
2.667493695133210849e+02
2.612391553999109988e+02
2.555503616166594725e+02
2.496908385395968537e+02
2.437112368003750191e+02
2.377170267222419398e+02
2.317443602615340410e+02
2.258237408447371593e+02
2.199932952124235328e+02
2.143203474920681515e+02
2.088304072851898070e+02
2.035991494849168078e+02
1.986682405005861085e+02
1.940118457603481090e+02
1.897128476487303601e+02
1.857624817756040443e+02
1.822065678463531526e+02
1.790831666721002478e+02
1.763298568219835261e+02
1.740067138578709205e+02
1.720906478310154171e+02
1.706061298598451401e+02
1.695250855629658702e+02
1.688113254570563697e+02
1.684614184590168975e+02
1.684162044271694754e+02
1.686689120454332169e+02
1.691976101041637719e+02
1.699544161270077325e+02
1.709733980483695461e+02
1.721601541757904101e+02
1.735121221248601557e+02
1.750246537760489218e+02
1.766763912882786087e+02
1.784471712293207872e+02
1.803212841354461773e+02
1.823109462109762546e+02
1.844240773123099473e+02
1.866431265332118414e+02
1.890118038492665278e+02
1.915506111946281180e+02
1.942836226895241509e+02
1.972304352845113726e+02
2.003161369895178439e+02
2.035362602184607113e+02
2.070012627704217891e+02
2.108352878595505331e+02
2.150848487854302675e+02
2.199366267433473467e+02
2.254967197789144393e+02
2.320654862567548378e+02
2.399162535834286416e+02
2.495368879446915855e+02
2.616645808123431038e+02
2.776578070876699371e+02
3.002990737435366668e+02
3.333889198976727926e+02
3.773677691386641868e+02
4.163370139709940645e+02
4.126413389053784044e+02
3.384064473467929588e+02
2.158575292042333160e+02
1.034601794802556327e+02
3.647529052067024224e+01
9.345919624393671299e+00
1.746163630836606195e+00
2.396409379913148618e-01
2.709230427407046532e-02
5.504037422182915182e-03
3.410274168136480030e-03
2.900819834282055559e-03
2.877498685371242867e-03
2.893285994434755242e-03
2.451759429474504974e-03
2.023514339152114941e-03
2.192920906489143409e-03
2.290392155216480763e-03
2.296454003756154532e-03
2.135999725299609839e-03
2.050851050669458882e-03
1.974958768917743027e-03
1.930860591637311796e-03
1.767208549098064907e-03
1.853855651373668501e-03
1.755511183949055387e-03
1.843855266788027147e-03
1.698793069356264529e-03
1.383035235576944360e-03
1.432461335707960453e-03
1.264912609404680345e-03
1.371196950718244672e-03
1.439293968877112129e-03
1.287441943173252886e-03
1.239595698073419185e-03
1.266699317151570451e-03
1.094734687910361472e-03
1.017761878544789058e-03
1.135541150317910791e-03
9.395251164697836612e-04
1.034909748293600350e-03
1.016004652355715059e-03
9.937009639272792808e-04
7.886342727493119310e-04
8.579657584000220660e-04
8.559897770682633935e-04
7.547431137810107571e-04
7.499267411955498576e-04
7.003905860453259365e-04
6.308505620069005098e-04
5.888802783256526317e-04
7.848513470336321209e-04
5.882800675602809903e-04
6.791492355546705894e-04
6.337037776356260321e-04
6.153118733395133424e-04
5.691212697349055417e-04
6.031948315149540446e-04
6.297707100447359893e-04
4.520357066070454901e-04
5.147098201995707178e-04
4.368655696584190003e-04
6.594565459803983665e-04
5.854657540845746968e-04
4.099328391980775702e-04
4.889913636980667069e-04
4.910644521253945639e-04
4.390504258967680134e-04
4.596015671966049163e-04
4.854401950091207364e-04
6.781026189166904474e-04
4.299704281395900834e-04
3.556209578761516748e-04
4.719420581393756809e-04
