2.130635062325897593e+02
2.151606136890565324e+02
2.156441989679013886e+02
2.157910560887285101e+02
2.155244483921843539e+02
2.148042584561602268e+02
2.135692716121678529e+02
2.117125516751742396e+02
2.091931763854032909e+02
2.060291559596678610e+02
2.021221982947608922e+02
1.976501988375708265e+02
1.925502519983662353e+02
1.868436512278244095e+02
1.806089167126014559e+02
1.739626062348090443e+02
1.670022488754119649e+02
1.597754919595253114e+02
1.524213608673275644e+02
1.450345245885999077e+02
1.375952254990665438e+02
1.302862157024857197e+02
1.231427062913296879e+02
1.161682851896944726e+02
1.094697859924571191e+02
1.030284616983327481e+02
9.689901279800687917e+01
9.106424501493003731e+01
8.558060093154846015e+01
8.040486436020971439e+01
7.553158430440170434e+01
7.098009380657458678e+01
6.672280291449149559e+01
6.277523475865988445e+01
5.909781289527503390e+01
5.571613933462908363e+01
5.255939382887704170e+01
4.965539864516014745e+01
4.698815842706244439e+01
4.458448263296546799e+01
4.239114468375272793e+01
4.042490932614438748e+01
3.866831965278187511e+01
3.708427480952296662e+01
3.569538558491816360e+01
3.449003422987233591e+01
3.344430918591873336e+01
3.254660799867835408e+01
3.183160335777534300e+01
3.124429364647302521e+01
3.076764920594481012e+01
3.041145409392710519e+01
3.018988382433437678e+01
3.006170640223556134e+01
3.003484820802178490e+01
3.010552650229591620e+01
3.027041677706357348e+01
3.049458167210428172e+01
3.083555739197052148e+01
3.123256768855369714e+01
3.168900262202239659e+01
3.222719109296384943e+01
3.281067048727224034e+01
3.348727824828691269e+01
3.428917569987889635e+01
3.518199089624815201e+01
3.617281278678112244e+01
3.732410626485943794e+01
3.868721986562013626e+01
4.036482568643987179e+01
4.244698002789583313e+01
4.512719221413135529e+01
4.887887091727720446e+01
5.431847062996692443e+01
6.168295337922043586e+01
6.831670544544856227e+01
6.788869739075501286e+01
5.582075460751851637e+01
3.574704640876088035e+01
1.716963469909710938e+01
6.060218653667511113e+00
1.559347033393957416e+00
2.963506864711986655e-01
4.066586628964681538e-02
4.165494750910460169e-03
4.001220201665230082e-04
1.599994755540899737e-04
3.196141061001412796e-04
1.566131366567691252e-04
1.843513280327008534e-04
1.468878241049775151e-04
1.390851128698818715e-04
7.467451244069497689e-05
1.935761655814907298e-04
2.002659625635144173e-04
1.207857141738001387e-04
5.728814600339393609e-05
5.656638469759187027e-05
1.209530478917716765e-04
1.518122913430098328e-04
5.676642024643463458e-05
1.279552303433822980e-04
7.906652377349171945e-05
1.056903653832692673e-04
4.508877541054742271e-05
9.068209504492949729e-05
6.111756191918960956e-05
5.254320990480818363e-05
6.661633184964745264e-05
1.435887545006132675e-04
9.345912788600369470e-05
6.980133440242754705e-05
6.228803512387587804e-05
5.625433403309071845e-05
7.210056047110193357e-05
5.440189120124428829e-05
4.968648396712670108e-05
3.371176575204002057e-05
6.586205556797292604e-05
3.570968861123105867e-05
8.994974087709699240e-05
6.381330521233895725e-05
2.429263629206207997e-05
2.883035591017950203e-05
5.820525073994021337e-05
1.181006827185212235e-05
3.711764484456366210e-05
1.986346470030841477e-05
2.372238046182330187e-05
7.672642074919700894e-05
1.045393827957418037e-05
1.922595534964699335e-05
2.881931620317521210e-05
2.461932829097198200e-05
6.088929629418279166e-05
1.629043800166258985e-05
1.149604468163124214e-04
1.381122348704306249e-05
1.549991804604710272e-05
3.570269087216361404e-05
3.072365992067776586e-05
3.053118845396262282e-05
3.591109724649439145e-06
4.633917168465432479e-05
7.008762576966710389e-05
2.301649444167194980e-05
2.051832676034046850e-06
2.340390189993336750e-05
1.076429089750992747e-04
1.698541923378371621e-05
