2.130861875853948959e+02
2.152110326652065169e+02
2.157074250720397686e+02
2.158631425116440710e+02
2.156101872102687196e+02
2.149048333013779484e+02
2.136801007002278538e+02
2.118356702602452231e+02
2.093258343380811084e+02
2.061670515624379334e+02
2.022680069904114646e+02
1.978020199279643521e+02
1.927100061690790653e+02
1.870020382302690223e+02
1.807722107770839841e+02
1.741364676036496917e+02
1.671801996927372045e+02
1.599576766609356469e+02
1.526123630254231784e+02
1.452393197635343824e+02
1.378018211189450426e+02
1.304996500328480806e+02
1.233771617501366222e+02
1.164248887145917593e+02
1.097452838153112680e+02
1.033385356994953668e+02
9.724799869167489419e+01
9.146496284872733895e+01
8.604942513960284600e+01
8.097205232697564270e+01
7.622696838560256083e+01
7.183445863496874040e+01
6.777295674761343491e+01
6.405956127089706342e+01
6.066926710082528729e+01
5.763067519694514829e+01
5.485836985293362034e+01
5.239730003322215879e+01
5.022506165891213215e+01
4.835612401355885481e+01
4.673992302492519713e+01
4.538621132831192995e+01
4.426100340384679299e+01
4.332462280111698050e+01
4.259511190016443294e+01
4.204429731722403574e+01
4.164391106139454735e+01
4.137831569918327546e+01
4.125650104409497487e+01
4.125839683268632996e+01
4.133241225044346834e+01
4.148056111474417662e+01
4.171813196440538007e+01
4.203553069496734196e+01
4.239131054530540865e+01
4.279661471893390257e+01
4.328012879047956574e+01
4.377134591258234764e+01
4.437642449947694701e+01
4.497694631065759552e+01
4.560788111161026848e+01
4.629742030426859856e+01
4.700652824487123382e+01
4.777160045587353920e+01
4.862220794128047174e+01
4.957640836180912203e+01
5.068750976646939677e+01
5.195119158716665453e+01
5.344719747205575544e+01
5.528051777515146625e+01
5.763141731172800064e+01
6.071272592950198543e+01
6.515899650255839504e+01
7.182925691538386559e+01
8.079993453207943332e+01
8.880755402561690914e+01
8.780223114374611271e+01
7.192850028806262230e+01
4.581921817527877039e+01
2.195596879513727373e+01
7.725916047011399002e+00
1.976470243741965227e+00
3.735910313264768634e-01
5.220259834169189289e-02
5.350906250592394817e-03
5.566606779406888840e-04
1.789717340007756239e-04
2.464473280568784904e-04
2.780515342476845282e-04
1.664980753328814029e-04
1.580412933415457021e-04
1.526232511221287124e-04
1.457580260838118235e-04
1.615948218425134343e-04
2.498484836241901172e-04
2.053223953871517000e-04
1.110779081341596082e-04
1.961709940343971809e-04
7.584275379467865031e-05
1.092977392912026721e-04
7.248394006037343386e-05
7.571009687794032683e-05
1.011794501031140699e-04
9.274835054708204429e-05
1.461901060433806005e-04
1.910788998995549548e-04
4.931185051816600311e-05
5.580964029240786006e-05
4.833659230782075034e-05
1.504469613153114414e-04
3.260441079798248538e-05
5.222109965677787280e-05
8.505971973282733245e-05
1.000963473179399774e-04
8.823301571362722462e-05
8.965023356245309372e-05
3.162212028800949601e-05
1.668807805035557357e-05
1.046747734074513305e-04
8.746019177380887544e-05
4.609287088529317311e-05
6.363040801139597624e-05
3.871838273587779877e-05
4.571027720300791772e-05
9.686414175771521215e-05
2.676218432447659629e-05
4.400395903841274969e-05
2.115225290609997272e-05
3.245114343387713263e-05
4.770672055778549014e-05
2.843389869195473341e-05
1.061064223111128751e-05
1.048610216087943076e-05
3.963351224101074877e-05
6.055992683398317189e-05
1.693975924451270393e-05
3.687287011811596815e-05
1.671002465900974245e-05
2.816367106540774788e-06
8.836263795084261629e-06
1.808100398943774932e-05
1.409580118405528992e-05
1.652901456973848596e-05
7.085429012300261065e-06
4.128930015198053105e-05
1.120676118079681343e-04
1.713854121927677312e-05
5.742980473202565925e-06
3.547885105807205985e-05
3.373081601350710190e-05
