2.936463225789473768e+02
2.970580500170424330e+02
2.982385646090062892e+02
2.990688820388680824e+02
2.996103164772950436e+02
2.997880734853396802e+02
2.995434981856456602e+02
2.988812584418234906e+02
2.977235181533316677e+02
2.961155090948885800e+02
2.939378639730532541e+02
2.913003254153503008e+02
2.881252095587356052e+02
2.844728196344642583e+02
2.803138878748932825e+02
2.757536705189164650e+02
2.707958401145825746e+02
2.655161598818893935e+02
2.599626998103050823e+02
2.542207434739738687e+02
2.482876819061204401e+02
2.422282311107671262e+02
2.361346970696335177e+02
2.300359276347284094e+02
2.239502444653021769e+02
2.179098465539556742e+02
2.119674216345860600e+02
2.061281102467965241e+02
2.004590253719994450e+02
1.949688300083074637e+02
1.896134575034842840e+02
1.844599836557443382e+02
1.794729301143026134e+02
1.746811576719457264e+02
1.701216499051725179e+02
1.657053308268109220e+02
1.614940246800672696e+02
1.574751591713323364e+02
1.536714912915907973e+02
1.500585967647521670e+02
1.466265965065823877e+02
1.433953944638003861e+02
1.403227692003929974e+02
1.374490715554091480e+02
1.347501886125988619e+02
1.322291482540550760e+02
1.299204014307161685e+02
1.277848446637445363e+02
1.258463225312453346e+02
1.241025966261615139e+02
1.225903123892524178e+02
1.212810411669931483e+02
1.201766847552885054e+02
1.193172780561277193e+02
1.186857037007135887e+02
1.183367901715498363e+02
1.182583093816672459e+02
1.184519603525935878e+02
1.189778652604339015e+02
1.198269795235562611e+02
1.209439554175266096e+02
1.223446505168426626e+02
1.241004505271055933e+02
1.262687429919419770e+02
1.289078376279717872e+02
1.320785210283633262e+02
1.359050889936316366e+02
1.405227622951674675e+02
1.461685894826887591e+02
1.531179511017514585e+02
1.618658009288713515e+02
1.733601788372849342e+02
1.893955629566846710e+02
2.124547363507424791e+02
2.428197890458536108e+02
2.698555408816433214e+02
2.686984225931321930e+02
2.209862017129105425e+02
1.413084025353945776e+02
6.783477251125432872e+01
2.394654837797467195e+01
6.154254354895553725e+00
1.153694358638564621e+00
1.597264099114666935e-01
1.934590375659754613e-02
4.573063969279902476e-03
3.213105999565344945e-03
3.045811166006117104e-03
2.935926321150860840e-03
3.043676165541931225e-03
2.530634892404845255e-03
2.394257959963920317e-03
2.250250706269173867e-03
2.358270144155796659e-03
2.297917218151880256e-03
1.994359485289632066e-03
1.878427122733248265e-03
2.251439727614832145e-03
2.036525812738522716e-03
1.625505879109815505e-03
1.743311960709383567e-03
1.560969332871014982e-03
1.422393583193524600e-03
1.549762458346823487e-03
1.492487377818270183e-03
1.444300814721294910e-03
1.305722116270362308e-03
1.504917635307358951e-03
1.237905983262843623e-03
1.314429076430486494e-03
1.189770084614569842e-03
1.055926745750810063e-03
1.038457808665631211e-03
1.142825283677601032e-03
1.124736294995430522e-03
8.771945255445171702e-04
1.021979709858266685e-03
8.961239030725335003e-04
1.027466400361942049e-03
9.394463447926758868e-04
1.031656163042973156e-03
9.054211310380748173e-04
7.648600275952559605e-04
7.700398582648948411e-04
7.134316692115582866e-04
7.249034050718350646e-04
6.848498637909648237e-04
7.478622351072412551e-04
6.549203148164353151e-04
7.302556464466916078e-04
5.650533472089643103e-04
7.299817360058886030e-04
7.663095044557586980e-04
5.683319422063760071e-04
6.782052795740539869e-04
5.923808952302658847e-04
5.570878640731011027e-04
5.910687414838624145e-04
6.311975223992868141e-04
5.218174648958090727e-04
4.453881294127629074e-04
3.705585522355972017e-04
4.652895492460229813e-04
5.523452659147996043e-04
4.662055677978374198e-04
4.763893026863133193e-04
4.932868342301828784e-04
5.470594716836031136e-04
4.601419021401365853e-04
3.853264102553592696e-04
