2.936596560151938320e+02
2.970910015201674810e+02
2.982877381769308727e+02
2.991281805844073460e+02
2.996770595977246217e+02
2.998628565856089381e+02
2.996234524348386685e+02
2.989756183159867646e+02
2.978258371889280625e+02
2.962255578779012239e+02
2.940568495312091954e+02
2.914286808774771771e+02
2.882631253455996898e+02
2.846178647240737405e+02
2.804620533278770154e+02
2.759081744591932193e+02
2.709568781627082785e+02
2.656839790255231719e+02
2.601292557178083484e+02
2.543935066969264369e+02
2.484697462023921730e+02
2.424184793669066096e+02
2.363228128476406198e+02
2.302314432274840215e+02
2.241520528683531950e+02
2.181189091895257945e+02
2.121821877671344510e+02
2.063443658421797693e+02
2.006791474531172810e+02
1.952027473598980407e+02
1.898522638584344122e+02
1.847114717131062207e+02
1.797328717603334383e+02
1.749682172185259219e+02
1.704160665254105993e+02
1.660179316626163484e+02
1.618387996308102004e+02
1.578497761138210933e+02
1.540845186125233965e+02
1.505216694189595046e+02
1.471547981392629367e+02
1.440015805688055366e+02
1.410321511520332081e+02
1.382813176313386521e+02
1.357255211898896050e+02
1.333784917895621618e+02
1.312864387469639382e+02
1.294040962263522090e+02
1.277538341396978723e+02
1.263378530543165965e+02
1.251816232096025914e+02
1.242802033061172580e+02
1.236176115154765682e+02
1.232301768281179619e+02
1.231096092183309025e+02
1.232782420318736314e+02
1.237527399639660217e+02
1.245345198501658928e+02
1.256612964865414170e+02
1.271213643129639479e+02
1.288722167668951215e+02
1.308818413824595268e+02
1.332545914716828008e+02
1.360519195268003045e+02
1.393344140791551524e+02
1.431427659466594946e+02
1.476550519482317441e+02
1.529746137415832550e+02
1.593602263341344951e+02
1.671634701580056799e+02
1.768669433925359726e+02
1.895185343570214229e+02
2.070546571447820270e+02
2.322413725628468342e+02
2.653405417754736391e+02
2.948451971075380698e+02
2.936778054837567424e+02
2.415565628090937480e+02
1.545131045893443513e+02
7.422921712085850743e+01
2.621975507313549869e+01
6.739066455467597194e+00
1.263679553157062596e+00
1.738184767243796669e-01
2.082384586588673439e-02
4.643353918113110081e-03
3.324346792360973000e-03
3.148907476366760542e-03
3.056385793441232426e-03
2.877792027330005557e-03
2.494103939878007572e-03
2.098019920150054254e-03
2.260862759088871389e-03
2.246284177684090399e-03
2.388134496054432430e-03
2.219711031086441660e-03
1.964390749147905488e-03
2.019116697886241037e-03
1.854664280674136285e-03
1.579912350892884567e-03
1.715874484165441291e-03
1.704989186611586714e-03
1.552551818568880535e-03
1.606334927352086024e-03
1.544263929289940501e-03
1.527918519552875186e-03
1.367254027539489174e-03
1.288949768192605401e-03
1.250377378695722566e-03
1.297930093579554136e-03
1.133489801843331861e-03
1.066620358670561678e-03
1.079879494880026450e-03
1.151043300814735132e-03
9.439092127226504127e-04
9.378139468810522050e-04
9.438212830048250479e-04
8.331855849180459231e-04
9.442432899140665954e-04
9.135851438201212467e-04
7.706596853850945263e-04
9.827375454728435634e-04
7.037805105642389860e-04
7.986980788666360161e-04
7.727932280058121732e-04
7.874274627016071126e-04
6.731676493578414924e-04
7.732273452635103021e-04
6.279330604962728201e-04
7.064560205941348503e-04
6.492919574829163860e-04
6.530541016916014546e-04
6.076139925861289695e-04
6.863654845054051757e-04
6.132683770205469816e-04
5.533554531946229460e-04
6.344501513068164129e-04
4.807207244016609626e-04
6.454066970179059108e-04
6.022873757419531376e-04
4.687840619302590197e-04
5.127510686353700491e-04
3.945691700830020947e-04
5.113048348770714161e-04
4.461121033790266125e-04
4.771745802947073285e-04
4.254855621291029461e-04
4.693920422016897962e-04
3.563713048597169186e-04
3.896146310646534283e-04
