2.130782734465521457e+02
2.151936173566642196e+02
2.156862018617846672e+02
2.158380935676646573e+02
2.155806255293815923e+02
2.148680233156434554e+02
2.136414517425226904e+02
2.117912393676411398e+02
2.092783768881248250e+02
2.061197953216744452e+02
2.022196879778542495e+02
1.977468605575753315e+02
1.926549190922362129e+02
1.869468424333317671e+02
1.807163710338257658e+02
1.740770551101854267e+02
1.671184889871122721e+02
1.598940166359857926e+02
1.525446243817245318e+02
1.451678975174371544e+02
1.377297555868022414e+02
1.304224404231386529e+02
1.232877789774146464e+02
1.163283761907756997e+02
1.096405254909251283e+02
1.032136409826473198e+02
9.710033270402992400e+01
9.129145519804053777e+01
8.583939230191107583e+01
8.070781806223223498e+01
7.589971474860794842e+01
7.142863842335322033e+01
6.727164235453044228e+01
6.343954396705117205e+01
5.991386919956292445e+01
5.671449547552037984e+01
5.377742158963034314e+01
5.112476604942801828e+01
4.874113737040251237e+01
4.664856981991842133e+01
4.480557048009035981e+01
4.322422261948749167e+01
4.185857702526522672e+01
4.068465983871525538e+01
3.972331720018863166e+01
3.895172162687716622e+01
3.834457201104507362e+01
3.788669397449120879e+01
3.758528630280246574e+01
3.738383909547701478e+01
3.727927179670788860e+01
3.730710379474071914e+01
3.741969496943056583e+01
3.763123012882553553e+01
3.789555579568776977e+01
3.822480619119273371e+01
3.864111084459970158e+01
3.908661819373568136e+01
3.963270513858232391e+01
4.021712539179457480e+01
4.086413688812818634e+01
4.150789175472326065e+01
4.222515643719169987e+01
4.300781924939818168e+01
4.389124728428820532e+01
4.484709037943846965e+01
4.594764669405089563e+01
4.721564860062466806e+01
4.871671786738766485e+01
5.056470668481455988e+01
5.285522296238276851e+01
5.583460035920143127e+01
6.011881681821412826e+01
6.640434991899464023e+01
7.489389099842972541e+01
8.249544108907382167e+01
8.165925731841061008e+01
6.705884886450238014e+01
4.278382878543602175e+01
2.045144651354187104e+01
7.230702663306146860e+00
1.860970072131345354e+00
3.545167088323069038e-01
4.776603841907364062e-02
5.145102703529916104e-03
5.635156678681601909e-04
1.379015800142988578e-04
2.350691509992546533e-04
2.393454714008708866e-04
2.034432138903034283e-04
1.047414192209858799e-04
1.327329809154420418e-04
1.098203115250661217e-04
1.564908350922220590e-04
1.271078803878210501e-04
1.469917142300368647e-04
9.076310976562940462e-05
7.073472897101636711e-05
1.493803929769974427e-04
1.461711759156604637e-04
4.471563838552016114e-05
6.372218931682827048e-05
1.270459952075849623e-04
1.312875960968447147e-04
9.741816313859793500e-05
8.981363832796333813e-05
5.382243453938753951e-05
8.302661054678240314e-05
4.720649614184815413e-05
1.063057363667581980e-04
1.919706043607879162e-04
3.844519095944798375e-05
1.182587399124014003e-04
1.067499237421219287e-04
7.814536932551321069e-05
8.618663755154286799e-05
3.944907449613152772e-05
3.351642957797998140e-05
1.403127440456156951e-04
1.019948431869958510e-04
3.413789665593666933e-05
5.018497301164125585e-05
1.050725353477151697e-05
2.210632257719040078e-05
6.313279524346644700e-05
4.459674907320021475e-05
3.805375800065075498e-05
3.179375945325709629e-05
8.343967716534027952e-05
5.577472376513033925e-05
3.990581981601811623e-05
6.195107694750845440e-05
1.616939463494615481e-05
1.234256982554329574e-05
3.529523606360385202e-05
4.098901316180242804e-05
2.793513168144714831e-05
4.046948320457488535e-05
1.073344183729183636e-05
1.855444768731710420e-05
6.031942049888907048e-06
4.401859152585427879e-06
2.373875801511518155e-06
1.567680184659063153e-05
6.918201836543749652e-05
6.149696095802630979e-05
2.309218949957956692e-05
6.782176824494791590e-06
1.925806016442013535e-05
4.676886503050968935e-05
