2.936361885627190986e+02
2.970320804095231324e+02
2.981990548177898290e+02
2.990203225454342828e+02
2.995570293134338158e+02
2.997276311938535969e+02
2.994736832885681110e+02
2.988074711358740387e+02
2.976424252200753244e+02
2.960237503014856202e+02
2.938379972043968564e+02
2.911957821598373357e+02
2.880106058496069181e+02
2.843517830475928463e+02
2.801879989915079250e+02
2.756234937326485124e+02
2.706608080647589532e+02
2.653721884799528539e+02
2.598131624681307130e+02
2.540697682101210546e+02
2.481345042247137940e+02
2.420752153455228779e+02
2.359741360737193361e+02
2.298636389402088867e+02
2.237816165391425898e+02
2.177346261957480067e+02
2.117886482603985598e+02
2.059427922182817952e+02
2.002681177883094108e+02
1.947744957827675023e+02
1.894116935444437786e+02
1.842499330696534230e+02
1.792604002022109455e+02
1.744593413032855551e+02
1.698829543751599545e+02
1.654641967389253239e+02
1.612365368924992026e+02
1.572041667622116563e+02
1.533840826123593786e+02
1.497500566465844258e+02
1.462920870339154931e+02
1.430218652812741027e+02
1.399087399369952607e+02
1.369792129315311229e+02
1.342203486725005348e+02
1.316141603032154421e+02
1.292163394116843165e+02
1.269649727724962958e+02
1.248769782168346580e+02
1.229677440220302316e+02
1.212563637610986262e+02
1.197100849455186307e+02
1.183606519832050168e+02
1.171978964324321311e+02
1.162427220261506022e+02
1.155267249124540427e+02
1.150686333354461794e+02
1.148432686551118280e+02
1.149062994274768954e+02
1.152782824904768688e+02
1.159046128689756614e+02
1.167738046624927932e+02
1.179699274093026276e+02
1.195657144837825143e+02
1.216051352484057730e+02
1.241671928873879978e+02
1.273614799702358340e+02
1.312874981626991087e+02
1.362098939184645587e+02
1.423598066224637364e+02
1.501847293039780311e+02
1.605587885891866335e+02
1.751458017121782405e+02
1.962935037434606045e+02
2.240620514596746489e+02
2.487278278618340721e+02
2.474517032542628669e+02
2.034262137510908133e+02
1.300037984901055665e+02
6.236350902187952272e+01
2.201312282265197950e+01
5.646246562711187522e+00
1.061324903458066071e+00
1.460102404682870891e-01
1.791170626448515199e-02
4.735191184328497484e-03
3.187822902259348275e-03
3.372289622356016651e-03
2.703608685783517786e-03
2.829357553524255303e-03
2.803821977994104282e-03
2.287158130774811626e-03
2.340853158627555913e-03
2.247882518674297614e-03
2.473311098939864720e-03
2.111481882919517567e-03
1.956102496538642595e-03
2.107900343771284234e-03
1.980110148755357194e-03
1.793829816569938009e-03
1.777466472546389937e-03
1.776084800446508377e-03
1.615352464939930109e-03
1.423437497993563106e-03
1.477382458927329256e-03
1.463797612819728962e-03
1.510958203880569941e-03
1.336047675456514001e-03
1.234415995052571364e-03
1.242273540758912810e-03
1.234921408945591952e-03
1.212454064204592126e-03
1.169924663335017911e-03
1.198460924354738952e-03
1.031083616329262712e-03
1.103600689577233143e-03
9.275616461656844679e-04
9.110618859949820353e-04
1.004119326738603336e-03
8.202000524228572750e-04
8.576702294388733293e-04
1.018129608951507054e-03
6.246694198669720333e-04
7.310495148007302565e-04
6.485771653648135385e-04
7.311256997936726662e-04
7.298247783833329517e-04
8.052254101716485070e-04
5.857198571615400504e-04
6.937981923167675733e-04
6.170238005676004570e-04
6.319766724330011217e-04
5.761012005726001738e-04
6.410568740215785103e-04
6.600620530479912353e-04
6.074601566014247410e-04
6.076606262049745856e-04
5.884892999313409223e-04
6.346143473571390706e-04
4.851765477655774488e-04
5.495619480127190591e-04
3.805479412984568376e-04
5.188383474546366583e-04
4.195247771898330015e-04
4.197027378442760078e-04
5.189140725876887749e-04
4.273568082276622522e-04
4.688435599034146851e-04
3.976598981743853121e-04
4.757009119397844453e-04
