2.937721461711045663e+02
2.973339674286242484e+02
2.986053260652510630e+02
2.995066435388586683e+02
3.001139546522732076e+02
3.003664038555524485e+02
3.001864337445620095e+02
2.995977877672609111e+02
2.984959311846599235e+02
2.969387566314896958e+02
2.948084348169360851e+02
2.922153738028339944e+02
2.890800083971368508e+02
2.854701989219610141e+02
2.813449975671659331e+02
2.768271413571997073e+02
2.719081771041314255e+02
2.666607992259649791e+02
2.611417054520063630e+02
2.554439241829303171e+02
2.495692772160551556e+02
2.435736858589978624e+02
2.375534926820874091e+02
2.315561537609159473e+02
2.255920252963135795e+02
2.197098257159132970e+02
2.139656890766726178e+02
2.083841202564141781e+02
2.030491621234517368e+02
1.979780530461151784e+02
1.931575433325704978e+02
1.886701520992334906e+02
1.844965116271350212e+02
1.806936098659928973e+02
1.772998666217883112e+02
1.742502291292009318e+02
1.716215365171851488e+02
1.693908222854018959e+02
1.675865589296786027e+02
1.661779448474241292e+02
1.651441741564776748e+02
1.644883324193497742e+02
1.641664463027534850e+02
1.641630836264297955e+02
1.644266075905074445e+02
1.649693170052291009e+02
1.657990974852081365e+02
1.668212588186605672e+02
1.680356032146684413e+02
1.694438831169197783e+02
1.710211752146676645e+02
1.727244978602772960e+02
1.745620920745078877e+02
1.765302200597356261e+02
1.786432306539571186e+02
1.808882421310740938e+02
1.832879118207144131e+02
1.858618691618667924e+02
1.886397413811837112e+02
1.916479566434564106e+02
1.947886923624572262e+02
1.980840178192106862e+02
2.016162306350924212e+02
2.055188442215871305e+02
2.098363375848797148e+02
2.147383306815406456e+02
2.203730849805745038e+02
2.269705091544636275e+02
2.348441425120655026e+02
2.444644008344068027e+02
2.565633374937991675e+02
2.724958274509099851e+02
2.949179170185497014e+02
3.276370701923461297e+02
3.710985653744859292e+02
4.096241575242561339e+02
4.061098999050366274e+02
3.331669078492183189e+02
2.125561368024145565e+02
1.018388151892724238e+02
3.590555225519864990e+01
9.210103216742995258e+00
1.725494078137460141e+00
2.362474915924318852e-01
2.685164932878713120e-02
5.348597297041428854e-03
3.439737791034695649e-03
2.991665099961226051e-03
2.890552105273884887e-03
2.854846538587432758e-03
2.433877754887632094e-03
2.228020248328960520e-03
2.147802622667583164e-03
2.328740221141548366e-03
2.386701644782898701e-03
2.124259232835884557e-03
1.980116069486116594e-03
1.902609291520916983e-03
1.871966770351160764e-03
1.769647214308305537e-03
1.858796174591075771e-03
1.764427703897033595e-03
1.816934017924495956e-03
1.618676650761591198e-03
1.333990012823491576e-03
1.364850182672577069e-03
1.289256831213960418e-03
1.324047422577431668e-03
1.523898408421490731e-03
1.273306699214934957e-03
1.224486619636901792e-03
1.372620549714082807e-03
1.195347925373531957e-03
1.053666980507937841e-03
1.166766270085513053e-03
8.797347332792754791e-04
9.585479422595153363e-04
9.468128491192112509e-04
9.252353434024336055e-04
7.816502762942426378e-04
9.513256963100795178e-04
8.627537710000066345e-04
7.347594435237020079e-04
7.693251155387299074e-04
8.170723799645571725e-04
7.041439392147985556e-04
5.657433155228676607e-04
7.516493462851608779e-04
6.888339311017693855e-04
6.792625494809385357e-04
6.560416876265387194e-04
6.964024902911640502e-04
5.685061121644079509e-04
6.473314466316227580e-04
6.293621529784095177e-04
4.625488887607919213e-04
4.922080388919961242e-04
4.641097839799181320e-04
6.170046990537456522e-04
5.903003650602332191e-04
4.334095623391564654e-04
5.140519355167244868e-04
5.786706747642635486e-04
4.409048707086086127e-04
4.188810383924732993e-04
5.340897730837452020e-04
6.886236959596328836e-04
4.409765784963213088e-04
3.264626584324455756e-04
4.884465218124169712e-04
