2.936382815202928782e+02
2.970364310439649671e+02
2.982063249459034751e+02
2.990298528284452573e+02
2.995669452645349793e+02
2.997385275681746748e+02
2.994865591005119541e+02
2.988219775904937023e+02
2.976579869011395658e+02
2.960409779136497264e+02
2.938572455292069208e+02
2.912158502477514617e+02
2.880310831241517917e+02
2.843737592771647087e+02
2.802110112456311981e+02
2.756488112213292538e+02
2.706858149946291974e+02
2.653997593402500002e+02
2.598410274062643452e+02
2.540995206759886287e+02
2.481624271075198465e+02
2.421057676454044554e+02
2.360033550232167556e+02
2.298943333127027415e+02
2.238149209328142035e+02
2.177691821761342510e+02
2.118227322567915678e+02
2.059783775230243350e+02
2.003031425057280330e+02
1.948117253044996176e+02
1.894499346901855290e+02
1.842871321761053025e+02
1.793003947470689923e+02
1.744983381423536173e+02
1.699267544205789875e+02
1.655093207289971815e+02
1.612839880541468460e+02
1.572530400667272943e+02
1.534354078400722869e+02
1.498064382594814674e+02
1.463489432536537151e+02
1.430859977162902794e+02
1.399784645871719135e+02
1.370543792389645432e+02
1.343045169417357840e+02
1.317147460069978422e+02
1.293279781979905749e+02
1.270927218181273162e+02
1.250253094788145205e+02
1.231400291295871341e+02
1.214615308482985370e+02
1.199491599720733888e+02
1.186336130296010225e+02
1.175260477517531541e+02
1.166230171120335370e+02
1.159702311400448593e+02
1.155730592280763744e+02
1.154168109715794799e+02
1.155616272572176655e+02
1.160164874212720889e+02
1.167292785727772042e+02
1.176980950362880094e+02
1.189847888395271838e+02
1.206904712015493004e+02
1.228573405399191074e+02
1.255284907631646973e+02
1.288525178961661481e+02
1.329097932885200066e+02
1.379643004397291861e+02
1.442691053235246272e+02
1.522761716472801083e+02
1.628498070440013805e+02
1.777398720575746722e+02
1.992406892624100578e+02
2.274658154527802481e+02
2.526253642705098059e+02
2.514116726188011910e+02
2.067253744147282646e+02
1.321152098190661661e+02
6.340607263990321485e+01
2.238062420014032483e+01
5.741913577940918501e+00
1.078841585673546488e+00
1.476277304611811891e-01
1.803680641753590760e-02
4.686958924219605978e-03
3.251311476182000733e-03
3.392708846596420927e-03
2.711375696153345716e-03
2.973373498671761511e-03
2.655395367002671373e-03
2.328375510086365657e-03
2.304736192164216768e-03
2.197297369872421718e-03
2.370174176341547333e-03
2.202026927630395398e-03
1.882994479367651290e-03
2.045913361736830492e-03
1.981918955201114434e-03
1.751741431585671300e-03
1.873631198718804167e-03
1.779783000641734555e-03
1.626385353643274327e-03
1.357911173636607103e-03
1.522222892048127581e-03
1.415950111446993365e-03
1.402437873096848376e-03
1.373053615570359390e-03
1.313141673178454911e-03
1.283017262329132170e-03
1.241694176352335730e-03
1.151723591767868111e-03
1.236278386313524515e-03
1.207562329943591894e-03
1.051469065323307498e-03
1.002400372989676334e-03
9.140037790420639692e-04
9.828432065567456206e-04
9.351170099264083943e-04
8.178071300131144628e-04
9.038099714912648137e-04
9.962767210237898682e-04
6.200235062986040983e-04
7.196867788237234836e-04
6.597899277060717202e-04
6.883245486190403117e-04
6.472645868350441426e-04
7.342854752050159564e-04
5.948826538167801495e-04
7.436350033707593782e-04
7.007853204995432390e-04
6.531403497761945239e-04
5.739411488589743135e-04
6.257145764905374698e-04
6.975356775251376597e-04
6.649250297696843517e-04
6.901203990569332357e-04
6.313510816555902147e-04
6.022225421484566840e-04
4.919974916227764367e-04
5.024933168209563122e-04
3.495267366315210405e-04
4.746867983108905256e-04
4.080000033577027303e-04
4.696541770107563263e-04
4.946305163000248948e-04
4.606932992875004108e-04
4.954615829631828184e-04
3.867062645284971502e-04
4.488024380818819584e-04
