2.936702905953949880e+02
2.971156167132465953e+02
2.983212144085739510e+02
2.991689919070055907e+02
2.997242572361662383e+02
2.999177021521697952e+02
2.996815863209926079e+02
2.990418302939354476e+02
2.978998398977601028e+02
2.963064568380278274e+02
2.941421200479205140e+02
2.915206239025971513e+02
2.883564029458354412e+02
2.847158986854086038e+02
2.805639545824617471e+02
2.760160961403363444e+02
2.710668662918068890e+02
2.658005077512111143e+02
2.602478324737709272e+02
2.545140797148521301e+02
2.485956959619604447e+02
2.425451580491463801e+02
2.364597324553646160e+02
2.303688005298775465e+02
2.242895285358208923e+02
2.182619761140076662e+02
2.123296412556596806e+02
2.065001871038218439e+02
2.008441645086154779e+02
1.953670373566345120e+02
1.900350768547535552e+02
1.848991362539170495e+02
1.799357318325752999e+02
1.751782190243437469e+02
1.706478562495778704e+02
1.662789314527775275e+02
1.621323503705640690e+02
1.581760087230902627e+02
1.544605480752341293e+02
1.509660972066778015e+02
1.476813007233679684e+02
1.446264069897341358e+02
1.417798522467243174e+02
1.391632666460807286e+02
1.367719865277158533e+02
1.346351264194016153e+02
1.327737605370988376e+02
1.311444227350693552e+02
1.297603170870118845e+02
1.286555964100160452e+02
1.278361445578807860e+02
1.272737810281118129e+02
1.269736773378779731e+02
1.269705488609316433e+02
1.272422167739184147e+02
1.278280075046909445e+02
1.287002623535162513e+02
1.298752268535544658e+02
1.314075084660596531e+02
1.332920351312391745e+02
1.354286431447685572e+02
1.378360092264113348e+02
1.405939850402534432e+02
1.437630496427207163e+02
1.473898812127392546e+02
1.515982261560152722e+02
1.564681158616321852e+02
1.621837072859127318e+02
1.690089241229402717e+02
1.772808035719196198e+02
1.875166500738889397e+02
2.008096795026394261e+02
2.192777211049258028e+02
2.457864869260050114e+02
2.806712103922815800e+02
3.117912067992272682e+02
3.105407690321927703e+02
2.554282036857406126e+02
1.633236031298558544e+02
7.837030830259405434e+01
2.767427382272706637e+01
7.112447232283282794e+00
1.332741446347106562e+00
1.832893281864730328e-01
2.186106099264539110e-02
4.766795688823165927e-03
3.351729861863593420e-03
3.084072265738310465e-03
3.132435239773873753e-03
3.023221865354017591e-03
2.495610528612730514e-03
2.145906400002349761e-03
2.151474399075586821e-03
2.325418148136550005e-03
2.152426228040975244e-03
2.189949068515765172e-03
2.061313730749421858e-03
2.014322249718886876e-03
1.960420612652064541e-03
1.674522202765194728e-03
1.797388263585261280e-03
1.644305238941439970e-03
1.586217960549876410e-03
1.494828740631328964e-03
1.662931048965427070e-03
1.505529684648126412e-03
1.415895234602153156e-03
1.224261784440407739e-03
1.282816577061862261e-03
1.339820662469369972e-03
1.085569322108903339e-03
1.018731217722270918e-03
1.013486768613738919e-03
1.128025444773001363e-03
1.200521250565052614e-03
9.821914453292611945e-04
9.914292329010363988e-04
8.836605675479146773e-04
9.261806095994894574e-04
6.926327047228891939e-04
8.057886443156478092e-04
9.240898823480055407e-04
7.100548892937726293e-04
7.961036037569188539e-04
7.739146380360888101e-04
6.225874122255435975e-04
8.336346871173681925e-04
6.498262331724215246e-04
6.623479420557577086e-04
6.770769546230255738e-04
6.747035276795900404e-04
5.444619192043877263e-04
6.815765708426409870e-04
7.016053932319676065e-04
6.640062041162067639e-04
5.760453614853806555e-04
6.734985556137223703e-04
5.224920641758440528e-04
7.590506047542958405e-04
7.135674239026689554e-04
4.650663381351514253e-04
5.022155787169071614e-04
4.338641692356238382e-04
4.502001075744227238e-04
4.119319894131513271e-04
4.342664522241463602e-04
4.622869137936313241e-04
4.816686471536127455e-04
4.855825108066887498e-04
3.710876332846255112e-04
