5.055604439975871500e-01
5.058855009453553375e-01
5.062342575763675301e-01
5.067674396150446681e-01
5.077005894847200773e-01
5.088634854759928050e-01
5.103277897227969095e-01
5.122661042251390739e-01
5.142780285498214088e-01
5.170577084469120122e-01
5.198367528264771220e-01
5.233370799332152101e-01
5.272525236719250996e-01
5.314887049382576167e-01
5.361868537937531931e-01
5.411985849765026391e-01
5.467869182221309909e-01
5.528499674801019559e-01
5.591839219422218843e-01
5.657422236005308358e-01
5.723434990419636881e-01
5.797773918752251454e-01
5.871121064463903361e-01
5.945394085576936050e-01
6.020288183709635588e-01
6.097822693156111917e-01
6.175489269216440924e-01
6.248800792005614335e-01
6.322119188422059555e-01
6.394593573056835956e-01
6.456881598380243004e-01
6.521199598748405046e-01
6.575468061964198085e-01
6.630842228030914276e-01
6.679282932796197780e-01
6.726794715796606816e-01
6.764024769688320449e-01
6.805981365484499168e-01
6.838894683894041204e-01
6.865788186516920133e-01
6.883217681745774641e-01
6.900871623933433341e-01
6.924616396281809694e-01
6.940997359754983442e-01
6.951894838541010646e-01
6.968198188929786152e-01
6.977131106687728401e-01
6.978138058148014577e-01
6.979860258635083303e-01
6.975552797722746057e-01
7.009290938797385628e-01
6.987142571282336512e-01
6.999840951064003614e-01
7.028173258144749802e-01
7.075275288770676019e-01
7.110893673734773879e-01
7.227576658838059664e-01
7.274164551531158152e-01
7.359103955831198807e-01
7.402902657730018321e-01
7.531313260598654358e-01
7.653621864922290907e-01
8.116259039205030446e-01
8.534957182870791526e-01
8.916598175994849829e-01
9.555193185330840278e-01
1.045704155712389838e+00
1.136593782737892022e+00
1.357560686775106218e+00
1.625671763336251852e+00
2.492104307962933696e+00
2.913924243167422379e+00
0.000000000000000000e+00
0.000000000000000000e+00
0.000000000000000000e+00
0.000000000000000000e+00
0.000000000000000000e+00
0.000000000000000000e+00
0.000000000000000000e+00
0.000000000000000000e+00
0.000000000000000000e+00
0.000000000000000000e+00
0.000000000000000000e+00
0.000000000000000000e+00
0.000000000000000000e+00
0.000000000000000000e+00
0.000000000000000000e+00
0.000000000000000000e+00
0.000000000000000000e+00
0.000000000000000000e+00
0.000000000000000000e+00
0.000000000000000000e+00
0.000000000000000000e+00
0.000000000000000000e+00
0.000000000000000000e+00
0.000000000000000000e+00
0.000000000000000000e+00
0.000000000000000000e+00
3.791315753265160016e+00
2.639690757209328442e+00
3.668767633940503536e+00
2.740911771542509534e+00
4.293512258336416032e+00
2.923940040817847752e+00
3.252791970161674318e+00
2.976819133724336819e+00
3.113794285284061214e+00
2.685614575647079949e+00
4.050916125361402997e+00
0.000000000000000000e+00
0.000000000000000000e+00
0.000000000000000000e+00
0.000000000000000000e+00
3.373548475258222989e+00
3.490704224338780914e+00
3.560282365463701471e+00
3.455276446419353054e+00
2.732280791316708868e+00
0.000000000000000000e+00
0.000000000000000000e+00
0.000000000000000000e+00
0.000000000000000000e+00
3.488754262493805491e+00
2.903558262689393210e+00
0.000000000000000000e+00
4.100809392281655086e+00
0.000000000000000000e+00
0.000000000000000000e+00
0.000000000000000000e+00
0.000000000000000000e+00
4.068367082530842893e+00
4.162868952928784338e+00
0.000000000000000000e+00
0.000000000000000000e+00
0.000000000000000000e+00
5.226773021408776643e+00
3.527301400478332294e+00
3.822990475191418991e+00
2.764942575313347639e+00
2.635003205421925010e+00
2.542482790670245851e+00
3.934829980190400089e+00
0.000000000000000000e+00
0.000000000000000000e+00
0.000000000000000000e+00
0.000000000000000000e+00
3.898415306071258080e+00
0.000000000000000000e+00
0.000000000000000000e+00
3.137001234603998157e+00
3.552330888147542165e+00
0.000000000000000000e+00
0.000000000000000000e+00
0.000000000000000000e+00
3.031901102823958638e+00
0.000000000000000000e+00
0.000000000000000000e+00
3.382497678339071001e+00
6.731350245260908416e+00
0.000000000000000000e+00
6.850618680698479679e+00
6.911106505160327984e+00
0.000000000000000000e+00
3.391094110341435819e+00
7.096856818647881759e+00
7.159053272672258217e+00
7.222264409055751955e+00
7.285071046184079080e+00
7.351012623176235827e+00
7.416764788054765134e+00
7.484233239257688908e+00
7.551590475970242800e+00
7.618876043560550926e+00
7.686280599063052499e+00
7.755278624577919722e+00
7.823208417011580984e+00
7.896809118922531567e+00
7.966952489448139829e+00
8.039968463310675162e+00
8.124726785991054356e+00
8.200476964041294892e+00
8.275706366123181112e+00
8.348451660506015060e+00
8.424019412387902861e+00
8.500196971411014601e+00
8.579100069748832880e+00
8.657074594441448667e+00
8.737796273250673096e+00
8.818199993417065841e+00
8.904093685051259754e+00
8.990230016376115074e+00
9.076394574395131087e+00
9.167552986580011165e+00
9.257639550224526559e+00
9.350491523183066533e+00
9.442584308707649754e+00
9.540173611282254384e+00
9.635450244753982929e+00
9.723272447786808215e+00
9.810430953455856695e+00
9.888231148079521304e+00
9.960677223836531979e+00
1.002186252251252796e+01
1.007587240860472733e+01
1.012124505659306450e+01
1.017239274432024665e+01
1.020055118508582837e+01
