5.072747004408951765e-01
5.076137590683925671e-01
5.079814794124872801e-01
5.085451215149775495e-01
5.095027579073764246e-01
5.107060070413665942e-01
5.122145511838667176e-01
5.142319297632017561e-01
5.163409275749571981e-01
5.192311611099101887e-01
5.221496921968495908e-01
5.258389200517539219e-01
5.299601226246676289e-01
5.344221221588286719e-01
5.394038656051574065e-01
5.447723940994283476e-01
5.506957117204595020e-01
5.572349500713865700e-01
5.640884763898824650e-01
5.712537363873070317e-01
5.785280657166207430e-01
5.867615674085085997e-01
5.949693403672311476e-01
6.033998159222463409e-01
6.119700091954639598e-01
6.209277348785188222e-01
6.299069123787612856e-01
6.386471120259469281e-01
6.474323406205788611e-01
6.561722253375094072e-01
6.640113522915763733e-01
6.720702097352219129e-01
6.791859525633453520e-01
6.862576466028122990e-01
6.927162863368730994e-01
6.990132559900312792e-01
7.041955046355239389e-01
7.095006743000445981e-01
7.140126457967360674e-01
7.180080111543635235e-01
7.209297920929301773e-01
7.235160335279858801e-01
7.268371885997949589e-01
7.293821888526967889e-01
7.310429207151218911e-01
7.328298653699937271e-01
7.342053666341420426e-01
7.342603375091573126e-01
7.347040706024353662e-01
7.348800008636935388e-01
7.379382387523772957e-01
7.358086354956037134e-01
7.372167420201500843e-01
7.380267056634189915e-01
7.407406329323515948e-01
7.446332015124769166e-01
7.541973346316466209e-01
7.567824379667211776e-01
7.639800997595076471e-01
7.660088859953957385e-01
7.722498304870878405e-01
7.743451274190717992e-01
8.043934774076748617e-01
8.313163992737909735e-01
8.535160558861006885e-01
8.859443772353583491e-01
9.211390639781311673e-01
9.853842448204978011e-01
1.069058804036078891e+00
1.199611910423603378e+00
1.509775678298276080e+00
1.586481882536011412e+00
2.135782917165838235e+00
2.482725566075974388e+00
0.000000000000000000e+00
0.000000000000000000e+00
0.000000000000000000e+00
0.000000000000000000e+00
0.000000000000000000e+00
0.000000000000000000e+00
0.000000000000000000e+00
0.000000000000000000e+00
0.000000000000000000e+00
0.000000000000000000e+00
0.000000000000000000e+00
0.000000000000000000e+00
0.000000000000000000e+00
0.000000000000000000e+00
0.000000000000000000e+00
0.000000000000000000e+00
0.000000000000000000e+00
0.000000000000000000e+00
0.000000000000000000e+00
0.000000000000000000e+00
0.000000000000000000e+00
0.000000000000000000e+00
4.131592843019100236e+00
4.086031475644000821e+00
3.732725307186045338e+00
2.537084594722791575e+00
3.145188439333167718e+00
2.426164126851154901e+00
4.409706745701229558e+00
2.880267657190768826e+00
3.313128006751969945e+00
3.105155387279291634e+00
2.972814275022144681e+00
2.510516065199530189e+00
3.841171416010486617e+00
0.000000000000000000e+00
0.000000000000000000e+00
0.000000000000000000e+00
0.000000000000000000e+00
3.280894688146085869e+00
4.307490928502152983e+00
3.693652923433332180e+00
3.590020074813693896e+00
2.937668145821847432e+00
0.000000000000000000e+00
0.000000000000000000e+00
0.000000000000000000e+00
0.000000000000000000e+00
3.227160236569980079e+00
2.959010752421513235e+00
0.000000000000000000e+00
4.075862584092181606e+00
0.000000000000000000e+00
0.000000000000000000e+00
0.000000000000000000e+00
0.000000000000000000e+00
4.072617893146962764e+00
4.177552280832064646e+00
0.000000000000000000e+00
0.000000000000000000e+00
0.000000000000000000e+00
0.000000000000000000e+00
0.000000000000000000e+00
0.000000000000000000e+00
2.787022116128225147e+00
2.922407970798546639e+00
3.020254910191840114e+00
0.000000000000000000e+00
0.000000000000000000e+00
0.000000000000000000e+00
0.000000000000000000e+00
0.000000000000000000e+00
2.756412602899385167e+00
0.000000000000000000e+00
0.000000000000000000e+00
3.677117410005978471e+00
3.719360867698091155e+00
0.000000000000000000e+00
0.000000000000000000e+00
0.000000000000000000e+00
3.213510265747478112e+00
0.000000000000000000e+00
0.000000000000000000e+00
4.506653913651570420e+00
6.777218306554401828e+00
6.837424480719897169e+00
6.895625776049317146e+00
6.955695496747127393e+00
7.017658426850488240e+00
7.080172603477389082e+00
7.140236172407403714e+00
7.202030674534600330e+00
7.264849190504733656e+00
7.327301886858985647e+00
7.392867125832744968e+00
7.458258878497126432e+00
7.525355519304874008e+00
7.592342516767304872e+00
7.659301586153026697e+00
7.726381125899331792e+00
7.795072976877054138e+00
7.862684916386467826e+00
7.935914818047118402e+00
8.005588121459085826e+00
8.074287609968207491e+00
8.147987294073688602e+00
8.228457722160934296e+00
8.317153935583426971e+00
8.389590252243712243e+00
8.464842881522148588e+00
8.540757070601721068e+00
8.619432649086002485e+00
8.697104680251376507e+00
8.777573527950893961e+00
8.857777548813073665e+00
8.943434047227205141e+00
9.029182803532318502e+00
9.115150300971469832e+00
9.206159357983285219e+00
9.296089208536459481e+00
9.388763535631809987e+00
9.480637543162490743e+00
9.578078227086983532e+00
9.673040429738987811e+00
9.760783353933280893e+00
9.847660230787539604e+00
9.925299903577155192e+00
9.997242649531296266e+00
1.005836365263522936e+01
1.011224078186610065e+01
1.015726716175655042e+01
1.020784454737327529e+01
1.023581870322998810e+01
