5.056558126636124806e-01
5.059916144167461161e-01
5.064174996786676708e-01
5.069689570511766163e-01
5.078719211979967341e-01
5.092931976157586416e-01
5.107040145983201551e-01
5.127916771817649932e-01
5.148346176789633244e-01
5.178016127473874519e-01
5.208679084883404142e-01
5.245153047427337789e-01
5.284556586609987505e-01
5.329908008139594422e-01
5.379262001308067198e-01
5.433497670637239541e-01
5.494054009597586496e-01
5.558548932217155514e-01
5.627373763439895704e-01
5.699440151991562731e-01
5.772697346459640944e-01
5.855144046900959687e-01
5.940283127171301913e-01
6.024637775612410318e-01
6.110884075060714071e-01
6.201701215681622026e-01
6.290847807262374136e-01
6.382023609684741583e-01
6.475656643639312593e-01
6.561073549609010014e-01
6.640960089172727177e-01
6.722150470151269097e-01
6.795495502260907594e-01
6.871234764562991204e-01
6.941201703818289381e-01
7.003767285013015043e-01
7.055908118500087145e-01
7.110746489010403293e-01
7.161257788938085733e-01
7.215019691980488759e-01
7.224905420550119528e-01
7.245767598866069692e-01
7.289530465306738316e-01
7.314345701732337668e-01
7.316460017314351250e-01
7.340402649300070692e-01
7.373008830567722161e-01
7.381672527388792870e-01
7.382741778605834693e-01
7.387953554642956444e-01
7.396802666523709657e-01
7.397539532999164447e-01
7.403602225428524974e-01
7.396005078966984003e-01
7.425815385346730135e-01
7.374384580955344326e-01
7.462929972922953681e-01
7.629057002922197128e-01
7.617792859995111687e-01
7.777152833904582563e-01
7.707225817326271988e-01
7.811546729043123971e-01
8.095419051958039347e-01
8.407590046467031675e-01
8.787890877878788976e-01
8.941665927064244013e-01
9.488674638569895015e-01
1.060788250029701896e+00
1.107763003455914497e+00
1.144078429872075420e+00
3.644346308754891517e+00
1.378994753693767894e+00
1.682591023886784720e+00
1.803649526520632040e+00
2.716982883129860138e+00
2.580827709420689509e+00
0.000000000000000000e+00
0.000000000000000000e+00
0.000000000000000000e+00
0.000000000000000000e+00
2.937361587202310886e+00
0.000000000000000000e+00
0.000000000000000000e+00
0.000000000000000000e+00
0.000000000000000000e+00
0.000000000000000000e+00
0.000000000000000000e+00
3.893146683424261401e+00
3.912410124937796940e+00
0.000000000000000000e+00
0.000000000000000000e+00
0.000000000000000000e+00
0.000000000000000000e+00
0.000000000000000000e+00
2.349458598526333208e+00
0.000000000000000000e+00
0.000000000000000000e+00
2.630034181912245472e+00
0.000000000000000000e+00
4.229071136610021320e+00
0.000000000000000000e+00
0.000000000000000000e+00
0.000000000000000000e+00
2.574931084394225245e+00
1.989061325036042271e+00
2.208315356212377178e+00
0.000000000000000000e+00
0.000000000000000000e+00
0.000000000000000000e+00
0.000000000000000000e+00
0.000000000000000000e+00
0.000000000000000000e+00
0.000000000000000000e+00
0.000000000000000000e+00
0.000000000000000000e+00
0.000000000000000000e+00
0.000000000000000000e+00
0.000000000000000000e+00
0.000000000000000000e+00
2.720462003414874985e+00
2.710388456034729554e+00
3.747519921786598651e+00
0.000000000000000000e+00
0.000000000000000000e+00
0.000000000000000000e+00
2.410558934254395158e+00
2.323212315000701356e+00
2.465987848587205100e+00
1.968109481236052671e+00
2.757577682681523257e+00
2.936435725140944086e+00
2.174264278150392471e+00
0.000000000000000000e+00
0.000000000000000000e+00
5.443793038098819537e+00
3.519540165300016010e+00
2.071161957206518078e+00
1.619746867782847932e+00
2.275343832491542262e+00
2.018469761649694494e+00
5.728873047535709695e+00
0.000000000000000000e+00
2.104595003570315814e+00
5.875667593012606105e+00
2.861109346712086055e+00
