5.074484414926675457e-01
5.076607593461757162e-01
5.081985232400599850e-01
5.087838797212062003e-01
5.096377168778998268e-01
5.106983776594575808e-01
5.120595546400834586e-01
5.138542074972110019e-01
5.158927115111305861e-01
5.182815721248831276e-01
5.210110423069321817e-01
5.243503263736657427e-01
5.280133227371784921e-01
5.320043509279875904e-01
5.366559993905342107e-01
5.415443943026768681e-01
5.471052341159349242e-01
5.528733106207686099e-01
5.594449457735657383e-01
5.664313858272187474e-01
5.736808345480647331e-01
5.815770067956785860e-01
5.897596741800660292e-01
5.987150973446725422e-01
6.077633328060653151e-01
6.172610920257931566e-01
6.271292278957584232e-01
6.373800518178174279e-01
6.479761717724145109e-01
6.588975950990276775e-01
6.696118207970623848e-01
6.807843744010375620e-01
6.919163060667555820e-01
7.031838009650344112e-01
7.142652057801744947e-01
7.251916234598845268e-01
7.360898574605141409e-01
4.112590778384277890e+00
4.113919118567199718e+00
7.673308678315059472e-01
7.759931079520723252e-01
7.858952744510271371e-01
4.119849176365468324e+00
8.024398232678343623e-01
8.092606845493245382e-01
8.170683751966718589e-01
8.227725755372772287e-01
8.293093052616019589e-01
8.334141898759396261e-01
4.133252418432983966e+00
8.447078953433594384e-01
8.468540665947366097e-01
8.509339554520546356e-01
8.529261458772402493e-01
8.526384802039307376e-01
8.550566248223049337e-01
8.568300721591014524e-01
8.606355407577885863e-01
8.604514212344159807e-01
8.591137760484945929e-01
8.608696802483180033e-01
8.605235739812490126e-01
8.636462354170525435e-01
8.652340730508796263e-01
8.632948710096597367e-01
8.664413594336358715e-01
8.658954357873979157e-01
4.196977374768446012e+00
8.686576690852266802e-01
8.686802144000900228e-01
8.794299226352562115e-01
8.736415575407621148e-01
8.638544863186592426e-01
8.784776939833155440e-01
8.863722120486445810e-01
9.353523492059385713e-01
9.541041219774266668e-01
9.473110651203846544e-01
9.953756507060800285e-01
1.060871713159434515e+00
1.071844829665369314e+00
1.113365352219890081e+00
1.163168155700223139e+00
1.327162564059280125e+00
1.253721313700206785e+00
1.534337360106858617e+00
4.338873322819092770e+00
4.349268955575543494e+00
4.360392985795121135e+00
0.000000000000000000e+00
0.000000000000000000e+00
4.395461656702227771e+00
4.407285257480190843e+00
0.000000000000000000e+00
0.000000000000000000e+00
4.446791116225779383e+00
4.460543429833251139e+00
0.000000000000000000e+00
0.000000000000000000e+00
0.000000000000000000e+00
4.520802310995803985e+00
4.536773051339256568e+00
0.000000000000000000e+00
4.570341395511801075e+00
0.000000000000000000e+00
4.605474673820174836e+00
0.000000000000000000e+00
0.000000000000000000e+00
0.000000000000000000e+00
4.681993550262426140e+00
0.000000000000000000e+00
5.218247030952050558e+00
0.000000000000000000e+00
0.000000000000000000e+00
0.000000000000000000e+00
0.000000000000000000e+00
0.000000000000000000e+00
0.000000000000000000e+00
0.000000000000000000e+00
0.000000000000000000e+00
0.000000000000000000e+00
0.000000000000000000e+00
0.000000000000000000e+00
0.000000000000000000e+00
0.000000000000000000e+00
5.063231275715848412e+00
0.000000000000000000e+00
5.342197772089768648e+00
0.000000000000000000e+00
0.000000000000000000e+00
0.000000000000000000e+00
3.364772499772544112e+00
0.000000000000000000e+00
3.786895952601913251e+00
2.818471542846814781e+00
4.402158133614898716e+00
0.000000000000000000e+00
0.000000000000000000e+00
0.000000000000000000e+00
2.781514583663306617e+00
2.259600318915503170e+00
