5.002865515805620111e-01
5.006322623423329343e-01
5.008660178410201391e-01
5.013854062268162659e-01
5.021629373341788272e-01
5.032686040336589173e-01
5.045736923121232342e-01
5.063144892803294050e-01
5.080224402924574667e-01
5.105845916420247432e-01
5.128762573180439821e-01
5.160734668922537516e-01
5.193772889348547972e-01
5.229946624625511076e-01
5.269554457830939453e-01
5.310193344813550764e-01
5.357870060351147545e-01
5.407381798684938179e-01
5.458652118572465683e-01
5.510267656256191415e-01
5.560807063774785286e-01
5.618539184968409650e-01
5.673474381566064872e-01
5.726471523013917375e-01
5.778542576110518025e-01
5.831388372083451399e-01
5.885141138767233659e-01
5.929618642953830010e-01
5.980248037438276043e-01
6.024381074375094736e-01
6.053612231201128679e-01
6.096028919762498388e-01
6.119671659596090940e-01
6.152389103991954267e-01
6.175373272103382716e-01
6.203589353372904736e-01
6.214147261093116992e-01
6.242389177052691807e-01
6.251815721529457859e-01
6.260864573369738784e-01
6.254488039833032698e-01
6.253332715761004135e-01
6.271917984398893697e-01
6.279915313617948636e-01
6.292304970151978427e-01
6.326044206387738678e-01
6.314675374259184348e-01
6.349605954638821714e-01
6.358001884464971054e-01
6.328739559262598346e-01
6.379161504032252461e-01
6.391253544074739779e-01
6.421003337999864335e-01
6.545078979647138695e-01
2.899363201827911407e-01
6.811665347515691860e-01
7.036909969323316139e-01
7.428730407395689461e-01
7.778779988246818933e-01
8.340380637955374654e-01
8.958589918176491640e-01
9.513768148072633268e-01
1.192970686309823058e+00
1.395138743955197880e+00
1.530532426310056593e+00
2.160245246921510098e+00
0.000000000000000000e+00
0.000000000000000000e+00
0.000000000000000000e+00
0.000000000000000000e+00
0.000000000000000000e+00
0.000000000000000000e+00
0.000000000000000000e+00
0.000000000000000000e+00
0.000000000000000000e+00
0.000000000000000000e+00
0.000000000000000000e+00
0.000000000000000000e+00
0.000000000000000000e+00
0.000000000000000000e+00
0.000000000000000000e+00
0.000000000000000000e+00
0.000000000000000000e+00
0.000000000000000000e+00
0.000000000000000000e+00
0.000000000000000000e+00
0.000000000000000000e+00
0.000000000000000000e+00
0.000000000000000000e+00
0.000000000000000000e+00
0.000000000000000000e+00
0.000000000000000000e+00
2.800943561911774626e+00
3.465962387863892324e+00
0.000000000000000000e+00
0.000000000000000000e+00
4.146319015733431534e+00
0.000000000000000000e+00
2.781247639378624736e+00
2.558850480154045481e+00
0.000000000000000000e+00
0.000000000000000000e+00
0.000000000000000000e+00
0.000000000000000000e+00
2.952723804588786027e+00
3.046085594682384823e+00
0.000000000000000000e+00
0.000000000000000000e+00
3.312751686684769048e+00
4.053104118779994103e+00
0.000000000000000000e+00
0.000000000000000000e+00
0.000000000000000000e+00
2.886811432459330806e+00
2.407522046192185794e+00
0.000000000000000000e+00
0.000000000000000000e+00
3.067259545606535465e+00
0.000000000000000000e+00
0.000000000000000000e+00
0.000000000000000000e+00
0.000000000000000000e+00
0.000000000000000000e+00
0.000000000000000000e+00
0.000000000000000000e+00
0.000000000000000000e+00
0.000000000000000000e+00
0.000000000000000000e+00
0.000000000000000000e+00
0.000000000000000000e+00
0.000000000000000000e+00
0.000000000000000000e+00
0.000000000000000000e+00
2.996185460634428033e+00
2.933328172874587914e+00
2.406889152326384895e+00
1.832467368479549608e+00
1.591822639613950319e+00
1.603866794015825104e+00
1.515634622954444621e+00
2.136272651934701727e+00
2.757610298315226860e+00
0.000000000000000000e+00
0.000000000000000000e+00
0.000000000000000000e+00
0.000000000000000000e+00
0.000000000000000000e+00
0.000000000000000000e+00
0.000000000000000000e+00
0.000000000000000000e+00
0.000000000000000000e+00
0.000000000000000000e+00
0.000000000000000000e+00
0.000000000000000000e+00
0.000000000000000000e+00
0.000000000000000000e+00
0.000000000000000000e+00
0.000000000000000000e+00
2.972764015139369054e+00
1.476749493031512150e+00
0.000000000000000000e+00
2.112999785667646346e+00
3.068001889932194359e+00
2.994969659807685147e+00
1.955165035117302219e+00
1.604335563673879639e+00
0.000000000000000000e+00
0.000000000000000000e+00
0.000000000000000000e+00
0.000000000000000000e+00
7.371169530907613954e+00
7.439424377132368704e+00
7.507648868252868368e+00
7.575905095486410445e+00
7.645780651555383223e+00
7.714605692056724529e+00
7.792207227062957209e+00
7.871040891277588436e+00
7.940472342609807832e+00
8.014838013632155977e+00
8.091488974733094253e+00
8.167502354199241310e+00
8.240848884852869816e+00
8.317070518288376846e+00
8.394011386791548901e+00
8.473381152913603387e+00
8.551974798491725593e+00
8.633309329275256516e+00
8.714289258895030699e+00
8.800668760957343295e+00
8.887342265942015374e+00
8.973886848992517429e+00
9.065561608628076584e+00
9.156060518502828316e+00
9.249135020404191110e+00
9.341255922070615725e+00
9.439410049355794641e+00
9.534923078582375311e+00
9.623028819646469501e+00
9.710738832162972400e+00
9.789076048313173573e+00
9.862013048369396628e+00
9.924281546838578549e+00
9.978937113990948404e+00
1.002455683109289630e+01
1.007664200766406104e+01
1.010522230908030750e+01
