5.097300902589516625e-01
5.101006572088603308e-01
5.105419659071348537e-01
5.111402712977323182e-01
5.121318698750785270e-01
5.134162589524650100e-01
5.150070720533973523e-01
5.170893388323521966e-01
5.193701951141442841e-01
5.223726501901430064e-01
5.255631855507253425e-01
5.294747830686357126e-01
5.338303517477679394e-01
5.387305303202235551e-01
5.441289415619224856e-01
5.501000677880404366e-01
5.567202650264894137e-01
5.640327846824398916e-01
5.718414193146281743e-01
5.802743746384700918e-01
5.891038003882416163e-01
5.988326667467753772e-01
6.090704384554672668e-01
6.199819099722687632e-01
6.312370680042829196e-01
6.434260824454592909e-01
6.560075577232764577e-01
6.690921474399089686e-01
6.826180199860193420e-01
6.966925856032197828e-01
7.110391548646413096e-01
7.257752708546387765e-01
7.407293652017291619e-01
7.558685872702972652e-01
7.709628431774314672e-01
7.862968455874519424e-01
8.016169286610436151e-01
8.168863771106230631e-01
8.319472604877441446e-01
8.465484734396356847e-01
8.610350112828056846e-01
8.744989973774696113e-01
8.877916034814081758e-01
9.002573751402250801e-01
9.117191783704926555e-01
9.230425508410364799e-01
9.340685215535697861e-01
9.426626391472803235e-01
9.512202968491875188e-01
9.599251254728438099e-01
9.674506125693735914e-01
9.726625162588287132e-01
9.781515142995703682e-01
9.827483132187568859e-01
9.878598374282040462e-01
9.917996067898701140e-01
9.944985632371505790e-01
9.973607134371149652e-01
1.000606360727608779e+00
1.004332261419244254e+00
1.004765352172230841e+00
1.005605725931205230e+00
1.008037956879658692e+00
1.007800285076283053e+00
1.009768813064665149e+00
1.009267848411011803e+00
1.011656121685972964e+00
1.014069889578805395e+00
1.009812192825031207e+00
1.009815153119214326e+00
1.017636353579948860e+00
1.024591463924990231e+00
1.018776423568433120e+00
1.038216323159244503e+00
1.031373627623967781e+00
1.032404060566544546e+00
1.054867739170285423e+00
1.083145543588732718e+00
1.103508926403981238e+00
1.113666893665684610e+00
1.156473689634133217e+00
1.179482703062181059e+00
1.239782182159216761e+00
1.293375103062899267e+00
1.390087629049550966e+00
1.532733582498738922e+00
1.652072741702517833e+00
1.939480841105919895e+00
2.228867429865848404e+00
2.599834018168538652e+00
2.997217133447357629e+00
0.000000000000000000e+00
0.000000000000000000e+00
0.000000000000000000e+00
0.000000000000000000e+00
0.000000000000000000e+00
0.000000000000000000e+00
0.000000000000000000e+00
0.000000000000000000e+00
0.000000000000000000e+00
0.000000000000000000e+00
0.000000000000000000e+00
0.000000000000000000e+00
0.000000000000000000e+00
0.000000000000000000e+00
0.000000000000000000e+00
0.000000000000000000e+00
0.000000000000000000e+00
0.000000000000000000e+00
0.000000000000000000e+00
0.000000000000000000e+00
0.000000000000000000e+00
0.000000000000000000e+00
0.000000000000000000e+00
0.000000000000000000e+00
0.000000000000000000e+00
0.000000000000000000e+00
0.000000000000000000e+00
5.624362536030814042e+00
0.000000000000000000e+00
0.000000000000000000e+00
0.000000000000000000e+00
5.606594732006318971e+00
4.879319976506658385e+00
0.000000000000000000e+00
0.000000000000000000e+00
3.790510930902495801e+00
6.154744559057674813e+00
5.952184690137045209e+00
0.000000000000000000e+00
0.000000000000000000e+00
0.000000000000000000e+00
5.541336582361449992e+00
0.000000000000000000e+00
0.000000000000000000e+00
0.000000000000000000e+00
5.353008611022680441e+00
6.361612129236410951e+00
0.000000000000000000e+00
6.444107259923022468e+00
6.487034034534708837e+00
6.529892039963598904e+00
6.573220333348293032e+00
6.617676743753868607e+00
6.662213175149450883e+00
6.707551700081543444e+00
6.753444980821435628e+00
6.799758941786283373e+00
6.846321320159777457e+00
6.893995174459286446e+00
6.942954633003326492e+00
6.992259925659856101e+00
7.041146287483072364e+00
7.091141003771002538e+00
7.141671649301859048e+00
7.193007060419359000e+00
7.245401854397095498e+00
7.297738126151585014e+00
7.351332123587563494e+00
7.405820257589362576e+00
7.458873166319498260e+00
7.513728120932322341e+00
7.570361877270160633e+00
7.627679511676499047e+00
7.683010610904218218e+00
7.739691501027434306e+00
7.797712525757817481e+00
7.855672879034994338e+00
7.916192999644385608e+00
7.976838253315990279e+00
8.039075382204655895e+00
8.101449667172582636e+00
8.163935293910002500e+00
8.226705063737194124e+00
8.291119023361483542e+00
8.354569564490949674e+00
8.423234309578038648e+00
8.488926983746397426e+00
8.553869937915923316e+00
8.623339133310796711e+00
8.694828143449708335e+00
8.765749626977243025e+00
8.835031814866983524e+00
8.906857556377088869e+00
8.980138686544421489e+00
9.066726133026410395e+00
9.179650339972724282e+00
9.255856052725286887e+00
9.332424847524816158e+00
9.413922908053846683e+00
9.495433995657668547e+00
9.577837751434678637e+00
9.664834177619100686e+00
9.751138488979234964e+00
9.840014827628468908e+00
9.928319139854774988e+00
1.002143487882231732e+01
1.011221766443781611e+01
1.019647711688430469e+01
1.027852792525541936e+01
1.035152311920470325e+01
1.041968530936617476e+01
1.047637551399214573e+01
1.052726248969759126e+01
1.056812986764469109e+01
1.061409060372314528e+01
1.064017048805654220e+01
