4.929949077403797952e-01
4.930610147067168159e-01
4.935176987793979952e-01
4.941055109909130438e-01
4.948858601807767377e-01
4.959319952587398772e-01
4.971451895097638296e-01
4.990638083889644694e-01
5.009728085897977579e-01
5.033388525977564587e-01
5.059744157059157255e-01
5.090318365514184817e-01
5.125118747986002754e-01
5.159320999154548559e-01
5.200311431115239857e-01
5.242419432426429493e-01
5.287198245578256239e-01
5.334604789504536759e-01
5.379293102547637595e-01
5.426360143389379331e-01
5.475351224747831980e-01
5.518650846096876394e-01
5.567999316476763827e-01
5.609366312378415431e-01
5.649802050387003893e-01
5.688332585401396635e-01
5.719618690327694654e-01
5.747271109185028148e-01
5.774791538780320588e-01
5.802113023244390710e-01
5.826108790319778352e-01
5.842450288628071586e-01
5.859502830505078919e-01
5.867478855249665948e-01
5.885202898668401295e-01
5.893166854978481028e-01
5.901470325782273152e-01
5.922249795632010816e-01
5.932957007035155605e-01
5.932814073199030869e-01
5.962384613423877822e-01
5.953077769870261937e-01
5.965561377873420668e-01
5.999372214650582347e-01
6.018990120578082692e-01
6.079912266101523688e-01
6.134102178356632962e-01
6.261483660781395066e-01
6.445352115128195614e-01
6.480897169519012069e-01
6.773148890732765270e-01
7.131646359996058893e-01
7.901561912568457746e-01
8.526731288910895934e-01
1.084830969568359116e+00
1.294458306647565227e+00
1.370124952109117222e+00
1.980870622583759122e+00
2.288195010435088772e+00
0.000000000000000000e+00
0.000000000000000000e+00
0.000000000000000000e+00
0.000000000000000000e+00
0.000000000000000000e+00
0.000000000000000000e+00
0.000000000000000000e+00
0.000000000000000000e+00
0.000000000000000000e+00
0.000000000000000000e+00
0.000000000000000000e+00
0.000000000000000000e+00
0.000000000000000000e+00
0.000000000000000000e+00
0.000000000000000000e+00
0.000000000000000000e+00
0.000000000000000000e+00
0.000000000000000000e+00
0.000000000000000000e+00
0.000000000000000000e+00
3.409277024330720884e+00
0.000000000000000000e+00
3.632980723165808445e+00
2.282597177141084899e+00
2.347742450672225090e+00
2.941298072867726265e+00
2.977936701140544429e+00
4.167201654811539591e+00
0.000000000000000000e+00
3.499169146320173063e+00
2.613979577440356916e+00
2.349767819751539033e+00
2.450779377807076553e+00
2.631794149413611894e+00
2.423681576290899198e+00
2.923628779682632572e+00
3.386413170052587684e+00
2.852533655708365590e+00
2.320061558157842097e+00
2.389201491195982463e+00
2.243871970076764644e+00
2.083772744941259081e+00
2.383163741518877110e+00
0.000000000000000000e+00
0.000000000000000000e+00
0.000000000000000000e+00
0.000000000000000000e+00
2.304457990510885068e+00
1.917485610889898773e+00
3.008729507311360685e+00
0.000000000000000000e+00
0.000000000000000000e+00
2.290079451328368876e+00
3.678866023956000930e+00
2.585249170958160203e+00
3.081636614100462968e+00
2.952097392195592640e+00
3.562330934289696494e+00
0.000000000000000000e+00
0.000000000000000000e+00
3.110559907029155191e+00
2.493304800631188645e+00
0.000000000000000000e+00
0.000000000000000000e+00
2.636608458105477837e+00
3.201170395746783193e+00
0.000000000000000000e+00
0.000000000000000000e+00
0.000000000000000000e+00
2.754927118679368014e+00
0.000000000000000000e+00
0.000000000000000000e+00
0.000000000000000000e+00
6.004333696598425085e+00
6.082310349584995279e+00
6.152053989246762278e+00
6.219460817857999757e+00
6.288421018514246619e+00
6.358484580097909067e+00
6.429507996687499727e+00
6.500579513534590070e+00
6.572866388661910975e+00
6.648633310593058177e+00
6.723572049554470631e+00
6.799905285219574047e+00
6.878782699495899600e+00
6.957644207565222061e+00
7.038750332851928526e+00
7.123409733633546459e+00
7.207849235727160853e+00
7.295459628222228154e+00
7.383042832366436770e+00
7.465245831639031771e+00
7.540226823387748745e+00
7.605115932409525215e+00
7.665051369991010333e+00
7.710873214282322863e+00
7.751462154420309503e+00
7.784170189373499582e+00
7.811178813886489714e+00
