5.121027307337848722e-01
5.124697703705907159e-01
5.129699764073087920e-01
5.135533858870172663e-01
5.143850778863570117e-01
5.154118279761646937e-01
5.167607562749799710e-01
5.182556815576264686e-01
5.202039953305431785e-01
5.223283864549350675e-01
5.248495752840027784e-01
5.277184641129720744e-01
5.309191352082213156e-01
5.344531840018238444e-01
5.384120432018476565e-01
5.428787507937926637e-01
5.477112465923353879e-01
5.529205902181439924e-01
5.584887570022843972e-01
5.646367115340468201e-01
5.712072286540470500e-01
5.782167301375739088e-01
5.858497766587358324e-01
5.938512659355514867e-01
6.021844917518268669e-01
6.111505568546132805e-01
6.206467057332956117e-01
6.304598667614381702e-01
6.407264445352226501e-01
6.516091142722231222e-01
6.629203063755824132e-01
6.745022320764506585e-01
6.866111442249503982e-01
6.992375390633729371e-01
7.123514133624974098e-01
7.257090926308721324e-01
7.393314168319563562e-01
7.537586090172538889e-01
7.683482104303012150e-01
7.831979118919175642e-01
7.985729249850982425e-01
8.143898593472419511e-01
8.306306962523979376e-01
8.474791367918664831e-01
8.642459776944512173e-01
8.814067676287598019e-01
8.990055006298869333e-01
9.168103917701098116e-01
9.351085152449338800e-01
9.533907169046648145e-01
9.721055568749168430e-01
9.909880487485334122e-01
1.010233203327947749e+00
1.029739778078795354e+00
1.049848893441072795e+00
1.069652953726997424e+00
1.089277582129939637e+00
1.109393043473294593e+00
1.129657172397371401e+00
1.150107262252457518e+00
1.169959578574588210e+00
1.189832737351708802e+00
1.209830423361179630e+00
1.229954672070824095e+00
1.249829111109465707e+00
1.269212783222815277e+00
1.288865531338713177e+00
1.307104758714354276e+00
1.325888247730168779e+00
1.343895974582684394e+00
1.362325346081585842e+00
1.378738089675681788e+00
1.394837150986783403e+00
1.411624738856076089e+00
1.426571068978190970e+00
1.440895128715244722e+00
8.507427496967672198e+00
1.468593255785951790e+00
1.481111422663476285e+00
1.492979466179801706e+00
1.504231392890499563e+00
1.514126994674827920e+00
1.526143817452727758e+00
1.534675920181420850e+00
1.541439114639872265e+00
1.549762613355222474e+00
1.556560482802712198e+00
1.564629086413527936e+00
1.570994672977965578e+00
1.574896047611265004e+00
1.580318326777850002e+00
1.585906896864629045e+00
1.590015786874154013e+00
1.592440706793585070e+00
1.596710599645766893e+00
1.601951731958830782e+00
2.028320250712132167e-03
1.607223703066410270e+00
1.611050740878991583e+00
1.614304924854243373e+00
1.613893641048258720e+00
1.612932099628224591e+00
1.617746020899132553e+00
1.618671750995196890e+00
1.620864153190731738e+00
1.624015366698557727e+00
1.621452798783336480e+00
1.622839326516790415e+00
1.625190934603721438e+00
1.622913315464378003e+00
1.633811557085367072e+00
1.630691114880412407e+00
1.639277713594301522e+00
1.638889482468625314e+00
1.633341281082331786e+00
1.637637632843387703e+00
1.639627295455513778e+00
1.639082382011882721e+00
1.652216773259416849e+00
1.676165894551212565e+00
1.670975038317331185e+00
1.667768524610608871e+00
1.672873322333094714e+00
1.680426498485747100e+00
1.705651851795140672e+00
1.733682058496014422e+00
1.739052500837654280e+00
1.748490692107804056e+00
1.779390328541439859e+00
1.835202722487809579e+00
1.786497320712965076e+00
1.832741644091443467e+00
1.823948099930154276e+00
1.847942725405701037e+00
1.871935382023841354e+00
1.975853430175657843e+00
8.818687740417836096e+00
2.206654018100776771e+00
8.838789526936810859e+00
8.849173536157922015e+00
8.859651993693903549e+00
8.870792826069823889e+00
8.881624367851287616e+00
8.892892053780380834e+00
8.904383051756678213e+00
8.916126636692691676e+00
8.927975876961060209e+00
8.940211985273542439e+00
8.952573091698903696e+00
8.965390244409489284e+00
8.978285902033595889e+00
8.991174611609306311e+00
9.004248191854022920e+00
9.017940453806746248e+00
9.031870076798535152e+00
9.046269605706493522e+00
9.060491571837516744e+00
9.075501097167498088e+00
9.090107939215853250e+00
9.105325254092255349e+00
9.120378368839258343e+00
9.136520265837333454e+00
9.151822358454341000e+00
9.168498550331303676e+00
9.185005892924351656e+00
9.201553378186030585e+00
9.218338174448618361e+00
9.236009971623809989e+00
9.253323590210266403e+00
9.271049663486426340e+00
9.288580819359125940e+00
9.306927480336556258e+00
9.325835827701391523e+00
9.344625999041181075e+00
9.363750380644178861e+00
9.383032947119858136e+00
9.402860421816278347e+00
9.422899434985945177e+00
9.443546526390386830e+00
9.464147432833339479e+00
9.485015456014084023e+00
9.506185769802321772e+00
9.527817255553339137e+00
9.548764153132715649e+00
9.571081338081237178e+00
9.594424860075875472e+00
9.616856703406162055e+00
9.639947335727672595e+00
9.662743208108897974e+00
9.686264476737218132e+00
9.710070156732724556e+00
9.734442543541280912e+00
9.759357404676416436e+00
9.784719088798938813e+00
9.809791086216099743e+00
9.835913885533990708e+00
9.861706793113155456e+00
9.887592677336989766e+00
9.914617801712950040e+00
9.940879746488063162e+00
9.967845931738782639e+00
9.996273245664122342e+00
1.002394517730818180e+01
1.005248370852982021e+01
1.008216219968889504e+01
1.011134769353364149e+01
1.013995945490617423e+01
1.017011752510741118e+01
1.020048880325396645e+01
1.023202945551916621e+01
1.026207506555993554e+01
1.029272037098372294e+01
1.032413390767381678e+01
1.035710587768981839e+01
1.038958387673322470e+01
1.042154780873421771e+01
1.045506243864635287e+01
1.048960133684894025e+01
1.052233681493066619e+01
1.055608999049734820e+01
1.059164096398483146e+01
1.062712380719516503e+01
1.066332058850327513e+01
1.069940989512682350e+01
1.073573933136698777e+01
1.077316776914666541e+01
1.080891625038613491e+01
1.084816563526742961e+01
1.088570118085695526e+01
1.092464996380632414e+01
1.096423695540731025e+01
1.100443455322479558e+01
1.104535413780841679e+01
1.108326057901643225e+01
1.112343183996611096e+01
1.116475762721381315e+01
1.120869318398892922e+01
1.125014582053824164e+01
1.129200071341469247e+01
1.133649724339001708e+01
1.137800237703502759e+01
1.142283636081138631e+01
1.146796515616311929e+01
1.151102018722521514e+01
1.155816348471359944e+01
1.160434278734931368e+01
1.164992115527203786e+01
1.170144954865889275e+01
1.174670526116592484e+01
1.179296458200828468e+01
1.184524173079978304e+01
1.189384243852954803e+01
1.194483979753116287e+01
1.199671262747303224e+01
1.204282505625750588e+01
1.209473149684008320e+01
1.214999627456652398e+01
1.220374751129843283e+01
1.225630086373212180e+01
1.231417607439196082e+01
1.237065536171452784e+01
1.242208105226109005e+01
1.247708978348230247e+01
1.253580450147753034e+01
1.258998632442960464e+01
1.264694887997961814e+01
1.270449718808638551e+01
1.276475940231977368e+01
1.282412553565731095e+01
1.288672976510845736e+01
1.294853112739810364e+01
4.839415286816580064e+00
1.307187478756561205e+01
1.313643694040685261e+01
1.319897137127075659e+01
1.326394620900441801e+01
1.333122173860605031e+01
1.339914265808156379e+01
1.346522803761738452e+01
1.353616408661755166e+01
1.360404645857789419e+01
1.367335644212312040e+01
1.374804288484090087e+01
1.382184290426928719e+01
1.389546920949043773e+01
1.396914064419956247e+01
1.404054808239222574e+01
1.411530460454551239e+01
1.419619710188681694e+01
1.426984029365923945e+01
1.435018534616849983e+01
1.443896304844935763e+01
1.451091606060311001e+01
1.459556725696472412e+01
1.467660927788520908e+01
1.476661881177155777e+01
1.485929008439168619e+01
1.493923954710609969e+01
1.502839695155511279e+01
1.511512429187284567e+01
1.521494567277594179e+01
1.531197543577130027e+01
1.540264911772876744e+01
1.550313702173553487e+01
1.560309880633069390e+01
1.570069042103755130e+01
1.581126899931181740e+01
1.591687116745027453e+01
1.602442655442190755e+01
1.614602469842246535e+01
1.624155299106655548e+01
1.635297478075634103e+01
1.647510611922747614e+01
1.659010066799587335e+01
1.670800411490150950e+01
1.683936214166643452e+01
1.694910829218753179e+01
1.706438733478709935e+01
1.717203509604692968e+01
1.727352669920890804e+01
1.740308042212782524e+01
1.749503019923057323e+01
1.758621865200042933e+01
1.765389113075070426e+01
1.773148676708997584e+01
1.780726776909812159e+01
1.788832396372290745e+01
1.794908216190189165e+01
1.795075880115707534e+01
1.800801622481894881e+01
1.805595121436028805e+01
1.810483800936911791e+01
1.813520153668386214e+01
1.818894008105520399e+01
1.820379873989700670e+01
