5.078069251351168267e-01
5.082577253010128748e-01
5.090788596554172152e-01
5.100953700693073856e-01
5.116657724400585083e-01
0.000000000000000000e+00
5.161473436272583371e-01
5.192604771191354773e-01
5.230141287370816405e-01
5.275239211006931273e-01
5.328248422018576624e-01
5.390216957715526780e-01
5.460342448715187480e-01
5.539757934222218072e-01
5.628237479169738711e-01
5.726630198862667775e-01
5.834744184208635609e-01
5.953704272865270042e-01
6.084212942893935105e-01
6.222900796495840492e-01
6.370820557118187510e-01
6.530072234617251281e-01
6.700449081905229809e-01
6.879891266678422879e-01
7.069604423185197328e-01
7.267825621035605144e-01
7.477865921859736531e-01
7.696383721325756877e-01
7.924172813075128774e-01
8.160119971305116460e-01
8.405509475674503017e-01
8.660303433636156178e-01
8.924593370521508584e-01
9.195059964355867255e-01
9.476916493764192539e-01
9.764753790813147649e-01
1.006166523356939013e+00
1.036324187589848345e+00
1.067646054081198281e+00
1.099526044885945630e+00
1.132170337503158430e+00
1.165181796356405286e+00
1.199186769513192363e+00
1.233783573799732691e+00
1.269318977191464359e+00
1.305044797263908096e+00
1.341387486783092164e+00
1.378848719095978392e+00
1.416045632135279009e+00
1.454822659717266875e+00
1.493678237708281120e+00
1.533026886904923947e+00
1.573221125471253590e+00
1.613365599697987207e+00
1.653847642982975152e+00
1.694974386267156907e+00
1.736389313349552710e+00
1.777948748571277049e+00
1.819458103820514649e+00
1.862135815475655320e+00
1.903925708190066013e+00
1.946232654839248122e+00
1.988416572601021226e+00
2.029816092508399006e+00
2.071427567746744636e+00
2.111380363966603557e+00
2.152057708821075721e+00
2.190870802959737684e+00
2.229897823376762567e+00
2.266522811717405883e+00
2.304240309373812412e+00
2.339510443415243834e+00
2.374302853763423204e+00
2.405550974558574584e+00
2.435484235556912846e+00
2.464077821895146680e+00
2.491274421658271621e+00
2.517503035533381617e+00
2.540361413338141805e+00
2.563137341227491373e+00
2.583504776970096284e+00
2.602859524560461324e+00
2.617289200739667976e+00
2.635821594576935212e+00
2.652242138489774526e+00
2.663426463907716979e+00
2.677778549018322352e+00
2.691519080120322815e+00
2.693986870646666087e+00
2.703596305581182691e+00
2.707945648021232721e+00
2.717577086394387553e+00
2.726411264136249013e+00
2.732023103986504164e+00
2.736601075610385791e+00
2.740350575268951427e+00
2.736983829892733588e+00
2.741837497100821253e+00
2.748282327198058095e+00
2.746730929303176083e+00
2.756613337756038007e+00
2.766029135322280119e+00
2.769790226314851722e+00
2.771423783839567445e+00
2.788742509840084871e+00
0.000000000000000000e+00
0.000000000000000000e+00
0.000000000000000000e+00
2.820593115378511762e+00
2.829112321739287061e+00
2.861273006127817986e+00
2.897458291803585606e+00
2.888191977031933089e+00
2.914433599289979249e+00
0.000000000000000000e+00
0.000000000000000000e+00
0.000000000000000000e+00
