4.778513909352657962e-01
4.778623672607686945e-01
4.783336551122144287e-01
4.789074858407970092e-01
4.797402218612076830e-01
4.807487586166355187e-01
4.821198551074930005e-01
4.837241245318003591e-01
4.855187343855531523e-01
4.877211436347101414e-01
4.900853599332002375e-01
4.928470759821015901e-01
4.956488215068523551e-01
4.986939880160511374e-01
5.020097835632584271e-01
5.053616448225525248e-01
5.087812800387705447e-01
5.121572451204815524e-01
5.158438919457262184e-01
5.188890795406969625e-01
5.213520662042456788e-01
5.242066867422059406e-01
5.265693175510868240e-01
5.287936148955517668e-01
5.305201968703581183e-01
5.320043833787938548e-01
5.327308527953134032e-01
5.342210427781887150e-01
5.348918796549635424e-01
5.356624070614325328e-01
5.365924474061463112e-01
5.390044110858630555e-01
5.407341988467421201e-01
5.402853763278246957e-01
5.425348462870006605e-01
5.431167214986161174e-01
5.466083752005468366e-01
5.503399415572612918e-01
5.593767439364909499e-01
5.737486665930683349e-01
2.639956416556477059e-01
6.112176930945975029e-01
6.486680436078249290e-01
7.041576008894490091e-01
7.745905546937872366e-01
9.151710972510912478e-01
1.296645967506165675e+00
1.803168982493212225e+00
0.000000000000000000e+00
0.000000000000000000e+00
0.000000000000000000e+00
0.000000000000000000e+00
0.000000000000000000e+00
0.000000000000000000e+00
0.000000000000000000e+00
0.000000000000000000e+00
0.000000000000000000e+00
0.000000000000000000e+00
0.000000000000000000e+00
0.000000000000000000e+00
0.000000000000000000e+00
0.000000000000000000e+00
0.000000000000000000e+00
0.000000000000000000e+00
0.000000000000000000e+00
3.080097014145783518e+00
3.673020478879789330e+00
3.369591032615950166e+00
2.812991671676746019e+00
2.453395916357366868e+00
3.462942752225856236e+00
0.000000000000000000e+00
0.000000000000000000e+00
0.000000000000000000e+00
0.000000000000000000e+00
0.000000000000000000e+00
2.431587231626296308e+00
2.657190230201635472e+00
3.052990732154271303e+00
0.000000000000000000e+00
2.812760353993021933e+00
0.000000000000000000e+00
0.000000000000000000e+00
1.971286813972834118e+00
3.999426281456770038e+00
0.000000000000000000e+00
3.298552052727419248e+00
3.429099972529992879e+00
4.199374190807801277e+00
3.306161556433246496e+00
2.034839901053937528e+00
2.232714599930741173e+00
2.332780696661946873e+00
3.666541313674070324e+00
4.498422260385007476e+00
4.577129239936402527e+00
4.640104821368655763e+00
4.704831335046621987e+00
4.769548999334052297e+00
4.836297757566119238e+00
4.904438682081855738e+00
4.975235124716090418e+00
5.045310670251819118e+00
5.118171714319264431e+00
5.192581567858073122e+00
5.269436620235922852e+00
5.348643530384626033e+00
5.431429276275567375e+00
5.515666834546055775e+00
5.595674727465198117e+00
5.668381376722028797e+00
5.730518799771997962e+00
5.778228797769777714e+00
5.815299152345666300e+00
5.843146682588628238e+00
5.867449623447070550e+00
