4.925679257529309574e-01
4.927381775454708901e-01
4.932797219145113599e-01
4.940313999961450930e-01
4.952499606445495695e-01
4.965470176513481770e-01
2.795694052266169294e+00
5.007113757306415058e-01
5.032147196266196776e-01
5.062674182919124632e-01
5.096996393462737140e-01
5.135270870629409234e-01
5.178013354258839129e-01
5.225003933286935798e-01
5.273201638430733418e-01
5.326868228264517446e-01
5.380265991595349906e-01
5.436825872892147027e-01
5.494653516540060068e-01
5.550427429205551100e-01
5.602056002719698613e-01
5.652224155439111719e-01
5.699699496372246932e-01
5.742632853517094516e-01
5.777827718933665757e-01
5.810848467900779912e-01
5.837307882029670880e-01
5.867643474424860672e-01
5.883204435365121387e-01
5.892295808020595604e-01
5.915802242424125224e-01
5.945318016146775575e-01
5.965583218256279574e-01
5.959816974584255522e-01
5.982363865595122787e-01
5.981853832532526560e-01
5.985097225826568890e-01
5.999878887273705219e-01
6.055565098770454568e-01
6.167918978750354109e-01
6.183250921467905448e-01
6.116432895815578918e-01
6.196748118458843546e-01
6.306567991814884255e-01
6.235609017611100091e-01
6.764793392754548940e-01
7.375559568021413659e-01
7.377325513860618633e-01
7.639436301651885142e-01
9.331982839842776212e-01
1.347349980311359996e+00
1.605277272272964240e+00
0.000000000000000000e+00
2.731257768391514240e+00
3.035144240815784489e+00
0.000000000000000000e+00
0.000000000000000000e+00
3.167608868372951747e+00
0.000000000000000000e+00
0.000000000000000000e+00
0.000000000000000000e+00
0.000000000000000000e+00
0.000000000000000000e+00
0.000000000000000000e+00
0.000000000000000000e+00
0.000000000000000000e+00
0.000000000000000000e+00
0.000000000000000000e+00
2.861048913196974741e+00
0.000000000000000000e+00
3.428359244678801598e+00
0.000000000000000000e+00
0.000000000000000000e+00
0.000000000000000000e+00
0.000000000000000000e+00
0.000000000000000000e+00
2.943992542209505903e+00
3.949915932210671166e+00
0.000000000000000000e+00
3.930491012228544356e+00
0.000000000000000000e+00
0.000000000000000000e+00
0.000000000000000000e+00
0.000000000000000000e+00
2.792655798558520086e+00
2.854781102695498785e+00
2.387237940995709629e+00
1.835594629213090911e+00
2.416901411405120825e+00
0.000000000000000000e+00
0.000000000000000000e+00
0.000000000000000000e+00
0.000000000000000000e+00
1.982780869652501998e+00
0.000000000000000000e+00
3.025119851702756879e+00
1.565291222632381629e+00
1.704497459306417051e+00
1.888869672853233261e+00
0.000000000000000000e+00
0.000000000000000000e+00
0.000000000000000000e+00
0.000000000000000000e+00
0.000000000000000000e+00
0.000000000000000000e+00
0.000000000000000000e+00
0.000000000000000000e+00
0.000000000000000000e+00
0.000000000000000000e+00
0.000000000000000000e+00
0.000000000000000000e+00
1.812704296252670710e+00
5.756589130954754552e+00
0.000000000000000000e+00
0.000000000000000000e+00
5.864689452455954743e+00
