5.042430654390638312e-01
5.045918562597490054e-01
5.054020637930727311e-01
5.066134908445115714e-01
5.084143433279935120e-01
5.107779444710350836e-01
5.139126689926710734e-01
5.178651240257904353e-01
5.226281883277498208e-01
5.284964527556650360e-01
5.353545697180231988e-01
5.428951449058835310e-01
5.513257315799545699e-01
5.608500027015548284e-01
5.714057330036161897e-01
5.826724612497834466e-01
5.946436743715663997e-01
6.073635871561640087e-01
6.199541185210661887e-01
6.330167567493439895e-01
6.453925766772444783e-01
6.577074380968989109e-01
6.697612766025052844e-01
6.809135745074959001e-01
6.918463137215590253e-01
7.013976710316688346e-01
7.017053846994507927e-01
7.172168294240506281e-01
7.229143474863273244e-01
7.266577517149872545e-01
7.316181526641067911e-01
7.367147160975955344e-01
7.395061782885513635e-01
7.413420252581774950e-01
7.408845345001652261e-01
7.438058556353015494e-01
7.479648654024162457e-01
7.501273260161436252e-01
7.573621444769946809e-01
7.601960725257900231e-01
7.724392225419760560e-01
7.878963121280510018e-01
8.132631739165302465e-01
8.284487463227491189e-01
8.691119797044541961e-01
8.726481732728721408e-01
9.303060858203338057e-01
9.725462572258726235e-01
1.201845847643733034e+00
1.362116339357687167e+00
1.554697587149356908e+00
1.902404943513567925e+00
1.902404943513567925e+00
1.954498302391575182e+00
1.997395732052856365e+00
2.063808449084684771e+00
2.163808449084684771e+00
2.263808449084684771e+00
2.363808449084684771e+00
2.463808449084684771e+00
2.563808449084684771e+00
2.663808449084684771e+00
2.763808449084684771e+00
2.863632806477470094e+00
2.878612789416531648e+00
2.878612789416531648e+00
3.286453168230402788e+00
3.286453168230402788e+00
3.371203130679773619e+00
3.471203130679773619e+00
3.571203130679773619e+00
3.668999724714065547e+00
3.678999724714065547e+00
3.982770824523665709e+00
3.989770824523665709e+00
3.992770824523665709e+00

