5.091291846740717553e-01
5.094802447032853454e-01
5.099211297494338213e-01
5.105000608829274311e-01
5.114587905183615169e-01
5.127515910623005047e-01
5.143054173962536835e-01
5.163760584874634851e-01
5.186185730611448941e-01
5.215991970382716225e-01
5.247473334890547791e-01
5.286348859634640851e-01
5.329159950108250943e-01
5.377115284387580241e-01
5.430327473180492914e-01
5.488776760360484230e-01
5.553199067353578045e-01
5.624805899836226031e-01
5.700536603746205744e-01
5.781464950045257511e-01
5.865376481863355806e-01
5.959123693032004621e-01
6.055429160035441516e-01
6.157860487566133578e-01
6.262545452746549612e-01
6.374848235920277384e-01
6.488520895125983179e-01
6.604820887526029471e-01
6.723425610364599514e-01
6.844636193914941380e-01
6.964913784984004819e-01
7.085668736604565643e-01
7.204366183007588909e-01
7.320857919396441815e-01
7.433041910802813401e-01
7.544448999789264976e-01
7.650524011954837889e-01
7.750622869570447104e-01
7.848934198629403669e-01
7.939315600341748658e-01
8.023661736548843848e-01
8.096973038119292809e-01
8.169404983267707365e-01
8.234857037840692673e-01
8.287138460764761350e-01
8.339563110325846074e-01
8.390623577303094605e-01
8.417615534785304332e-01
8.447244889505838294e-01
8.481588433520251824e-01
8.516129920298257661e-01
8.520201573836898579e-01
8.541633796859992023e-01
8.550362996354110567e-01
8.559269980713597459e-01
8.594098546226727198e-01
8.614044595732223142e-01
8.620083973935718236e-01
8.664687649786558810e-01
8.680129824564645213e-01
8.670449321795673514e-01
8.670857855812943438e-01
8.726563656421111315e-01
8.741016557893173111e-01
8.778909225298378027e-01
8.773268953715344098e-01
8.811524836928331661e-01
8.873015673524423663e-01
8.884653615092252821e-01
9.056976669889108544e-01
9.335287231346333092e-01
9.522911343631635939e-01
9.631041033936624807e-01
1.013323074877229724e+00
1.056336355933737536e+00
1.069546734921821063e+00
1.163528805001345479e+00
1.344599874045910859e+00
1.530554588380213854e+00
1.560281892226295541e+00
1.761332062302713330e+00
1.869565286268117132e+00
2.605411919278625810e+00
3.263960758451355026e+00
0.000000000000000000e+00
0.000000000000000000e+00
0.000000000000000000e+00
0.000000000000000000e+00
0.000000000000000000e+00
0.000000000000000000e+00
0.000000000000000000e+00
0.000000000000000000e+00
0.000000000000000000e+00
0.000000000000000000e+00
0.000000000000000000e+00
0.000000000000000000e+00
0.000000000000000000e+00
0.000000000000000000e+00
0.000000000000000000e+00
0.000000000000000000e+00
0.000000000000000000e+00
0.000000000000000000e+00
0.000000000000000000e+00
0.000000000000000000e+00
0.000000000000000000e+00
0.000000000000000000e+00
0.000000000000000000e+00
0.000000000000000000e+00
0.000000000000000000e+00
0.000000000000000000e+00
0.000000000000000000e+00
0.000000000000000000e+00
0.000000000000000000e+00
0.000000000000000000e+00
0.000000000000000000e+00
0.000000000000000000e+00
0.000000000000000000e+00
0.000000000000000000e+00
0.000000000000000000e+00
0.000000000000000000e+00
4.284280558158452656e+00
3.480450469281440196e+00
3.557997815458918467e+00
4.426153773531233959e+00
3.703081828076843607e+00
4.250395943554187816e+00
0.000000000000000000e+00
0.000000000000000000e+00
0.000000000000000000e+00
0.000000000000000000e+00
5.588194984236698026e+00
0.000000000000000000e+00
4.536687981867490116e+00
0.000000000000000000e+00
0.000000000000000000e+00
0.000000000000000000e+00
0.000000000000000000e+00
0.000000000000000000e+00
0.000000000000000000e+00
0.000000000000000000e+00
0.000000000000000000e+00
0.000000000000000000e+00
4.384197232300007130e+00
3.654018479673711184e+00
2.952484975331211903e+00
2.939634934819151724e+00
4.914521347297479359e+00
6.450053346004597010e+00
6.500033475900869995e+00
6.551117900056734555e+00
6.603473732533040597e+00
6.656107427215811612e+00
6.708264627356613552e+00
6.761509715242377538e+00
6.815165425847324876e+00
6.869606019492707993e+00
6.925103723523468702e+00
6.980421739834214989e+00
7.037083046438527667e+00
7.094672131128080039e+00
7.150589269022487926e+00
7.208235467526977303e+00
7.267795900409761423e+00
7.327951169310654933e+00
7.385893644902027155e+00
7.445406255735410816e+00
7.506093627148908709e+00
7.566507968072492929e+00
7.629796031012928026e+00
7.693079286233612812e+00
7.757997993817769888e+00
7.822942102062760306e+00
7.887938406764154919e+00
7.953090110825287162e+00
8.020010525638184617e+00
8.085742397825439909e+00
8.156949928903511449e+00
8.224936715429249645e+00
8.292038971841481754e+00
8.363748023894432393e+00
8.437569800465658076e+00
8.511335321054904313e+00
8.589683534114319841e+00
8.685689093730537991e+00
8.760292286925324134e+00
8.837373259526904334e+00
8.913372579263015183e+00
8.992064250257708835e+00
9.070943540907393299e+00
9.154851129994129977e+00
9.239004581427264995e+00
9.323665086955928771e+00
9.413106249415513105e+00
9.501612960237345362e+00
9.592946502197925440e+00
9.683334022108628147e+00
9.779132349184157746e+00
9.872669886077520829e+00
9.959007937538178368e+00
1.004393980782426077e+01
1.011963972681435564e+01
1.018985529141515300e+01
1.024922497384533493e+01
1.030199476010252191e+01
1.034548931012153616e+01
1.039434021769163685e+01
1.042159209514528229e+01
