5.063421886168589792e-01
5.069312411857437306e-01
5.078964170670006162e-01
5.092843460035525460e-01
5.112766425131365366e-01
5.138917219280944026e-01
5.172525010504448462e-01
5.215762038196635197e-01
5.267737139083404907e-01
5.331850052452219435e-01
5.406317674471964319e-01
5.492624164464063874e-01
5.590295747810077875e-01
5.700675631057098292e-01
5.825862333035606300e-01
5.963649589402819640e-01
6.116308032869449685e-01
6.283066424823130491e-01
6.462079323159216626e-01
6.655563987205168619e-01
6.860500609876969413e-01
7.079050865180528396e-01
7.311441749313116745e-01
7.558123833015575332e-01
7.815987520424586554e-01
8.087879554478409894e-01
8.372741612986960291e-01
8.668330483542907583e-01
8.973807993209286238e-01
9.292115190279286452e-01
9.620346456885053854e-01
9.958328620657210806e-01
1.030515457266842017e+00
1.066298182626837399e+00
1.103191064430905755e+00
1.140464513617435172e+00
1.178388736684025995e+00
1.216688861267097188e+00
1.255772265881285765e+00
1.294945356052975116e+00
1.334051266733540020e+00
1.372698342717126208e+00
1.411435394040732261e+00
1.449503033276618336e+00
1.486238783689860288e+00
1.522354570764942849e+00
1.555456769844104414e+00
1.587806591739701734e+00
1.618366545539378087e+00
1.646829904796179855e+00
1.673786377220322530e+00
1.698470487517801830e+00
1.719572154095417860e+00
1.739692467957187016e+00
1.757394830290966325e+00
1.770597042741774318e+00
1.782823518508318772e+00
1.794276738042740016e+00
1.803263669187708418e+00
1.809262167474403604e+00
1.818755643740633809e+00
1.824671386290082298e+00
1.824999870274672142e+00
1.831137282409469824e+00
1.835406296865822462e+00
1.840236918581532377e+00
1.841502309001587623e+00
1.848399714022969320e+00
1.849966079327293844e+00
1.852371411568777271e+00
1.851482335391895218e+00
1.862595555372814404e+00
1.885625768754643605e+00
1.886483508462259540e+00
1.922837112086491551e+00
1.928977513426807677e+00
1.953705220365457684e+00
1.953238486152411690e+00
1.919662963883137730e+00
