4.777973073259336734e-01
4.780381732470935230e-01
4.785283233807166581e-01
4.792361680018025760e-01
4.803335999221329811e-01
4.817003320014812684e-01
4.832584467870973399e-01
4.854329743432114763e-01
4.878949059395523147e-01
4.911034919897510620e-01
4.943962280783813501e-01
4.978266409503520062e-01
5.013719443534480069e-01
5.051050736726889756e-01
5.093517089599948200e-01
5.130695861818393988e-01
5.170074445550688624e-01
5.205118076170481833e-01
5.233158450330953615e-01
5.262879756605650661e-01
5.286928184988706203e-01
5.307224012908303701e-01
5.328008717496385271e-01
5.342328307392151254e-01
5.360088720797012707e-01
5.369635818213076561e-01
5.386063209135076857e-01
5.398269941335808175e-01
5.401554133289855342e-01
5.410539800675593369e-01
5.430632211101199536e-01
5.510750694426235219e-01
5.540285123664703271e-01
5.715346971189751990e-01
5.926353271182317473e-01
6.062948922988747880e-01
6.489728163545288586e-01
7.437751681468286469e-01
8.788412510608062389e-01
1.032602792011458881e+00
1.576164500810805835e+00
1.993619717323011242e+00
3.287650530694062656e+00
0.000000000000000000e+00
0.000000000000000000e+00
0.000000000000000000e+00
0.000000000000000000e+00
0.000000000000000000e+00
0.000000000000000000e+00
0.000000000000000000e+00
0.000000000000000000e+00
0.000000000000000000e+00
0.000000000000000000e+00
0.000000000000000000e+00
4.498760565753286755e+00
0.000000000000000000e+00
0.000000000000000000e+00
0.000000000000000000e+00
0.000000000000000000e+00
0.000000000000000000e+00
0.000000000000000000e+00
3.796582543270897059e+00
3.444653192557603827e+00
3.524329462737992635e+00
3.576597136894380746e+00
3.631334251456914242e+00
3.687958142832077346e+00
3.746965083510146233e+00
3.808411081560339362e+00
3.872110107711950633e+00
3.938890659803007122e+00
4.009665734251362856e+00
4.083659096784090003e+00
4.155377966184792271e+00
4.215084645289997489e+00
4.256480727271148901e+00
4.283528984460551747e+00
4.303461716023917027e+00
4.319572274040018200e+00
