4.918427757347155760e-01
4.922727735110128400e-01
4.930999287473750714e-01
4.945894296531782031e-01
4.966638491075923700e-01
4.994304282579400400e-01
5.028780999389527162e-01
5.072189720476115715e-01
5.124544158846506825e-01
5.185185742952514998e-01
5.248895568604784456e-01
5.319603825613304915e-01
5.393659378703278273e-01
5.469333457532521425e-01
5.542333078680538039e-01
5.610547530001818162e-01
5.671510097316383447e-01
5.726283822076312369e-01
5.777577511034660551e-01
5.818705882747663427e-01
5.848390667969111112e-01
5.870321801891811297e-01
5.895396489799281659e-01
5.904819694615338621e-01
5.919613140320195699e-01
5.935858503183016888e-01
5.960779203250546887e-01
6.034885609896518677e-01
6.101785694400958526e-01
6.191392753688008677e-01
6.431742713521810817e-01
6.842274555402674263e-01
7.551608730380476864e-01
9.849222048490740011e-01
1.252474973318228546e+00
1.789306845486368758e+00
0.000000000000000000e+00
3.083536255714308005e+00
0.000000000000000000e+00
3.182831152737643610e+00
3.219165579984188508e+00
3.259680973601311482e+00
3.305552469093492096e+00
3.349463403010476181e+00
3.374648960747605564e+00
3.384092906230867559e+00
3.389337404099397322e+00
3.395092310578101902e+00
3.456953064567709344e+00
