4.933345947179926250e-01
4.934792291928778440e-01
4.938139091297081840e-01
4.942030108048006132e-01
4.947730815239134161e-01
4.954802088637524915e-01
4.964282763103011753e-01
4.974604231304496915e-01
4.989059763068555142e-01
5.003116261452854596e-01
5.020918912958248770e-01
5.040932025720102905e-01
5.064059268625819010e-01
5.085064678783408620e-01
5.110052604450133762e-01
5.139431837666460501e-01
5.167944818010669072e-01
5.198697282879441994e-01
5.230416945216828095e-01
5.263980739852284207e-01
5.298154249062281274e-01
5.333049884364178261e-01
5.372227716997590719e-01
5.408828645768331000e-01
5.442433190226830808e-01
5.481755879593257497e-01
5.514597761805775100e-01
5.550454589580284814e-01
5.582687145648188576e-01
5.615659001566474240e-01
5.650785257196259126e-01
5.677473138933991637e-01
5.707513095274855397e-01
5.733152633044037438e-01
5.759744699584409267e-01
5.779570777815795646e-01
5.801634538443071198e-01
5.814980997321684830e-01
5.829125352536468352e-01
5.840296326279411643e-01
5.859428737867307113e-01
5.868762510503989782e-01
5.881971339927039022e-01
5.888223513200097070e-01
5.894226225574096256e-01
5.913155883295926341e-01
5.915781148585842475e-01
5.915329787863740085e-01
5.914369204726637186e-01
5.943602951686675073e-01
5.939708399386610660e-01
5.935545965348654196e-01
5.952588795306480440e-01
5.961387089570301390e-01
5.997180609204056934e-01
6.000137939525281849e-01
5.997939573367009336e-01
6.004848722463953514e-01
6.065293491858715358e-01
6.150817354027848793e-01
6.221240355001681488e-01
6.382982148427620572e-01
6.434573738671276466e-01
6.644512333742668142e-01
6.743026483846848995e-01
7.083112485437503825e-01
7.579501192129900478e-01
7.794509569605237997e-01
8.517804355579922104e-01
9.300882716537023365e-01
1.081839257942912136e+00
1.347851549622839595e+00
1.807776846920725822e+00
0.000000000000000000e+00
0.000000000000000000e+00
0.000000000000000000e+00
0.000000000000000000e+00
0.000000000000000000e+00
0.000000000000000000e+00
0.000000000000000000e+00
0.000000000000000000e+00
0.000000000000000000e+00
0.000000000000000000e+00
0.000000000000000000e+00
0.000000000000000000e+00
0.000000000000000000e+00
0.000000000000000000e+00
0.000000000000000000e+00
0.000000000000000000e+00
0.000000000000000000e+00
0.000000000000000000e+00
0.000000000000000000e+00
0.000000000000000000e+00
0.000000000000000000e+00
0.000000000000000000e+00
0.000000000000000000e+00
0.000000000000000000e+00
0.000000000000000000e+00
0.000000000000000000e+00
0.000000000000000000e+00
0.000000000000000000e+00
0.000000000000000000e+00
0.000000000000000000e+00
0.000000000000000000e+00
0.000000000000000000e+00
0.000000000000000000e+00
3.945634777502960322e+00
0.000000000000000000e+00
3.591435540472440735e+00
2.555803121410194834e+00
2.569632265075198152e+00
2.548838343423582842e+00
0.000000000000000000e+00
0.000000000000000000e+00
0.000000000000000000e+00
0.000000000000000000e+00
3.393982792714063113e+00
3.472289354156090635e+00
0.000000000000000000e+00
0.000000000000000000e+00
0.000000000000000000e+00
2.643552891303308616e+00
0.000000000000000000e+00
0.000000000000000000e+00
2.174779846242644865e+00
2.265762610463225357e+00
2.596128029363995893e+00
0.000000000000000000e+00
3.998580947429122734e+00
2.745049489874593185e+00
3.318619557864608716e+00
0.000000000000000000e+00
0.000000000000000000e+00
3.426630807752355956e+00
0.000000000000000000e+00
0.000000000000000000e+00
0.000000000000000000e+00
0.000000000000000000e+00
0.000000000000000000e+00
0.000000000000000000e+00
0.000000000000000000e+00
0.000000000000000000e+00
0.000000000000000000e+00
0.000000000000000000e+00
0.000000000000000000e+00
0.000000000000000000e+00
0.000000000000000000e+00
0.000000000000000000e+00
0.000000000000000000e+00
0.000000000000000000e+00
0.000000000000000000e+00
0.000000000000000000e+00
0.000000000000000000e+00
2.215493181868620542e+00
2.055706763585862351e+00
2.482325685677082117e+00
0.000000000000000000e+00
0.000000000000000000e+00
0.000000000000000000e+00
0.000000000000000000e+00
0.000000000000000000e+00
0.000000000000000000e+00
0.000000000000000000e+00
0.000000000000000000e+00
0.000000000000000000e+00
0.000000000000000000e+00
0.000000000000000000e+00
0.000000000000000000e+00
0.000000000000000000e+00
0.000000000000000000e+00
0.000000000000000000e+00
2.629424808679549752e+00
0.000000000000000000e+00
0.000000000000000000e+00
2.757916372972882169e+00
0.000000000000000000e+00
2.493910970420566198e+00
1.710029930128003972e+00
2.285899428407360823e+00
2.184357112442388171e+00
3.828679035864829938e+00
4.047244674535198428e+00
0.000000000000000000e+00
0.000000000000000000e+00
0.000000000000000000e+00
0.000000000000000000e+00
1.674184688618713723e+00
0.000000000000000000e+00
1.685179313410285706e+00
0.000000000000000000e+00
0.000000000000000000e+00
0.000000000000000000e+00
2.490021789692104193e+00
2.134837011952474217e+00
0.000000000000000000e+00
2.118218953375563984e+00
0.000000000000000000e+00
2.151136607930113964e+00
6.882199672033831206e+00
0.000000000000000000e+00
0.000000000000000000e+00
0.000000000000000000e+00
7.079064046924842479e+00
7.128873781352146999e+00
7.182316051347489072e+00
7.233266669547374406e+00
2.823816458996791567e+00
2.043267484359894581e+00
0.000000000000000000e+00
0.000000000000000000e+00
7.489580315731764415e+00
7.540399984501548580e+00
7.593310865834249412e+00
7.648072759815929267e+00
7.701221772017892597e+00
7.754589762801807673e+00
7.809287614139975631e+00
7.864448125798375600e+00
7.916024053783704773e+00
7.970223602351445891e+00
2.093017199271705930e+00
8.081728093999959839e+00
0.000000000000000000e+00
8.193707314260587182e+00
8.249914154962240787e+00
8.309473449581638249e+00
8.365856904020789742e+00
8.424811751347370148e+00
8.482998688908097051e+00
8.542407935226982829e+00
8.600373088863541682e+00
8.662604471053187538e+00
8.723518044283782302e+00
8.780269566076473353e+00
8.838047406422720798e+00
0.000000000000000000e+00
8.962953196935920630e+00
1.056105703957097131e+00
1.133907898779281886e+00
9.152144816276660322e+00
9.213071116681586403e+00
1.980063844427676578e+00
1.943658854613806941e+00
4.294249031925217785e+00
0.000000000000000000e+00
0.000000000000000000e+00
1.626529210208919274e+00
1.583543899316174564e+00
0.000000000000000000e+00
9.806216556478620561e+00
0.000000000000000000e+00
9.951006065595178640e+00
0.000000000000000000e+00
0.000000000000000000e+00
1.051656129242938498e+00
1.023730011556082076e+01
1.031049537745432509e+01
1.038842753861793611e+01
0.000000000000000000e+00
0.000000000000000000e+00
1.184824696551372680e+00
1.070346935942967903e+01
1.078119827976129308e+01
1.086510183839849830e+01
0.000000000000000000e+00
1.103003985250370533e+01
0.000000000000000000e+00
1.119697771898047378e+01
1.127625236259962804e+01
9.504844144236846981e-01
1.145806297763677328e+01
1.858149107083826301e+00
0.000000000000000000e+00
0.000000000000000000e+00
1.182696019323165970e+01
1.192295856540001076e+01
1.202109859738575715e+01
7.206327752275891729e-01
0.000000000000000000e+00
1.232544352278614674e+01
1.244125936909599162e+01
1.254152060677904501e+01
1.265542073941662693e+01
1.276953860104267058e+01
1.288941928134432935e+01
1.300683938974933440e+01
1.312338517729183707e+01
1.324055442212283040e+01
1.336965507836302081e+01
1.349024273311569644e+01
1.362163601298427729e+01
1.376255913556654420e+01
1.388636665135683579e+01
1.403047253967756092e+01
1.417487197736495297e+01
1.433303791846284625e+01
1.449866115125919386e+01
1.463810464514915033e+01
1.479730018716250406e+01
1.495578414137460399e+01
1.513016155983830657e+01
1.531618488360104458e+01
1.550990433720478379e+01
1.570496144949499140e+01
1.592961338445503294e+01
1.611341379284354147e+01
1.634066498530221168e+01
1.654052753618349669e+01
1.679635573245886349e+01
1.708386254753931510e+01
1.730935612748184127e+01
1.753596175210459762e+01
1.781394451224806730e+01
1.812393725100911368e+01
1.841585997367164751e+01
1.879574793116785258e+01
1.911610717505145018e+01
1.941870721024593394e+01
1.972550979857227205e+01
2.002189491752495343e+01
2.030940046181108372e+01
2.075992019190489657e+01
2.104725219591294305e+01
2.130018307870147609e+01
2.160219248005508419e+01
2.185651802464188265e+01
2.216953164971477008e+01
2.251607056276723284e+01
2.254550250671478295e+01
