5.062609738085671607e-01
5.068314361289396608e-01
5.077721245568069808e-01
5.091437733493806572e-01
5.111235256557603579e-01
5.137157898476863993e-01
5.170640761539424535e-01
5.213604590688013518e-01
5.265447978585606759e-01
5.329506102718248872e-01
5.403931483505091116e-01
5.490011978324806918e-01
5.587292733743426387e-01
5.697452990617839497e-01
5.822568269992799417e-01
5.959840901931652279e-01
6.112041492031932144e-01
6.278496756371572118e-01
6.456900882266400910e-01
6.649439020270127010e-01
6.853538160203949126e-01
7.071213836709759892e-01
7.302782798168208078e-01
7.547643683442281093e-01
7.804326913396343324e-01
8.073876960480005360e-01
8.356789338987546945e-01
8.649614243660819213e-01
8.951953032400036259e-01
9.266007946988773503e-01
9.589198818864183016e-01
9.920922147728452600e-01
1.025943936216001440e+00
1.060643170329200968e+00
1.096139046785994831e+00
1.131701636938121869e+00
1.167253725863680813e+00
1.202697602136344024e+00
1.238241391589708584e+00
1.273075704006347397e+00
1.307125356761271062e+00
1.340045492377140324e+00
1.371599372725728516e+00
1.402040246891818276e+00
1.429545575394830736e+00
1.456451749926545247e+00
1.479232091143818151e+00
1.500825283712285518e+00
1.520488892100949396e+00
1.538124693889352690e+00
1.554315078591573140e+00
1.567668703278433773e+00
1.578621112352257549e+00
1.589374237516522514e+00
1.597858854604786272e+00
1.602448489419864730e+00
1.607918386156463875e+00
1.612674176172619545e+00
1.615530794626533817e+00
1.614558962516057683e+00
1.623666537642737495e+00
1.624637507697366701e+00
1.620246430976759466e+00
1.628486878276090621e+00
1.630955980905079095e+00
1.640720373942407218e+00
1.643257775609081373e+00
1.660194844612159715e+00
1.655821349093357764e+00
1.676330791702067113e+00
1.692346835298108587e+00
1.729016749910475159e+00
8.816100294465694986e+00
1.857995377187781738e+00
1.964345522071329508e+00
2.057852750720396529e+00
2.146541337366759006e+00
8.812599364872342633e+00
8.808146597383760934e+00
