5.078052226374631939e-01
5.082553013395053609e-01
5.090753011754967083e-01
5.100914703937553529e-01
0.000000000000000000e+00
5.136320626544300660e-01
0.000000000000000000e+00
5.192558921438539254e-01
5.230104349928906826e-01
5.275169621778952322e-01
5.328185713366456744e-01
5.390152213177820117e-01
5.460266231239495616e-01
5.539691568126835497e-01
5.628180967359391884e-01
5.726552971452676388e-01
5.834651652931616139e-01
5.953622776040593534e-01
6.084138366399282072e-01
6.222809900721432141e-01
6.370732473577422894e-01
6.529954581556741688e-01
6.700312387337480358e-01
6.879758419120693969e-01
7.069452964930101890e-01
7.267671333709651016e-01
7.477721034386899390e-01
7.696255686753955549e-01
7.923976904677253463e-01
8.159890744554654241e-01
8.405352983842585557e-01
8.660139358017919786e-01
8.924407260905505845e-01
9.194849722279677673e-01
9.476666888945390887e-01
9.764493155704461191e-01
1.006139512339487840e+00
1.036292929631754678e+00
1.067603400775485323e+00
1.099479803539764156e+00
1.132122637863440362e+00
1.165135018118159449e+00
1.199127251508411929e+00
1.233713535585855725e+00
1.269235915197759024e+00
1.304944360673233383e+00
1.341281542146217198e+00
1.378716114009977067e+00
1.415887149900913800e+00
1.454641803128892574e+00
1.493451536267919488e+00
1.532739712998738790e+00
1.572859695231816346e+00
1.612910713031174392e+00
1.653273049776970982e+00
1.694249667026642481e+00
1.735504231521978191e+00
1.776824981071014387e+00
1.818058836035951975e+00
1.860405118379844458e+00
1.901803451576807857e+00
1.943658279470298567e+00
1.985275873947881520e+00
2.026082548530338201e+00
2.067012791214302592e+00
2.106140705258904955e+00
2.145994909403530659e+00
2.183810551525084520e+00
2.221762200816823185e+00
2.257208655557310983e+00
2.293764698421116410e+00
2.327801958420808504e+00
2.361195093925607225e+00
2.391089389036189061e+00
2.419579656497304665e+00
2.446829045080362253e+00
2.472445843158630474e+00
2.497326596156461687e+00
2.518817509330044668e+00
2.540157953835776361e+00
2.559126009503424282e+00
2.577150622880406861e+00
2.590408728511716330e+00
2.607382862469904250e+00
2.622940934101682053e+00
2.633222275991607741e+00
2.646676981920027316e+00
2.659087396012354887e+00
2.661327239267201605e+00
2.670424749697741351e+00
2.674140632781031535e+00
2.682679179647803558e+00
2.690987781002779133e+00
2.696754104363966231e+00
2.701178247523826403e+00
2.703897437253015568e+00
2.700667110147213279e+00
2.704683856461424174e+00
2.710711624791103169e+00
2.709576229394597746e+00
2.719506244827869512e+00
2.728919759809471213e+00
0.000000000000000000e+00
2.735479540132892851e+00
0.000000000000000000e+00
2.773612137622525342e+00
2.777534839853565085e+00
2.799846907778547056e+00
2.786571762741404168e+00
2.803031745390884844e+00
0.000000000000000000e+00
0.000000000000000000e+00
0.000000000000000000e+00
0.000000000000000000e+00
0.000000000000000000e+00
0.000000000000000000e+00
0.000000000000000000e+00
