5.047045471912391390e-01
5.053453857756029510e-01
5.064727666006290097e-01
5.084114260981347222e-01
5.112823073119421302e-01
5.152126400104518611e-01
5.203491230447004900e-01
5.268760331911460648e-01
5.349603733779555448e-01
5.447146141804684039e-01
5.561143394707451781e-01
5.693716058471048891e-01
5.845228390035974719e-01
6.014510836644427760e-01
6.201858658158172499e-01
6.407644796831679646e-01
6.627934849434266029e-01
6.863843750364261309e-01
7.110290279533010294e-01
7.367901822897960917e-01
7.627691950905688412e-01
7.888071977132691259e-01
8.142802534569372197e-01
8.389276778622599684e-01
8.622559381177915538e-01
8.838662536833009620e-01
9.024499017231375486e-01
9.175809060936656048e-01
9.333681563055750141e-01
9.440397003817347921e-01
9.522403671363214306e-01
9.590860716637361616e-01
9.633034898696786197e-01
9.686811163579195361e-01
9.701869050075305756e-01
9.751569749234942908e-01
9.818195544777676975e-01
9.816304743264362420e-01
9.871346742556907916e-01
9.946990979839617220e-01
1.023963421272377827e+00
1.051248294021769558e+00
1.107531629265237516e+00
1.180567816114908464e+00
1.124915935550552915e+00

