5.102594702975105090e-01
5.105287463643223278e-01
5.110006914094529229e-01
5.115532855326206940e-01
5.123622813660632103e-01
5.133610517183276878e-01
5.146855014314172250e-01
5.161284342777727741e-01
5.180752610690090298e-01
5.201228703356083338e-01
5.226281901832626753e-01
5.254346916317897964e-01
5.286215346955198680e-01
5.320410471351626480e-01
5.359101213822317078e-01
5.403201157768389162e-01
5.450570554317609728e-01
5.501042468168236832e-01
5.555114850665100468e-01
5.615004959767255777e-01
5.677963562678353115e-01
5.745498035721054997e-01
5.819338043185404707e-01
5.896456561398608631e-01
5.975030338315726608e-01
6.060435327489730462e-01
6.150463757519555319e-01
6.242760571979524276e-01
6.337695522211186372e-01
6.438474027587240966e-01
6.539740063367440737e-01
6.644552831172855223e-01
6.752162408775093105e-01
6.863012284618980052e-01
6.975836592579024442e-01
7.087424532005688338e-01
7.196878467883216501e-01
7.313006645394584115e-01
7.423540685831141461e-01
7.533623222036162081e-01
7.643987367398373811e-01
7.751535446237998173e-01
7.858291156817935885e-01
7.964131100377720429e-01
8.062592783989355194e-01
8.162979015486691026e-01
8.254777688451767625e-01
8.340005276996775851e-01
8.425805898191998100e-01
8.503180900875847437e-01
8.570136450466734335e-01
8.636980374751753731e-01
8.701619076713122958e-01
8.760723591257914000e-01
8.825313699536470047e-01
8.861725988064077519e-01
8.896988221009077824e-01
8.944130740248575906e-01
8.978102463336762318e-01
9.009340614020743265e-01
9.037092201361197619e-01
9.073789749636588242e-01
9.090038500549850742e-01
9.115070565215095399e-01
9.139704020687373642e-01
9.128946291592756612e-01
9.147134079391164851e-01
9.141289188508842090e-01
9.152778069930268545e-01
9.136327382025543065e-01
9.139506701154683777e-01
9.162344634786815378e-01
9.158595188711521340e-01
9.209195598101855840e-01
9.177248942127361753e-01
9.226140946667652498e-01
9.200493572198742420e-01
9.237817187802059848e-01
9.288938388322407480e-01
9.337428094288744429e-01
9.263239153501444667e-01
9.357514735226616365e-01
9.443808081699482937e-01
9.441693235035777398e-01
9.381977097375945318e-01
9.617202950812702156e-01
9.861982343407416085e-01
1.001506655552116154e+00
1.024983838616615239e+00
1.028264180836192532e+00
1.079276599487628552e+00
1.125111266090473849e+00
1.138003809953718637e+00
1.212939027192486918e+00
1.232935080513792414e+00
1.386725218713852792e+00
1.612941356949491034e+00
1.867377192364632732e+00
1.969731959500114371e+00
3.498765259485957291e+00
4.668896824448257377e+00
0.000000000000000000e+00
3.490345634450604084e+00
4.943915785041470556e+00
5.439155689790620585e+00
0.000000000000000000e+00
0.000000000000000000e+00
0.000000000000000000e+00
0.000000000000000000e+00
0.000000000000000000e+00
0.000000000000000000e+00
0.000000000000000000e+00
0.000000000000000000e+00
0.000000000000000000e+00
0.000000000000000000e+00
0.000000000000000000e+00
0.000000000000000000e+00
4.896755803366295012e+00
0.000000000000000000e+00
0.000000000000000000e+00
0.000000000000000000e+00
0.000000000000000000e+00
0.000000000000000000e+00
0.000000000000000000e+00
0.000000000000000000e+00
0.000000000000000000e+00
0.000000000000000000e+00
4.912797393256509437e+00
0.000000000000000000e+00
0.000000000000000000e+00
0.000000000000000000e+00
0.000000000000000000e+00
0.000000000000000000e+00
0.000000000000000000e+00
4.399639138468538491e+00
0.000000000000000000e+00
0.000000000000000000e+00
0.000000000000000000e+00
0.000000000000000000e+00
5.523558781329465539e+00
4.300189583583511777e+00
0.000000000000000000e+00
5.015511317760757315e+00
0.000000000000000000e+00
0.000000000000000000e+00
0.000000000000000000e+00
0.000000000000000000e+00
0.000000000000000000e+00
0.000000000000000000e+00
0.000000000000000000e+00
0.000000000000000000e+00
5.632533890560104339e+00
0.000000000000000000e+00
0.000000000000000000e+00
0.000000000000000000e+00
0.000000000000000000e+00
0.000000000000000000e+00
0.000000000000000000e+00
0.000000000000000000e+00
0.000000000000000000e+00
0.000000000000000000e+00
0.000000000000000000e+00
0.000000000000000000e+00
0.000000000000000000e+00
0.000000000000000000e+00
0.000000000000000000e+00
4.319139030348339681e+00
5.124379958133907564e+00
0.000000000000000000e+00
0.000000000000000000e+00
0.000000000000000000e+00
6.338162840475267679e+00
6.375209747721736875e+00
0.000000000000000000e+00
6.448971989470819288e+00
4.879502131965150369e+00
6.524792775180270787e+00
6.563179923622269207e+00
6.601459562341196907e+00
6.640309694014934649e+00
6.679584262571300002e+00
6.718963544088746076e+00
6.759247701173177525e+00
6.798192729248850874e+00
6.839319670073940927e+00
6.881881247127819456e+00
6.921634046630451564e+00
6.963058309547561997e+00
7.003823967209491741e+00
7.045710883831612037e+00
7.087773674245306132e+00
7.130391171790277483e+00
7.174143555122136640e+00
7.217359730257546069e+00
7.261757991153946712e+00
7.305087749644351369e+00
7.349858027127498694e+00
7.393334392881873995e+00
7.438834335256195196e+00
7.482771344443279737e+00
7.526965840434976407e+00
7.574414368874760051e+00
7.619819547014964556e+00
7.665886793066056804e+00
7.715147053689965340e+00
7.762263011526549406e+00
7.808102903015649687e+00
7.856838209538235418e+00
7.904542805939062333e+00
7.954062300370848604e+00
8.001272787692151667e+00
8.048802036505572133e+00
8.098302006551506338e+00
8.149280571588167987e+00
8.199465202689413701e+00
8.249560129125320884e+00
8.301195357589381985e+00
8.353265512141044624e+00
8.402059795213464355e+00
8.453316752072819185e+00
8.505704986930513911e+00
8.559077503893387728e+00
8.613791838233277431e+00
8.665717656547288428e+00
8.719353024122387552e+00
8.775572049211206149e+00
8.829428491592382855e+00
8.885991512145411164e+00
8.941831235504587028e+00
8.998433444381657154e+00
9.054164210800792034e+00
9.113640362317488197e+00
9.172414205428934153e+00
9.227139664614970371e+00
9.283263850038061094e+00
9.342524996454585562e+00
9.403486026181036905e+00
9.464756129336056034e+00
9.523143271386706132e+00
9.586341486365640208e+00
9.645314455985772639e+00
9.707994799818537857e+00
9.772697567704341282e+00
9.831487136382545344e+00
9.897985254319694448e+00
9.965416643989136958e+00
1.003075051961570097e+01
1.009963977436999549e+01
1.016175291675180858e+01
1.022473389288103185e+01
1.029848221710891565e+01
1.036762659273444243e+01
1.043924724280290661e+01
1.051180370826266852e+01
1.057386435426141169e+01
1.064973116574767431e+01
1.072315971148360525e+01
1.079997498531315792e+01
1.087357225882556477e+01
1.095631021281369399e+01
0.000000000000000000e+00
1.111066445943893122e+01
1.118825519689598025e+01
1.127207730099255478e+01
1.134986012565869729e+01
1.143476124865681953e+01
2.836136089921385661e+00
1.160074095630773172e+01
2.521293998825925087e+00
1.177720462715827665e+01
1.186341767463528818e+01
0.000000000000000000e+00
1.204339651610233908e+01
1.214198949764316637e+01
1.223457443618787543e+01
1.233101172880156504e+01
1.243083365837861898e+01
1.253471700318527660e+01
1.263670794257511076e+01
1.273670222619243653e+01
1.284116169258530071e+01
1.294699432550828178e+01
1.306178829804104602e+01
1.317854950509179091e+01
2.310098313473915699e+00
1.341936956765502131e+01
1.353450371991513101e+01
1.365150573425981761e+01
1.378199443888523312e+01
1.390730290174508710e+01
1.404236088512908154e+01
1.418273026412532900e+01
1.430872343080566367e+01
1.445338067829226247e+01
1.460009256684740642e+01
1.475231046280263314e+01
1.488603666448410223e+01
1.502666274690548853e+01
1.518392636906400561e+01
1.534274875562829443e+01
1.551589558207569652e+01
1.569703601789919567e+01
1.588095652500547850e+01
1.607873145457802266e+01
1.629520874482767212e+01
1.647271046804383943e+01
1.669014587415479056e+01
1.688832147078571921e+01
1.713582146372905868e+01
1.740688447383266180e+01
1.763576098643134316e+01
1.786627894715817177e+01
1.812738450405152690e+01
1.841924339619627560e+01
1.871234068837271991e+01
1.905844377080008556e+01
1.935278716074741467e+01
1.964530903202131995e+01
1.993187462939689425e+01
2.019113176630619577e+01
2.048912508258259280e+01
2.087554956105421411e+01
2.115606869594775219e+01
2.138734286203225565e+01
2.163616077128541448e+01
2.188004204457251234e+01
2.213748063902437124e+01
2.244204069325648021e+01
2.247111103539964816e+01
