5.024239697092323098e-01
5.029923808592722256e-01
5.040446088657543067e-01
5.058986483890669517e-01
5.085590363315258822e-01
5.121962971683957644e-01
5.168493279393429063e-01
5.227919469849640066e-01
5.300728745513110240e-01
5.386754503863140364e-01
5.484231571662445681e-01
5.594352674167600847e-01
5.715027888238866094e-01
5.844807950114087047e-01
5.980093613389986240e-01
6.117082729439659028e-01
6.251103428032163123e-01
6.381604877737443449e-01
6.505696963674840738e-01
6.616844188649046998e-01
6.710742393562335595e-01
6.791250276994981183e-01
6.858490671423613794e-01
6.913163422044926731e-01
6.964997280234739296e-01
6.994278843687911085e-01
7.017156207568625570e-01
7.047223420862583909e-01
7.055566284954908340e-01
7.078577189576618078e-01
7.143455050174073451e-01
7.201940168491224314e-01
7.293038058999602447e-01
7.464110885717442079e-01
7.833195119989947441e-01
8.435903252792140705e-01
9.752094808743234644e-01
1.123199247825182434e+00
1.289637193170761753e+00
2.061312027021620086e+00
2.079576856898608384e+00
0.000000000000000000e+00
0.000000000000000000e+00
0.000000000000000000e+00
3.732146479708525089e+00
3.735271199899996564e+00
0.000000000000000000e+00
