5.105672001430017204e-01
5.108647312149545705e-01
5.113648511004658115e-01
5.120056060402056186e-01
5.129115322072166361e-01
5.140188396714194807e-01
5.153705955529572780e-01
5.171895640022612373e-01
5.192345146432197911e-01
5.216806920332009989e-01
5.245088636817758498e-01
5.278716430591456898e-01
5.316093589265918906e-01
5.357374974920796618e-01
5.405007152238833212e-01
5.455915118970424693e-01
5.513335651862256714e-01
5.574042898193903861e-01
5.641530060949020431e-01
5.714145687631466686e-01
5.790509836428683332e-01
5.873934624547462180e-01
5.962080791200107255e-01
6.057446623160094301e-01
6.156401915526280577e-01
6.259774249791573153e-01
6.370156326561386972e-01
6.484183459722008269e-01
6.606579262047695966e-01
6.732659167121578525e-01
6.861844966551142733e-01
6.998885766629131533e-01
7.139945777154845796e-01
7.284577447865181465e-01
7.436357917556419839e-01
7.589467202478492602e-01
7.749632675011330907e-01
7.912367056526511400e-01
8.078500804626778109e-01
8.250176760892546923e-01
8.422647375569711770e-01
8.599459365738488792e-01
8.778216977002563093e-01
8.961649524245887122e-01
9.141302628863243740e-01
9.321818628920284233e-01
9.505094756505105824e-01
9.686792715822931665e-01
9.870264083661639543e-01
1.005249437257107692e+00
1.023249298932358053e+00
1.040545686863549424e+00
1.057639048518568492e+00
1.074276485144694204e+00
1.090191801695606699e+00
1.106497341593432271e+00
1.120759277244693486e+00
1.135500104348841743e+00
1.149412183183805336e+00
1.162162782356376933e+00
1.174943170490225119e+00
1.185713312516678775e+00
1.196988125589519170e+00
1.206765646472901077e+00
1.216167376046121351e+00
1.223737646373189936e+00
1.231005908777291102e+00
1.239145948372933237e+00
1.244396875684470993e+00
1.250338321169340627e+00
1.254376439402025145e+00
1.260339440731345295e+00
1.261734067639350476e+00
1.265527325102400402e+00
1.268111039474506985e+00
1.270244074066301243e+00
1.275406573525703857e+00
1.277002434335893222e+00
1.279535468626140871e+00
1.279962353770707884e+00
1.278451085429853196e+00
1.279977972103603090e+00
1.282007517567043120e+00
1.285609394280951223e+00
1.290723224503070199e+00
1.289559971928786908e+00
1.283152951512144035e+00
1.286059799653332281e+00
1.287878759644045967e+00
1.300958848960774850e+00
1.302669200816767070e+00
1.308301176963177159e+00
1.306666912551157633e+00
1.306032296891745714e+00
1.317845453242291631e+00
1.327165897384263271e+00
1.327344879439429581e+00
1.335405887303517503e+00
1.351546832944783505e+00
1.373411227617949315e+00
1.370955127239698701e+00
1.404512757307563753e+00
1.389907868169608429e+00
1.429409896113794209e+00
1.495878413241481297e+00
1.540564123538015195e+00
1.584504876559529318e+00
1.620407361334757601e+00
6.518981471855085807e+00
6.530177757282980444e+00
6.541860768801873505e+00
2.150575754114350424e+00
6.565881946231361788e+00
2.604428073477644823e+00
2.995157449655857729e+00
6.604563806677457016e+00
0.000000000000000000e+00
6.632136534195856470e+00
6.646329982619508137e+00
0.000000000000000000e+00
6.676390305437291950e+00
0.000000000000000000e+00
6.707763920893239806e+00
0.000000000000000000e+00
0.000000000000000000e+00
0.000000000000000000e+00
6.775781500744387564e+00
0.000000000000000000e+00
6.812091677090269748e+00
6.830899655115202584e+00
0.000000000000000000e+00
6.870020021198440574e+00
0.000000000000000000e+00
6.910866794287012560e+00
6.931980394229236175e+00
6.953545533919390564e+00
6.975469629248070014e+00
6.997656274792380060e+00
7.020575620639443848e+00
7.044100369054793198e+00
7.067731511538975830e+00
7.092393846411214398e+00
7.117223914793413542e+00
7.142765933692434288e+00
7.168087596832022790e+00
7.194469152014223212e+00
7.221089638095365970e+00
7.248133753459918616e+00
7.275722612495760799e+00
7.304240241636085429e+00
7.332856808017246486e+00
7.361301249177197192e+00
7.391099339280897240e+00
7.420663719736763753e+00
7.451022645957069201e+00
7.481408095306681716e+00
7.513286076287323034e+00
7.545580037672562135e+00
7.577448063828286173e+00
7.610324926752479513e+00
7.644473955072752958e+00
7.678402362362595213e+00
7.712351515816329162e+00
7.747178871402615741e+00
7.782452760238958156e+00
7.818482919195325564e+00
7.854545549250509850e+00
7.891895978953892943e+00
7.928289788383065861e+00
7.966980683313514611e+00
8.005000995726447854e+00
8.043259161099991061e+00
8.081645525570127830e+00
8.121456670153960999e+00
8.160944422943876120e+00
8.201456817732969640e+00
8.241712350422830013e+00
8.283545926398039327e+00
8.324692490628601504e+00
8.368151093944749874e+00
8.411826242824472999e+00
8.455708150447719618e+00
8.499477802179885799e+00
8.543830666118793715e+00
8.587779804950526952e+00
8.634098120405461430e+00
8.680108576787247898e+00
8.726021762708301210e+00
8.771585967180307364e+00
8.819474167270556109e+00
8.868292204128627176e+00
8.916139964932627393e+00
8.965770469308006696e+00
9.015492026786734669e+00
9.065808130869342563e+00
9.117137984002594564e+00
9.168553413756452386e+00
9.221275920458166908e+00
9.270259999889942648e+00
9.322128247331217921e+00
9.377154497846731829e+00
9.431714181373630268e+00
9.486607927136848417e+00
9.540434277084299808e+00
9.598253976023455536e+00
9.653617672463408184e+00
9.710346212236244057e+00
9.769350647962019352e+00
9.827556975331834366e+00
9.889379004783263483e+00
9.949668324224916205e+00
1.001143074358588514e+01
1.007318823929230511e+01
1.013575360638826339e+01
1.019964364749015395e+01
1.026064482153074131e+01
1.032457429611767274e+01
1.039139968631259059e+01
1.045850611558054055e+01
1.052334852712539437e+01
1.059278981025068589e+01
1.066273216301351923e+01
1.073009266560959496e+01
1.079982322753314961e+01
1.087521116336385596e+01
1.094866031214799484e+01
1.102431087075205518e+01
1.110093494421422378e+01
1.117522961707884122e+01
1.125393737549202022e+01
1.133282380429718650e+01
1.141262548640830587e+01
1.149784119206747590e+01
1.158347663174376230e+01
1.166948594760533453e+01
1.175459872697471653e+01
1.184019986602456243e+01
1.193392344535329919e+01
1.202765086220472845e+01
4.096306885490072602e+00
1.221632713658735980e+01
1.232123195885911571e+01
1.242444988140824513e+01
1.252762480566359926e+01
1.263683841360030513e+01
1.273882631584129932e+01
1.285518458419126020e+01
1.297895280429725418e+01
0.000000000000000000e+00
1.318753867454899975e+01
1.330418185790025731e+01
1.340759727390584466e+01
1.350518462871803393e+01
1.359153022614550110e+01
1.366924843623146657e+01
1.373840552454074349e+01
1.380618350519285187e+01
1.386108346594089724e+01
1.391094084183652413e+01
1.396721731877601158e+01
1.400550320084452594e+01
1.402618995949769420e+01
1.405838017478757962e+01
1.409830411025615504e+01
1.412408155038169433e+01
1.416899837448459820e+01
