5.119282542303631445e-01
5.122801610195507616e-01
5.127838588537153575e-01
5.133608246966162580e-01
5.141850803410670245e-01
5.152079923085783886e-01
5.165728447553360470e-01
5.180701617517630142e-01
5.199953597253644810e-01
5.221159563117158120e-01
5.246507327473181048e-01
5.275023542797058207e-01
5.307099686451479670e-01
5.342395338512162528e-01
5.381970930211894544e-01
5.426616021522048250e-01
5.474795089901776102e-01
5.527025914579897226e-01
5.582738619163062355e-01
5.643892734793766186e-01
5.709625671079544551e-01
5.779481000828285975e-01
5.855832603795693148e-01
5.935833192598036767e-01
6.018868915027568711e-01
6.108386035054587104e-01
6.203307310682714126e-01
6.301224331992627548e-01
6.403665789056985913e-01
6.512541092300065948e-01
6.625363698393680334e-01
6.740990376475543000e-01
6.861836448428119128e-01
6.987646957159151517e-01
7.118610860306040511e-01
7.251906001079180264e-01
7.387737048489282365e-01
7.531308907100784378e-01
7.676668646799763573e-01
7.825135525327268082e-01
7.978386197296802873e-01
8.135705405246552724e-01
8.297513459746511666e-01
8.465082963713557174e-01
8.632126787698221060e-01
8.802548018923956885e-01
8.977900921951107449e-01
9.154699076572129224e-01
9.336410593143660286e-01
9.517764523276490696e-01
9.702880254705575913e-01
9.889963896574323066e-01
1.008022264383788613e+00
1.027285608837263498e+00
1.047086468113330060e+00
1.066510945679600253e+00
1.085713712298288058e+00
1.105335697486322433e+00
1.125051290036321872e+00
1.145027312161074340e+00
1.164066184241422830e+00
1.183204470861529467e+00
1.202488418987045282e+00
1.221647649642795930e+00
1.240577792935978252e+00
1.258782738582037819e+00
1.277228078345103768e+00
1.293992680183820854e+00
1.311285300659386088e+00
1.327806631950251948e+00
1.344655116717199395e+00
1.359256074098302181e+00
1.373290694797801192e+00
1.388393633389841897e+00
1.401668508455925721e+00
1.414136399376647146e+00
1.425109265329099539e+00
1.437639375974884004e+00
1.447996435137257176e+00
1.457599385859940533e+00
1.467117106935077020e+00
1.474817732397023073e+00
1.484553481367930194e+00
1.491191588152713798e+00
1.496408660988013617e+00
1.502766338436127835e+00
1.507890596883912471e+00
1.513647900589573103e+00
1.518233066430486611e+00
1.520721505251381167e+00
1.525478380687932622e+00
1.529503427876938604e+00
1.533057160000047769e+00
1.535882807395500871e+00
1.539143763389478448e+00
1.542761358298281316e+00
1.545518087316698264e+00
1.545942994983465546e+00
1.549467308556792711e+00
1.549732830662222449e+00
1.548435678925265568e+00
1.545870270418012726e+00
1.552174255630700994e+00
1.552830365822569947e+00
1.555306705617542917e+00
1.561140887647693098e+00
1.559019089165615490e+00
1.558579863688160261e+00
1.561663177884339726e+00
1.556788646703468393e+00
1.573334934022637688e+00
1.564586489953675663e+00
1.574979675258594281e+00
1.572424906225925900e+00
1.572978189981729447e+00
1.573346922852213225e+00
1.582400610804444385e+00
1.583532926984563494e+00
1.605158736067841208e+00
1.638202491530038829e+00
1.634073838783815180e+00
1.632941244659570357e+00
1.641133058270279887e+00
1.668758280589725418e+00
1.705747134915776009e+00
1.745206621217873622e+00
1.777561250643947321e+00
1.797540433967089957e+00
1.852999701382820552e+00
1.935791620297299787e+00
1.874658351983236715e+00
1.948662970217603263e+00
1.925798879854814238e+00
8.228432846764903275e+00
8.238858342503460719e+00
8.249393495069604398e+00
8.260323759666341914e+00
8.271236331807109821e+00
8.282811723102385670e+00
8.294481900252195672e+00
8.306145560082976331e+00
8.318580841250263092e+00
8.330788277310366752e+00
8.343287596840092135e+00
8.356246906166186150e+00
8.369372936359017245e+00
8.382805288170608549e+00
8.396469553886475978e+00
8.410459896033634308e+00
8.424793983994511848e+00
8.439389450982872631e+00
8.453891538201830258e+00
8.468807954587132869e+00
8.484197672191720940e+00
8.499878489983419882e+00
8.516102904019332343e+00
8.532247898576713396e+00
8.549130213409350532e+00
8.565804962813745149e+00
8.583021929620656465e+00
8.600107755859619729e+00
8.618319841517662283e+00
8.635783817041041033e+00
8.654600037189279504e+00
8.673307218566929322e+00
8.692135090835140687e+00
8.711313106072049450e+00
8.731307082426436494e+00
8.751034665700384352e+00
8.771104745910839995e+00
8.791082249893932499e+00
8.811857388989647433e+00
8.833364075010694094e+00
8.854657368390085992e+00
8.876321863483283892e+00
8.898282261503851487e+00
8.920835021734500714e+00
8.943565105641239299e+00
8.966935712625874189e+00
8.990296994250785545e+00
9.013952877719932033e+00
9.037967330133065857e+00
9.062419301577611108e+00
9.086243344901118846e+00
9.111473349996888516e+00
9.137946811476158615e+00
9.163106638688306660e+00
9.189147720592151458e+00
9.214984247390429317e+00
9.241447554913568396e+00
9.268283711441036132e+00
9.295669201543386606e+00
9.323652032814154111e+00
9.352203176021136599e+00
9.380493242563085587e+00
9.409633558312297197e+00
9.438707253607640624e+00
9.467853829811399891e+00
9.498014125424369070e+00
9.527120999510339416e+00
9.557121307150611145e+00
9.589074398167044322e+00
9.619861227732005915e+00
9.651578169249281913e+00
9.684703739888913532e+00
9.716989643375104180e+00
9.748866255363966005e+00
9.782270862469104600e+00
9.815674880126117330e+00
9.850635282068205711e+00
9.884054057317490205e+00
9.917719930301682751e+00
9.952628451110893337e+00
9.988710709424690748e+00
1.002461312082888689e+01
1.006019668070283757e+01
1.009697988264953850e+01
1.013486739385658630e+01
1.017082175779381181e+01
1.020802576807733786e+01
1.024663010254304929e+01
1.028512299184944290e+01
1.032494597504366141e+01
1.036426738186618657e+01
1.040407550001310533e+01
1.044495000097259130e+01
1.048422370347401511e+01
1.052663641365839453e+01
1.056810763101428918e+01
1.061050465829157474e+01
1.065314130365833734e+01
1.069720647654511936e+01
1.074170281868810939e+01
1.078268050089094210e+01
1.082612974397632399e+01
1.087100004114765994e+01
1.091844270804084971e+01
1.096341900102300215e+01
1.100872207256029434e+01
1.105687655283778703e+01
1.110187714183877716e+01
1.115026242047914096e+01
1.119885639376425424e+01
1.124507840727821240e+01
1.129596288875480958e+01
1.134709277788002169e+01
1.139630583819751308e+01
1.145153673252472792e+01
1.150030295852240592e+01
1.154999597028018599e+01
1.160617165472362267e+01
1.165913912247890316e+01
1.171373527893681654e+01
1.176968234829340965e+01
1.181885720242584981e+01
1.187656284811442120e+01
1.193561495111076098e+01
1.199382362121706436e+01
1.205031036178048964e+01
1.211256302142495400e+01
1.217515692019989082e+01
1.223073893824152414e+01
1.228931050695411464e+01
1.235201521361909371e+01
1.241138186129452414e+01
1.247409589267582497e+01
1.253541727992632104e+01
1.259973739685060679e+01
1.266452163674490450e+01
1.273318775814730230e+01
1.280092542077020923e+01
1.286669807185055703e+01
1.293426095968527179e+01
1.300504414218377747e+01
1.307286420932696913e+01
1.314398503662996376e+01
1.321593437882521727e+01
1.329242418366545131e+01
1.336461919125752651e+01
1.343965678243239381e+01
1.351428102247017371e+01
1.359074326533164090e+01
1.367028357286711326e+01
1.375172142145974874e+01
1.383353989127851236e+01
1.391548636988650145e+01
1.399485399036077027e+01
1.407614869007139902e+01
1.416734320893166910e+01
1.424906008744888020e+01
1.433742375829321958e+01
1.443385301613409233e+01
1.451498906946057410e+01
1.460969708939555645e+01
1.470093890012277171e+01
1.480046185946537385e+01
1.490420410952274999e+01
1.499161951543940319e+01
1.509174756457278654e+01
1.519031548684580279e+01
1.530078700562914840e+01
1.541059364924123365e+01
1.551687955909040184e+01
1.562946894511549623e+01
1.574373878632816215e+01
1.585416481669369304e+01
1.597742862617189807e+01
1.610037659354817308e+01
1.622885760873493410e+01
1.636388062837644242e+01
1.647611437200940543e+01
1.660239967876713862e+01
1.674637760651631169e+01
1.688123167152787829e+01
1.701321829714470013e+01
1.716963572728706211e+01
1.729945027364746579e+01
1.743492094835798767e+01
1.756510291531720824e+01
1.767682960637345602e+01
1.782737556377000843e+01
1.794271027880260405e+01
1.805735695731593893e+01
1.814454566214451603e+01
1.823359767949177979e+01
1.831449558832441582e+01
1.842527610352180290e+01
1.850502248589186749e+01
1.850236826416437808e+01
1.857080446391321260e+01
1.863504267250023716e+01
1.868980445910790067e+01
1.872541694814987778e+01
1.878739407278343165e+01
1.881492686768664768e+01
