5.059619580122072247e-01
5.062201189011376057e-01
5.067363558649435884e-01
5.074777900241982387e-01
5.085413070703679317e-01
5.099338665524864034e-01
5.116571539599227281e-01
5.141776889214844104e-01
5.167494180784784064e-01
5.200927743200686182e-01
5.238312796413781003e-01
5.282114599863904081e-01
5.331885003667340417e-01
5.385282246660270111e-01
5.447194290612547007e-01
5.514624698371489719e-01
5.586611203564610939e-01
5.665913005882285969e-01
5.747331542785739655e-01
5.833029936589002595e-01
5.927532796040362317e-01
6.020997349855180536e-01
6.120884221459444996e-01
6.218033961576107105e-01
6.316942955570868934e-01
6.417635832299946053e-01
6.513658035802306623e-01
6.607343556635530968e-01
6.700115719543551229e-01
6.787361295181033594e-01
6.872689831433322905e-01
6.948705420836727153e-01
7.021548370085567425e-01
7.080027696523361058e-01
7.138829956736604254e-01
7.190086741332770703e-01
7.233129817257140104e-01
7.272694138299798938e-01
7.309058115642709241e-01
7.330328884709254034e-01
7.368088514558573943e-01
7.382872927191552748e-01
7.382957218008431299e-01
7.406158801692347415e-01
7.411969380622863701e-01
7.428496731228095840e-01
7.429327771607976416e-01
7.472849927950523385e-01
7.464756972200856655e-01
7.459550194292803305e-01
7.505790542307002600e-01
7.497703021226149733e-01
7.524544197473893581e-01
7.597560041293653921e-01
7.778352793147853550e-01
7.741319359214154927e-01
7.920072617850925090e-01
8.091850673537125394e-01
8.387089173350038562e-01
8.817048171360927222e-01
9.646853918304721942e-01
1.105313007996993502e+00
1.104587323621635475e+00
1.216571174879221839e+00
1.344724317552846715e+00
1.616427932763551345e+00
1.949898338090464645e+00
2.935184871948230079e+00
3.179940292036698590e+00
0.000000000000000000e+00
0.000000000000000000e+00
0.000000000000000000e+00
0.000000000000000000e+00
0.000000000000000000e+00
0.000000000000000000e+00
0.000000000000000000e+00
0.000000000000000000e+00
0.000000000000000000e+00
0.000000000000000000e+00
0.000000000000000000e+00
0.000000000000000000e+00
0.000000000000000000e+00
0.000000000000000000e+00
0.000000000000000000e+00
0.000000000000000000e+00
0.000000000000000000e+00
0.000000000000000000e+00
0.000000000000000000e+00
0.000000000000000000e+00
0.000000000000000000e+00
0.000000000000000000e+00
0.000000000000000000e+00
0.000000000000000000e+00
3.361983897435232738e+00
2.500550088436601204e+00
0.000000000000000000e+00
0.000000000000000000e+00
0.000000000000000000e+00
0.000000000000000000e+00
0.000000000000000000e+00
0.000000000000000000e+00
0.000000000000000000e+00
4.128570696231365744e+00
0.000000000000000000e+00
0.000000000000000000e+00
0.000000000000000000e+00
0.000000000000000000e+00
0.000000000000000000e+00
0.000000000000000000e+00
0.000000000000000000e+00
0.000000000000000000e+00
0.000000000000000000e+00
0.000000000000000000e+00
0.000000000000000000e+00
0.000000000000000000e+00
0.000000000000000000e+00
0.000000000000000000e+00
0.000000000000000000e+00
3.087398170598983249e+00
0.000000000000000000e+00
0.000000000000000000e+00
0.000000000000000000e+00
0.000000000000000000e+00
3.395689782415849844e+00
0.000000000000000000e+00
3.779631863319468543e+00
2.700709421130119914e+00
4.362291569842220440e+00
0.000000000000000000e+00
2.315166088376757969e+00
0.000000000000000000e+00
0.000000000000000000e+00
6.234470027505583545e+00
0.000000000000000000e+00
0.000000000000000000e+00
0.000000000000000000e+00
0.000000000000000000e+00
0.000000000000000000e+00
0.000000000000000000e+00
0.000000000000000000e+00
0.000000000000000000e+00
6.846556842636446483e+00
0.000000000000000000e+00
6.993646213356953467e+00
5.708066201820078511e+00
7.147521085098350824e+00
0.000000000000000000e+00
7.309482313431354683e+00
7.392229764277581161e+00
7.477921359120673017e+00
7.563568234909852528e+00
7.643790656007804607e+00
7.716831715506091705e+00
7.779804498618786646e+00
7.837714977412462147e+00
7.881830548608851572e+00
7.920728669022333968e+00
7.952038745888478921e+00
7.977688609255712215e+00
8.002878422113102630e+00
8.026888244546771745e+00
8.033236268572226280e+00
8.061004878318833278e+00
