5.002954176046449097e-01
5.004975620871281450e-01
5.008555375379831753e-01
5.013145996946832827e-01
5.019648122555606662e-01
5.027832107791780913e-01
5.038682087312620350e-01
5.050437267415057718e-01
5.066637101238776753e-01
5.082920009115612370e-01
5.103024115387639892e-01
5.126292618650712951e-01
5.152548194092019251e-01
5.177654186844805606e-01
5.207129984256231303e-01
5.241311465792969360e-01
5.275789851570962252e-01
5.312321244909166129e-01
5.350585425835949760e-01
5.391416274894871297e-01
5.433488849007319654e-01
5.476743513178076173e-01
5.525430814851929329e-01
5.571997826479998528e-01
5.615837874368900806e-01
5.666381892135611276e-01
5.709833412419521581e-01
5.758065754563591598e-01
5.801880762610654996e-01
5.847167953997025602e-01
5.894200675869240014e-01
5.932345268364440649e-01
5.973614272238380041e-01
6.011332456808259339e-01
6.049338975499632953e-01
6.079724016314732582e-01
6.110386485698471315e-01
6.134452880186100909e-01
6.157498829315777300e-01
6.173226120966014419e-01
6.200876735381327665e-01
6.216213385072876241e-01
6.235941382123579846e-01
6.247631533830322326e-01
6.255539348842341640e-01
6.276591337041977914e-01
6.286184899972506734e-01
6.282921520193488485e-01
6.291905378617246303e-01
6.319278978356640541e-01
6.310007234370598184e-01
6.304604404131147755e-01
6.314341790189345049e-01
6.325379867672012990e-01
6.353379304230245550e-01
6.352134278788095223e-01
6.331523865843954324e-01
6.340871154558366252e-01
6.365160274281805863e-01
6.430259460353651146e-01
6.473582592116839951e-01
6.596803790059264649e-01
6.584454034857295524e-01
2.877027331934848831e-01
6.731233025946475879e-01
6.961548600474719573e-01
7.176703301806165447e-01
7.228998777955264465e-01
7.654338405281275737e-01
8.051764447377361966e-01
8.609128861413567479e-01
9.801910647442150237e-01
1.155678700879443355e+00
1.440724391429495155e+00
2.266672852177736175e+00
1.948240463589189231e+00
2.018718617147487127e+00
2.567823717797738325e+00
4.007884631390992602e+00
0.000000000000000000e+00
0.000000000000000000e+00
0.000000000000000000e+00
0.000000000000000000e+00
0.000000000000000000e+00
0.000000000000000000e+00
0.000000000000000000e+00
0.000000000000000000e+00
0.000000000000000000e+00
0.000000000000000000e+00
0.000000000000000000e+00
0.000000000000000000e+00
0.000000000000000000e+00
0.000000000000000000e+00
0.000000000000000000e+00
0.000000000000000000e+00
0.000000000000000000e+00
0.000000000000000000e+00
0.000000000000000000e+00
0.000000000000000000e+00
0.000000000000000000e+00
0.000000000000000000e+00
0.000000000000000000e+00
0.000000000000000000e+00
0.000000000000000000e+00
0.000000000000000000e+00
0.000000000000000000e+00
0.000000000000000000e+00
0.000000000000000000e+00
2.895703452476734441e+00
2.623552159116818494e+00
2.698220719653368960e+00
2.629915056096766346e+00
0.000000000000000000e+00
0.000000000000000000e+00
0.000000000000000000e+00
0.000000000000000000e+00
0.000000000000000000e+00
0.000000000000000000e+00
0.000000000000000000e+00
0.000000000000000000e+00
0.000000000000000000e+00
2.586055118825855370e+00
0.000000000000000000e+00
0.000000000000000000e+00
2.224134501572661460e+00
2.223970772032878962e+00
3.176800228068697773e+00
0.000000000000000000e+00
0.000000000000000000e+00
3.242362423981412167e+00
3.788811300772818580e+00
3.829243327570234001e+00
3.083931592813057065e+00
2.860225222390818001e+00
0.000000000000000000e+00
0.000000000000000000e+00
0.000000000000000000e+00
3.887637464495156792e+00
0.000000000000000000e+00
0.000000000000000000e+00
0.000000000000000000e+00
0.000000000000000000e+00
0.000000000000000000e+00
3.080591157240319955e+00
0.000000000000000000e+00
0.000000000000000000e+00
0.000000000000000000e+00
0.000000000000000000e+00
0.000000000000000000e+00
0.000000000000000000e+00
0.000000000000000000e+00
0.000000000000000000e+00
0.000000000000000000e+00
2.102949765774638102e+00
1.980469719962214326e+00
2.347435266626682004e+00
0.000000000000000000e+00
0.000000000000000000e+00
0.000000000000000000e+00
3.091737526249229706e+00
0.000000000000000000e+00
0.000000000000000000e+00
0.000000000000000000e+00
0.000000000000000000e+00
2.681802169602655272e+00
0.000000000000000000e+00
0.000000000000000000e+00
0.000000000000000000e+00
0.000000000000000000e+00
0.000000000000000000e+00
0.000000000000000000e+00
2.478276559600253837e+00
0.000000000000000000e+00
0.000000000000000000e+00
0.000000000000000000e+00
0.000000000000000000e+00
3.284943939478502273e+00
1.648564779743465269e+00
2.223719841655148244e+00
2.116190843315210124e+00
2.290099484649148476e+00
2.263055280293110982e+00
0.000000000000000000e+00
0.000000000000000000e+00
1.803625540228598556e+00
0.000000000000000000e+00
1.589134219362274614e+00
0.000000000000000000e+00
2.206117337142310397e+00
0.000000000000000000e+00
0.000000000000000000e+00
0.000000000000000000e+00
3.752537453009186841e+00
0.000000000000000000e+00
0.000000000000000000e+00
0.000000000000000000e+00
0.000000000000000000e+00
6.868755021198652777e+00
0.000000000000000000e+00
6.966160147971615757e+00
3.166136992259270144e+00
0.000000000000000000e+00
7.114156201322254347e+00
0.000000000000000000e+00
7.216955261534206301e+00
7.267628197219288211e+00
0.000000000000000000e+00
7.369028398825757442e+00
7.420112172859176347e+00
0.000000000000000000e+00
7.522879140075596105e+00
7.573529075341335570e+00
7.626231838927714612e+00
7.680760816330606033e+00
7.733764789608911450e+00
7.786934395766645700e+00
7.841429053689163098e+00
7.896411319254995398e+00
7.947813848570896234e+00
8.001845576477633060e+00
8.056953482234309405e+00
8.113052036969481406e+00
8.170567774142540429e+00
8.224722533023134829e+00
8.280813428938657239e+00
8.340235361762804445e+00
8.396464384577940976e+00
8.455284412697242402e+00
8.513379562986756355e+00
8.572619062716992033e+00
1.365887569554926628e+00
8.692624070463008223e+00
8.753373722799342005e+00
8.810037474091252818e+00
8.867779011744261197e+00
8.929441082764649096e+00
8.992580088097431812e+00
9.055675211865317209e+00
9.820429438377278331e-01
9.181459504348538303e+00
1.155591994884016982e+00
1.721983260409460037e+00
9.373100130683321041e+00
2.415538246874695982e+00
0.000000000000000000e+00
0.000000000000000000e+00
0.000000000000000000e+00
0.000000000000000000e+00
9.771068992886165816e+00
9.835528014123452678e+00
9.910942621406618969e+00
9.980434744466181840e+00
0.000000000000000000e+00
1.012682457720971207e+01
9.054628878104616918e-01
1.819242593229956961e+00
0.000000000000000000e+00
1.041829363528239050e+01
0.000000000000000000e+00
0.000000000000000000e+00
2.427196141607494084e+00
0.000000000000000000e+00
1.081175212185524970e+01
1.089611788767493117e+01
0.000000000000000000e+00
0.000000000000000000e+00
0.000000000000000000e+00
1.122887576715214841e+01
1.130849583026948402e+01
8.823782775024207048e-01
1.149070015542725720e+01
1.158087369248507414e+01
1.167078254994754261e+01
1.707093096941801447e+00
1.186128725510883974e+01
1.195733302671322917e+01
1.205628677038350816e+01
0.000000000000000000e+00
1.226300502678196835e+01
1.236224319682850492e+01
1.246511483387170038e+01
0.000000000000000000e+00
0.000000000000000000e+00
1.319078729341590428e+00
1.293990889690443424e+01
1.304699373626930559e+01
1.316442194907646446e+01
1.328258491252780438e+01
1.341227102901107493e+01
1.353295052757038519e+01
1.366637418220531508e+01
1.380703450153460210e+01
1.393236897141938258e+01
1.407661911941313448e+01
1.422267350280118414e+01
1.438221731890469179e+01
1.454950645271374121e+01
1.469063046621652369e+01
1.485116015672193690e+01
1.501045586246061525e+01
1.518605874900420183e+01
1.537300328633574864e+01
1.556792279928727929e+01
1.576500024056546678e+01
1.599093496764541555e+01
1.617970267499333303e+01
1.640817225929696832e+01
1.660673866784542341e+01
1.686685088317421588e+01
1.715712120432239018e+01
1.738351162517552950e+01
1.761692145199561210e+01
1.789605798237019840e+01
1.821124788368239678e+01
1.850608915600918536e+01
1.889023156907560619e+01
1.921576925728121310e+01
1.952295374593949973e+01
1.983277221445268168e+01
2.012829316108552291e+01
2.042354371446161565e+01
2.088056632664879686e+01
2.116610540856997957e+01
2.143203519889725328e+01
2.173582412264935826e+01
2.199708011160706178e+01
2.230504071051136705e+01
2.265590504013229278e+01
2.268947258399376565e+01
