5.075577385844247669e-01
5.078021631094158383e-01
5.082577788788769091e-01
5.087595951112787729e-01
5.094819185864517541e-01
5.104533060224731855e-01
5.116955899308939237e-01
5.131057580790174821e-01
5.149231992842963068e-01
5.169067794673122274e-01
5.192648092462017750e-01
5.219700386260638370e-01
5.249973963491187945e-01
5.282083797202892228e-01
5.317904013007694886e-01
5.359191951004702581e-01
5.403132823759804193e-01
5.448820787010227873e-01
5.497798675690276360e-01
5.552084789180052882e-01
5.608213609136220024e-01
5.667230424704126079e-01
5.732773355449346520e-01
5.798417511215192555e-01
5.863955150573151309e-01
5.936903668055905081e-01
6.008090460722278481e-01
6.083538051552287440e-01
6.155999391336652860e-01
6.231956468364754365e-01
6.308536319501132361e-01
6.383271056324403281e-01
6.457736478622359000e-01
6.533477683935006164e-01
6.607538814349727119e-01
6.675157768267753200e-01
6.739634393898530362e-01
6.804729418941639629e-01
6.863181260137015682e-01
6.914704454908657816e-01
6.970879250353925194e-01
7.018829527592549411e-01
7.065564119742073768e-01
7.109225012648889841e-01
7.141554110637948760e-01
7.183964023483978556e-01
7.219063571205233121e-01
7.236860055062805941e-01
7.268563145632093159e-01
7.300395560931709493e-01
7.309770597608659104e-01
7.309601124079435630e-01
7.328763584047676138e-01
7.342438035073814984e-01
7.366075528773915471e-01
7.367799256959622900e-01
7.362166149729606479e-01
7.379735994292510037e-01
7.382287403128094949e-01
7.396327158482219888e-01
7.416758663482384550e-01
7.471589777884540817e-01
7.436808220346673437e-01
7.452055283031149280e-01
7.502266625403124500e-01
7.505489534634101068e-01
7.486369073336646141e-01
7.476682535865712964e-01
7.573924721639857527e-01
7.605936888509882143e-01
7.607188185922930668e-01
7.806240092220231297e-01
7.881379085303484855e-01
8.021121951675153072e-01
8.273573720186407909e-01
8.681275370480163733e-01
8.637959799709448161e-01
8.837654790500861779e-01
9.107235556540171917e-01
9.392480885464277174e-01
9.855207379554631331e-01
1.134297224047935426e+00
1.090973553915143723e+00
1.321997211085289115e+00
1.424417686815938611e+00
1.782376090821412795e+00
2.141462514193971156e+00
2.804609477034523124e+00
2.397060894056235014e+00
0.000000000000000000e+00
0.000000000000000000e+00
0.000000000000000000e+00
0.000000000000000000e+00
0.000000000000000000e+00
0.000000000000000000e+00
0.000000000000000000e+00
0.000000000000000000e+00
0.000000000000000000e+00
0.000000000000000000e+00
0.000000000000000000e+00
0.000000000000000000e+00
0.000000000000000000e+00
0.000000000000000000e+00
0.000000000000000000e+00
0.000000000000000000e+00
0.000000000000000000e+00
0.000000000000000000e+00
0.000000000000000000e+00
4.843356645953548423e+00
0.000000000000000000e+00
0.000000000000000000e+00
0.000000000000000000e+00
0.000000000000000000e+00
0.000000000000000000e+00
3.787188117274168153e+00
0.000000000000000000e+00
4.224725409327251491e+00
0.000000000000000000e+00
0.000000000000000000e+00
0.000000000000000000e+00
3.707527855057083599e+00
4.455566999966038999e+00
0.000000000000000000e+00
0.000000000000000000e+00
0.000000000000000000e+00
0.000000000000000000e+00
0.000000000000000000e+00
0.000000000000000000e+00
0.000000000000000000e+00
0.000000000000000000e+00
0.000000000000000000e+00
3.788779678914032001e+00
3.782758313681146234e+00
0.000000000000000000e+00
0.000000000000000000e+00
0.000000000000000000e+00
2.848352298810953531e+00
3.948206759573170466e+00
2.593773277900155438e+00
2.421242686400383981e+00
4.249262369303401954e+00
3.094717383525097620e+00
0.000000000000000000e+00
3.721708532809584913e+00
0.000000000000000000e+00
0.000000000000000000e+00
0.000000000000000000e+00
0.000000000000000000e+00
0.000000000000000000e+00
0.000000000000000000e+00
0.000000000000000000e+00
3.401112540532655881e+00
2.599003129452752248e+00
2.939059890168453926e+00
2.962972252323752720e+00
4.277638413470956635e+00
4.455112274859250654e+00
2.591625385428353745e+00
3.355989487142404748e+00
3.959253218136668639e+00
3.069749669519327373e+00
4.546626663562638448e+00
0.000000000000000000e+00
2.997431527784792493e+00
2.853729530884846710e+00
4.560875776605953114e+00
2.744947438816056184e+00
3.108042951644884422e+00
0.000000000000000000e+00
3.421508559773678293e+00
0.000000000000000000e+00
3.601520043247066205e+00
3.609219152135247910e+00
3.358756368487854083e+00
0.000000000000000000e+00
0.000000000000000000e+00
0.000000000000000000e+00
4.167477019449997044e+00
3.082722638988810271e+00
2.181464383060746748e+00
2.270990094631485601e+00
2.167174924120939483e+00
3.579457864075045848e+00
2.030374259479765353e+00
3.326640807566009883e+00
0.000000000000000000e+00
0.000000000000000000e+00
6.573900893546695379e+00
0.000000000000000000e+00
6.662509211883656413e+00
0.000000000000000000e+00
6.753150977998826576e+00
6.799913930613001867e+00
6.845790590414018162e+00
6.893048116432492378e+00
6.938966102051630003e+00
6.986539034944028614e+00
7.032394814009620632e+00
7.080663304058729679e+00
7.127344544075235433e+00
7.173962586486145376e+00
7.224252318694418307e+00
7.272006319126450791e+00
7.320501115575423157e+00
7.372473204835655380e+00
7.422068779599266364e+00
7.470254625134962190e+00
7.521416388665832287e+00
7.571441699975641981e+00
7.623190068766155569e+00
7.672414180948027074e+00
7.722093730562974656e+00
7.773809786749953155e+00
7.827351016791937788e+00
7.879501662265044892e+00
7.931749206859515233e+00
7.985457920829033718e+00
8.039575919554248884e+00
8.090168685699074658e+00
8.143404573247135403e+00
8.197758925993108292e+00
8.253014905332294759e+00
8.309881616506949342e+00
8.363411620925569778e+00
8.418829816003857047e+00
8.477477216227987000e+00
8.532952239475934064e+00
8.591098078469210364e+00
8.648654485252167845e+00
8.707126854366656232e+00
8.764371664593673117e+00
8.825785258120470544e+00
8.886117554862480006e+00
8.942331563512542658e+00
8.999766902517784217e+00
9.060843925044620661e+00
9.123514946579794227e+00
9.186011664617591777e+00
9.246123734613631129e+00
9.311091582081925111e+00
9.371587724653103635e+00
9.435289194754965081e+00
9.501718005451593285e+00
0.000000000000000000e+00
9.628996087470850895e+00
9.697963179777543630e+00
9.764694061175930528e+00
3.065295142061712497e+00
9.897999450963169465e+00
9.962574122222763506e+00
1.003779090875779900e+01
9.315055661421272060e-01
1.018017219251910710e+01
2.653999859539157402e+00
1.261269239080953009e+00
1.922652135079276681e+00
4.284939182829395676e+00
1.649729180025256925e+00
0.000000000000000000e+00
2.509307289643244676e+00
1.078868081774498400e+01
1.086175426300473923e+01
1.094029244545834700e+01
0.000000000000000000e+00
3.202551430706280122e+00
1.314910831062987118e+00
1.794805976959415572e+00
1.135865143733658122e+01
0.000000000000000000e+00
1.153634895689277684e+01
1.162314063318661361e+01
0.000000000000000000e+00
1.180467274448021620e+01
1.031193729281886018e+00
1.199722413769952745e+01
1.209467175065051059e+01
1.675095651470282609e+00
1.230144740128561942e+01
1.240374915018394297e+01
9.086654102095323982e-01
1.729714175540207677e+00
1.271904359076104463e+01
1.283484996554965640e+01
1.295148398722044725e+01
1.307413488628634646e+01
1.319412293634364097e+01
1.331211531068736420e+01
0.000000000000000000e+00
2.242014425019965174e+00
1.370272057629041562e+01
1.382174645966408733e+01
1.396336198728772082e+01
1.409030310608767245e+01
1.423688687296326805e+01
1.438510783055927078e+01
1.454349221550336857e+01
1.471404926443414318e+01
1.485938151076061153e+01
1.502252072839629804e+01
1.518315880406439611e+01
1.536119708875582113e+01
1.555147094442341960e+01
1.574671471011837909e+01
1.594761982293973901e+01
1.617790863321635086e+01
1.636783757515010507e+01
1.659597986930667801e+01
1.680485623901299519e+01
1.706440476645607518e+01
1.735668247584062840e+01
1.759265406976140511e+01
1.782702590096153017e+01
1.811651321872828291e+01
1.843562670965125605e+01
1.874152907846770333e+01
1.912708710532222867e+01
1.944732119207054311e+01
1.976712042051894258e+01
2.007818037163597324e+01
2.037418128119139737e+01
2.069616710018448202e+01
2.112782688490102956e+01
2.142870722744462597e+01
2.169936530709858857e+01
2.200917104129227653e+01
2.228664797270469577e+01
2.258572671368822782e+01
2.292780198766794442e+01
2.295119626092230547e+01
