5.103249305452312035e-01
5.105948548635251827e-01
5.110959285555406462e-01
5.117142538871056745e-01
5.126068698741119700e-01
5.137052055224711200e-01
5.150087805587935108e-01
5.168447284982868872e-01
5.188810323679821090e-01
5.212710530423556587e-01
5.240901407339779716e-01
5.274665844655688218e-01
5.311363665549326818e-01
5.351973988621033795e-01
5.399558078592678889e-01
5.449946072181516277e-01
5.506670714770826036e-01
5.566477920622711073e-01
5.633032415088713440e-01
5.705199361133452829e-01
5.780319518582018867e-01
5.862012162981423691e-01
5.948680475826391145e-01
6.042250267948404696e-01
6.139169299257484225e-01
6.239891202696324912e-01
6.346787440104429967e-01
6.456898394349382952e-01
6.576138370313119319e-01
6.696392915396194301e-01
6.819541046605939183e-01
6.949182335211752104e-01
7.080590437111607960e-01
7.214630495986088521e-01
7.354710438025776620e-01
7.491775713801327452e-01
7.633841272287062996e-01
7.775811832459136319e-01
7.916546958696168979e-01
8.062253274544409765e-01
8.198639929591676756e-01
8.340110730267116246e-01
8.474354401573895856e-01
8.611060746681222788e-01
8.734392373105857033e-01
8.852935453960466550e-01
8.968655805678429349e-01
9.080826748830590489e-01
9.185900866676826038e-01
9.291373651391011679e-01
9.385426281558479911e-01
9.465358248038511224e-01
9.548532752777830757e-01
9.621023239241979219e-01
9.679451675496708596e-01
9.745695103997291664e-01
9.785377084715787266e-01
9.841279361661082747e-01
9.886826657935824381e-01
9.920606908643821997e-01
9.955526432831005579e-01
9.972046862839335502e-01
1.000893927251507831e+00
1.003280022708727293e+00
1.003861453275843418e+00
1.006345255939381067e+00
1.008366952473009892e+00
1.008062166545492300e+00
1.008025345429699016e+00
1.007947538004180243e+00
1.009559680089974654e+00
1.016620965474194671e+00
1.011218043799737787e+00
1.014103883913859194e+00
1.015412118121689744e+00
1.022949593744526098e+00
1.029224255248290421e+00
1.030452563440045655e+00
1.031943717016141626e+00
1.033060877201240846e+00
1.033843292857118179e+00
1.042961986543494701e+00
1.049101831763971093e+00
1.042285670978817969e+00
1.080293145006676614e+00
1.082513625967607807e+00
1.087958622777785767e+00
1.167637694820154559e+00
1.181897041980970897e+00
1.255783684012624857e+00
1.253289848512314508e+00
1.320281647063949793e+00
1.438374205951582718e+00
1.579853795813431550e+00
1.549258660942631316e+00
1.916779703769700749e+00
2.243876799638768738e+00
2.146777815305718651e+00
2.964644264739981772e+00
2.913534937412372461e+00
0.000000000000000000e+00
0.000000000000000000e+00
0.000000000000000000e+00
0.000000000000000000e+00
0.000000000000000000e+00
0.000000000000000000e+00
0.000000000000000000e+00
0.000000000000000000e+00
0.000000000000000000e+00
5.263712950337575691e+00
0.000000000000000000e+00
0.000000000000000000e+00
0.000000000000000000e+00
0.000000000000000000e+00
0.000000000000000000e+00
0.000000000000000000e+00
0.000000000000000000e+00
5.412796081403700832e+00
0.000000000000000000e+00
0.000000000000000000e+00
0.000000000000000000e+00
5.068935554318088066e+00
0.000000000000000000e+00
0.000000000000000000e+00
6.021754537551772479e+00
5.709895875588705039e+00
4.188426299277510090e+00
0.000000000000000000e+00
0.000000000000000000e+00
0.000000000000000000e+00
0.000000000000000000e+00
3.674503034517295763e+00
3.428569067793400205e+00
3.537226528338068388e+00
5.829437640590107605e+00
0.000000000000000000e+00
0.000000000000000000e+00
0.000000000000000000e+00
0.000000000000000000e+00
0.000000000000000000e+00
0.000000000000000000e+00
0.000000000000000000e+00
0.000000000000000000e+00
0.000000000000000000e+00
5.126478712510385449e+00
0.000000000000000000e+00
0.000000000000000000e+00
0.000000000000000000e+00
6.276694313252219715e+00
4.903494279995570970e+00
6.348861749145989108e+00
0.000000000000000000e+00
6.421633115818424997e+00
6.458417047358433472e+00
6.495921324962337984e+00
6.533649583256976534e+00
6.572899406612572548e+00
6.612399969427190882e+00
6.651365612226924462e+00
6.691228661093918006e+00
6.732816538522963690e+00
6.773858596611976424e+00
6.815001636083978909e+00
6.856857613359235160e+00
6.899172977322246325e+00
6.942065022734628776e+00
6.985004443563936682e+00
7.029320175120916225e+00
7.072315059387635827e+00
7.117977572719728308e+00
7.162721869670483521e+00
7.207744758052052170e+00
7.252557113060477789e+00
7.299091155787546192e+00
7.344939358785566696e+00
7.392191783772632974e+00
7.438879737717370766e+00
7.487121574096001098e+00
7.534411610974673046e+00
7.584647997911840633e+00
7.634993936980700724e+00
7.685434603952225885e+00
7.735196947647884791e+00
7.785813147527235856e+00
7.835737292368176732e+00
7.888234791474733498e+00
7.940679406946196117e+00
7.992512669254409730e+00
8.043636544680847322e+00
8.097741600461525024e+00
8.152851531557262277e+00
8.206629077913289549e+00
8.262054115677244681e+00
8.317629269522681668e+00
8.373924378985426742e+00
8.431041311471023647e+00
8.488386459526244820e+00
8.547066012318204287e+00
8.601347416565303661e+00
8.658254515932148010e+00
8.719345486146112378e+00
8.779899638333775513e+00
8.840586228372735889e+00
8.899848231080847327e+00
8.963189428556415095e+00
9.024052441604718311e+00
9.086170920716400090e+00
9.150877271656192136e+00
9.214254569642054804e+00
9.282341298301204802e+00
9.348271957992464465e+00
9.415860435926745708e+00
9.482601895617326804e+00
9.550846218940606036e+00
9.620618763761019210e+00
9.686548306583913970e+00
9.755998147576349311e+00
9.828644821416416377e+00
9.901649946681958525e+00
9.972663824597997717e+00
1.004735092130578877e+01
1.012253543396526467e+01
1.019519386794595839e+01
1.027080969724497983e+01
1.035294826694649473e+01
1.043379499644091801e+01
1.051571820022113180e+01
1.059884261603836464e+01
1.067809501458289745e+01
1.076369429150811285e+01
1.084958083979981858e+01
1.093507765148909883e+01
0.000000000000000000e+00
1.112079873936912833e+01
1.122320141490992995e+01
1.133449809475226111e+01
1.142648755424275464e+01
1.152785792420445077e+01
1.162783597442419392e+01
1.173108613226219710e+01
1.183054645322089193e+01
1.194363444730083579e+01
1.205445233643145819e+01
1.216638807223385932e+01
1.228434943135876445e+01
1.239436959902953639e+01
1.252080521979876870e+01
1.265579765317541927e+01
1.277262477247757211e+01
1.288264988545908452e+01
1.301163782452946194e+01
1.312661740003373367e+01
1.323846301922099933e+01
1.333224728439041407e+01
1.341914047358572759e+01
1.350191128239896976e+01
1.357821712905177591e+01
1.363889305390457451e+01
1.369767405409828598e+01
1.375780029833251206e+01
