5.097791561551535677e-01
5.100373805502725899e-01
5.105156750929278342e-01
5.110576032767836230e-01
5.118416219280429447e-01
5.128528842486514971e-01
5.141578973520746221e-01
5.156031432010774740e-01
5.175362538961205683e-01
5.195608211258051501e-01
5.220480908785584129e-01
5.248423569898950092e-01
5.280061148499761714e-01
5.314012989345651139e-01
5.352408913336350604e-01
5.396095350701125559e-01
5.442951847912991248e-01
5.492784334213812736e-01
5.546172894596911318e-01
5.605234594378653012e-01
5.666952453382688715e-01
5.733444447929368915e-01
5.805793227397276768e-01
5.881140080462280428e-01
5.957410009789816385e-01
6.040868587260168621e-01
6.127565195591971881e-01
6.216972246845720029e-01
6.307892346777764780e-01
6.403996370754888590e-01
6.499984704877038721e-01
6.599212913889713761e-01
6.700267834065555261e-01
6.803504699472766593e-01
6.907855641237512501e-01
7.009566597951738531e-01
7.108521549432406106e-01
7.212597626581833676e-01
7.309775118129407945e-01
7.405471466124966540e-01
7.501761200648298100e-01
7.592181509349869017e-01
7.682702411504633844e-01
7.770740775529759725e-01
7.849685935209862464e-01
7.932606142627266488e-01
8.006214842008071431e-01
8.069378558711076677e-01
8.138427490053314894e-01
8.196996548267069249e-01
8.244548375644298321e-01
8.290800236433658599e-01
8.338065883404035539e-01
8.379974038219033527e-01
8.428352621043475601e-01
8.449499155181153798e-01
8.470004539065477678e-01
8.505559390854821045e-01
8.523700744415042552e-01
8.546913866444224572e-01
8.567827383537910402e-01
8.600078494696526965e-01
8.602684155558628643e-01
8.622504152173611214e-01
8.646728694361135448e-01
8.629392810142586523e-01
8.637735866225110248e-01
8.629663139681563733e-01
8.641789223912732520e-01
8.623080253024987263e-01
8.622374956073443064e-01
8.655952105525033247e-01
8.649458050298597378e-01
8.705707904683026577e-01
8.671542152619685639e-01
8.768474478982063447e-01
8.743644107289583189e-01
8.791547916765258819e-01
8.847578531048484463e-01
8.928627835653082379e-01
8.817422596234060217e-01
9.031295464856033961e-01
9.141291094626096125e-01
9.227273000007449877e-01
9.144441788374142455e-01
9.648199707100475475e-01
1.008678488169202803e+00
1.037217832183650046e+00
1.080499450030700581e+00
1.117696393457258797e+00
1.211817337238044523e+00
1.307007524360145112e+00
1.370383131111578168e+00
1.502445718777926542e+00
1.587449057432085642e+00
2.092784337258554395e+00
3.323281081900784084e+00
4.013342717538296078e+00
3.988722050109249295e+00
0.000000000000000000e+00
0.000000000000000000e+00
0.000000000000000000e+00
0.000000000000000000e+00
0.000000000000000000e+00
0.000000000000000000e+00
0.000000000000000000e+00
0.000000000000000000e+00
0.000000000000000000e+00
0.000000000000000000e+00
0.000000000000000000e+00
0.000000000000000000e+00
0.000000000000000000e+00
0.000000000000000000e+00
0.000000000000000000e+00
0.000000000000000000e+00
0.000000000000000000e+00
0.000000000000000000e+00
0.000000000000000000e+00
0.000000000000000000e+00
0.000000000000000000e+00
0.000000000000000000e+00
0.000000000000000000e+00
0.000000000000000000e+00
0.000000000000000000e+00
0.000000000000000000e+00
0.000000000000000000e+00
0.000000000000000000e+00
0.000000000000000000e+00
0.000000000000000000e+00
0.000000000000000000e+00
0.000000000000000000e+00
4.980189042060517046e+00
3.748305259191641703e+00
4.592057222112647885e+00
3.639580442127232640e+00
3.859198266785905940e+00
4.348126676696779214e+00
0.000000000000000000e+00
5.475322432554819763e+00
3.198559118726875372e+00
3.483462643746641607e+00
0.000000000000000000e+00
4.688305286178647613e+00
0.000000000000000000e+00
0.000000000000000000e+00
0.000000000000000000e+00
0.000000000000000000e+00
0.000000000000000000e+00
0.000000000000000000e+00
0.000000000000000000e+00
0.000000000000000000e+00
4.082367294091515220e+00
0.000000000000000000e+00
0.000000000000000000e+00
4.752411299466334782e+00
0.000000000000000000e+00
0.000000000000000000e+00
3.705666134275001244e+00
0.000000000000000000e+00
0.000000000000000000e+00
0.000000000000000000e+00
0.000000000000000000e+00
0.000000000000000000e+00
0.000000000000000000e+00
0.000000000000000000e+00
0.000000000000000000e+00
4.953991797932785879e+00
0.000000000000000000e+00
4.738342396249946020e+00
4.767447976950124122e+00
0.000000000000000000e+00
0.000000000000000000e+00
0.000000000000000000e+00
0.000000000000000000e+00
0.000000000000000000e+00
6.351957713114850357e+00
0.000000000000000000e+00
0.000000000000000000e+00
6.470282826766063700e+00
6.510189802827168748e+00
0.000000000000000000e+00
6.590872244538225289e+00
6.632205998770972499e+00
6.672147922479160442e+00
6.714285308608878289e+00
6.757890294836173872e+00
6.798519842998613782e+00
6.840907698160375361e+00
6.882606950483276087e+00
6.925402818823697793e+00
6.968424341489710905e+00
7.011941665451065120e+00
7.056637397946885493e+00
7.100696044071208135e+00
7.145965584113102231e+00
7.190119926741308731e+00
7.235786314296150046e+00
7.280004382540052887e+00
7.326353405505296124e+00
7.371156418603782789e+00
7.416107074272367150e+00
7.464506604161052827e+00
7.510631301463281062e+00
7.557448475761079365e+00
7.607589877233646547e+00
7.655466835017620930e+00
7.701964310169053363e+00
7.751543205301412165e+00
7.799984715201250474e+00
7.850209680457190586e+00
7.898052218262111346e+00
7.946311532806227262e+00
7.996535020268311200e+00
8.048324054343414247e+00
8.099131562166837384e+00
8.149925247955811969e+00
8.202320597380500899e+00
8.255023866966892498e+00
8.304362641722882188e+00
8.356269325991700470e+00
8.409306862781914305e+00
8.463269178762450551e+00
8.518752414722960964e+00
8.571210743277648092e+00
8.625417732222942391e+00
8.682370752605645947e+00
8.736703369626557247e+00
8.793768877573196363e+00
8.850282139005411608e+00
8.907651445972858184e+00
8.963902350787844142e+00
9.023864537868075075e+00
9.083182030994215950e+00
9.138576276436477741e+00
9.195111829876472243e+00
9.254951587047870021e+00
9.316494678354994008e+00
9.378087654831475106e+00
9.437237560149631221e+00
9.501241794084135606e+00
9.560639525588429777e+00
9.623707853344640739e+00
9.689003705436215697e+00
9.747866925133239491e+00
9.814949978989579549e+00
9.882876767235602600e+00
9.948622965938861640e+00
1.001819001691696265e+01
1.008077586556107264e+01
1.014447004388218687e+01
1.021867309835111293e+01
1.028799667196484613e+01
1.036007434372314862e+01
1.043302695430060645e+01
1.049544046760348870e+01
0.000000000000000000e+00
0.000000000000000000e+00
1.072293118933438372e+01
0.000000000000000000e+00
1.088056735246799001e+01
1.096324015045724920e+01
1.103602057928486424e+01
1.111396479067270704e+01
1.119824519433015730e+01
0.000000000000000000e+00
4.830668801021585246e+00
2.938585340868371087e+00
1.152901700945911934e+01
1.161063869340264887e+01
1.170665600187426314e+01
1.179376346650327179e+01
3.398995111600056074e+00
0.000000000000000000e+00
0.000000000000000000e+00
1.216628994178528522e+01
1.226375390070427152e+01
0.000000000000000000e+00
1.246889015414910418e+01
1.257160162178044871e+01
1.267211269260691608e+01
0.000000000000000000e+00
1.288426465693274281e+01
0.000000000000000000e+00
1.311632142655596134e+01
1.570177822202933671e+00
1.336064727567738686e+01
0.000000000000000000e+00
1.359454731985014320e+01
1.372711713260229516e+01
1.385260021641318851e+01
1.398942298563643050e+01
1.412965290567764676e+01
1.425833531165295298e+01
1.440889152959568165e+01
1.452748017887947007e+01
1.468334423290460222e+01
1.484913595586531621e+01
1.499256965648563522e+01
1.515222916711534751e+01
1.531169629735032167e+01
1.548845495030353625e+01
1.567239767689075514e+01
1.586258103467488922e+01
1.606121404718869528e+01
1.628207227703907378e+01
1.646713072669171396e+01
1.668791108185600791e+01
1.689215490654918028e+01
1.714161391395888145e+01
1.742267112081280089e+01
1.765457405231127197e+01
1.789109856330631132e+01
1.816277555938834354e+01
1.846354683398410401e+01
1.876400549808755969e+01
1.912540772928164756e+01
1.942611285426052703e+01
1.973180067233218438e+01
2.002908789499607067e+01
2.030348826887396640e+01
2.060255344458560245e+01
2.102028203116328697e+01
2.131192469233177889e+01
2.154719337584003824e+01
2.182784946087018696e+01
2.207747526645086822e+01
2.234785991492931245e+01
2.267535426724387548e+01
2.271178489972201220e+01
