4.998744946924478239e-01
4.999873848531152798e-01
5.005011868004829445e-01
5.011573818161825233e-01
5.020514863435125985e-01
5.032528279092591816e-01
5.046676327661999695e-01
5.068484424769498231e-01
5.090086180936582716e-01
5.117622800636749680e-01
5.148189137164980167e-01
5.184003369954568452e-01
5.224759265337818315e-01
5.266061962098416149e-01
5.314526978393847578e-01
5.366102299640720386e-01
5.420559879676128956e-01
5.478826947894871457e-01
5.535258809641462330e-01
5.595264046267925950e-01
5.658157185262427946e-01
5.716471748069047454e-01
5.780187456875564012e-01
5.836985559606140406e-01
5.892627126081352307e-01
5.946557251682583756e-01
5.992617884071825829e-01
6.035386888491874879e-01
6.076656257040314868e-01
6.116576480514924752e-01
6.151786522679824065e-01
6.177794011018764575e-01
6.204799588709963842e-01
6.220525698596086617e-01
6.244358083652750135e-01
6.258811661063236054e-01
6.269272859295014211e-01
6.292810257342952296e-01
6.304239248881521318e-01
6.303719261427533915e-01
6.334433095668794422e-01
6.320263352739229346e-01
6.320548001844991104e-01
6.347862985602530372e-01
6.350840068199287147e-01
6.403209346814293657e-01
6.435257539412032601e-01
6.508838062548490955e-01
6.600115298827222698e-01
6.553913581991464010e-01
6.758447268684809606e-01
6.896376010222238229e-01
7.236513827840763691e-01
7.614739240484424965e-01
8.757524444700198751e-01
9.566722155991267407e-01
1.018206228201631536e+00
1.258801533592588617e+00
1.472933840649654602e+00
1.904977215290470260e+00
3.474359647983761068e+00
0.000000000000000000e+00
0.000000000000000000e+00
0.000000000000000000e+00
0.000000000000000000e+00
0.000000000000000000e+00
0.000000000000000000e+00
0.000000000000000000e+00
0.000000000000000000e+00
0.000000000000000000e+00
0.000000000000000000e+00
0.000000000000000000e+00
0.000000000000000000e+00
0.000000000000000000e+00
0.000000000000000000e+00
0.000000000000000000e+00
0.000000000000000000e+00
0.000000000000000000e+00
0.000000000000000000e+00
0.000000000000000000e+00
0.000000000000000000e+00
0.000000000000000000e+00
2.594381808400606726e+00
2.523949605766882431e+00
3.060930303205195102e+00
2.723261069643090782e+00
3.731615874236775543e+00
0.000000000000000000e+00
0.000000000000000000e+00
2.969414662883423262e+00
2.687390583738324068e+00
2.740642953492038014e+00
2.452020571060288923e+00
2.331249256866885666e+00
2.360945518988941227e+00
2.817158062048497946e+00
3.910543811779802148e+00
2.778308107942252470e+00
2.745031578440046083e+00
2.782012622583897699e+00
2.509588051934380282e+00
2.638771770144505258e+00
0.000000000000000000e+00
0.000000000000000000e+00
0.000000000000000000e+00
0.000000000000000000e+00
3.294708689763044873e+00
2.359104115242808053e+00
2.496830684833517555e+00
0.000000000000000000e+00
0.000000000000000000e+00
3.501434291592811832e+00
0.000000000000000000e+00
0.000000000000000000e+00
0.000000000000000000e+00
0.000000000000000000e+00
0.000000000000000000e+00
0.000000000000000000e+00
0.000000000000000000e+00
2.306280451577811252e+00
2.185328637948269925e+00
0.000000000000000000e+00
0.000000000000000000e+00
3.356880220628206235e+00
3.913420320703900224e+00
4.875789750959009794e+00
0.000000000000000000e+00
0.000000000000000000e+00
2.559535186044129773e+00
0.000000000000000000e+00
0.000000000000000000e+00
0.000000000000000000e+00
3.344922143982776763e+00
0.000000000000000000e+00
6.183390661357128337e+00
6.264416130780598557e+00
6.332833978774845107e+00
6.402303260997406653e+00
6.472777216223836838e+00
6.543339422383625426e+00
6.615090183922225364e+00
6.690336071536469476e+00
6.764751607662014443e+00
6.840580220442825876e+00
6.918960373295126587e+00
6.997395635599513497e+00
7.078070831524047257e+00
7.162239144242367850e+00
7.246288986888390404e+00
7.333447099728525487e+00
7.420596441894447892e+00
7.502357411840224088e+00
7.576915214197109449e+00
7.641374151144534110e+00
7.700846010846933432e+00
7.746287286955390705e+00
7.786496380685719920e+00
7.818935948359277077e+00
7.845642621732259236e+00
