1.061366147503710522e+01
5.079989508404394449e-01
5.088976942036407269e-01
1.062196503941937920e+01
5.115319335267317635e-01
1.062828164288137955e+01
5.163921606958905564e-01
5.197850260770281450e-01
1.063775040102194858e+01
5.282136031885683591e-01
1.064043662152851866e+01
5.407502122872689387e-01
5.481158885303342165e-01
1.064840405732805806e+01
1.064991193658988244e+01
5.766074160534537807e-01
1.065415057690251466e+01
6.006429771393473338e-01
1.066133788533144688e+01
1.066094240574266294e+01
6.452914287628103152e-01
1.066506919144581467e+01
6.806447144693253959e-01
6.995505033157600749e-01
7.195320266928616482e-01
1.067629177270887375e+01
1.067838407028775016e+01
7.857191146826263406e-01
1.068110158160796885e+01
8.350716324033168325e-01
8.610468751400819354e-01
8.879960800814857835e-01
9.162289137780953441e-01
9.447559797720503916e-01
9.742616758645735731e-01
1.003996115544643075e+00
1.034972594817255676e+00
1.067042354617028010e+00
1.099534526474508445e+00
1.071334997207799589e+01
1.168175293965489470e+00
1.202504967922995327e+00
1.238102162720763566e+00
1.274238812298346790e+00
1.310688913141399237e+00
1.348083372746218700e+00
1.385085737161223962e+00
1.423787178611319648e+00
1.462213496266574930e+00
1.499450825185542513e+00
1.536220534520656544e+00
1.576930291680397778e+00
1.614785167345756944e+00
1.654272137774650764e+00
1.693276333283036283e+00
1.731728790762971704e+00
1.767928791914185505e+00
1.804451966566503307e+00
1.840848125686034731e+00
1.874771326042235176e+00
1.906958729325617385e+00
1.941363991287602619e+00
1.973548730955839048e+00
2.003559994238633291e+00
2.030335126736455553e+00
2.052209682004884517e+00
2.080509274319487290e+00
2.104194861324971466e+00
2.126451135070861920e+00
2.145073225596842548e+00
2.168988466528103842e+00
2.178620220866023693e+00
2.191603639758785249e+00
2.196445702303068348e+00
2.214188199501613052e+00
2.229569270585716634e+00
2.224324735910624184e+00
2.230232858239414639e+00
2.247552103568131621e+00
2.251881297090731149e+00
2.239920226263896641e+00
2.251344917248800925e+00
2.275907297638809723e+00
2.288253704607915218e+00
2.263474458534965983e+00
1.107276837270013736e+01
1.108847748023227275e+01
1.110259813382223548e+01
2.305158999532512354e+00
2.291826226134779265e+00
1.114717992656844103e+01
1.116460029399218534e+01
1.117985697364398057e+01
1.119682253973458863e+01
1.121296570760573452e+01
1.123015310485563845e+01
1.124823553466060844e+01
1.126564100468084462e+01
1.128405423578689870e+01
1.130338707876534166e+01
1.132253971179604513e+01
1.134227981980571620e+01
1.136251193971844309e+01
1.138307651073906257e+01
1.140304248652707209e+01
1.142453595640765585e+01
1.144360063166847219e+01
1.146471846802845107e+01
1.148077595579687404e+01
1.149084192309756425e+01
1.148961792778796998e+01
1.147511370596134483e+01
1.145001691120774368e+01
1.141850158184477060e+01
1.138608642850114450e+01
