5.078449125802192432e-01
5.081543122273816104e-01
5.087287874666804877e-01
5.094891445407709885e-01
5.106169950809735791e-01
5.120835300632053944e-01
5.138900882294757944e-01
5.164565126618577695e-01
5.192537783578053956e-01
5.226776894023218434e-01
5.266776743191418086e-01
5.313362215366754793e-01
5.366320289795989407e-01
5.424634086276658440e-01
5.491890022192138510e-01
5.565595803162233235e-01
5.646224981132528242e-01
5.734552815279998494e-01
5.828613381278168193e-01
5.928637596197994242e-01
6.039314205901833432e-01
6.154206266765981370e-01
6.277591892454230660e-01
6.403264157784042121e-01
6.536561631908864856e-01
6.674399679988318734e-01
6.816211733696772024e-01
6.960491987850013773e-01
7.107673350446683802e-01
7.256583724325681439e-01
7.405835590838877325e-01
7.552968548065940313e-01
7.700941931530452811e-01
7.839722314751571552e-01
7.978072606129225086e-01
8.109831413796035893e-01
8.233022332204590343e-01
8.345219837814765729e-01
8.458075541057979985e-01
8.561088119497272109e-01
8.659161166856269576e-01
8.739372115608544656e-01
8.811281919792188777e-01
8.877447301824521464e-01
8.936631103062077086e-01
8.981324220546231807e-01
9.025060743836621491e-01
9.072660230829163730e-01
9.082891515439868169e-01
9.114509887007393729e-01
9.129939440040077958e-01
9.152146974696070414e-01
9.173837901871927381e-01
9.183631729440125957e-01
9.220212225671274853e-01
9.192767160469250687e-01
9.179040462763478070e-01
9.193671596942353252e-01
9.213275641611176070e-01
9.223429907757212387e-01
9.285005589444652596e-01
9.404956969826391289e-01
9.471349916903686328e-01
9.503042446517805386e-01
9.426754929391132354e-01
9.585594884015478101e-01
9.665519947078594631e-01
1.003228959905121620e+00
1.026636627253469936e+00
1.044621765082117237e+00
1.111735131960525091e+00
1.162948033702059458e+00
1.212643243898348322e+00
1.368121996440608612e+00
1.522269198671108326e+00
1.793970925118597348e+00
2.101128997755392636e+00
2.404657946190724704e+00
3.499863384435813352e+00
5.572405702644626757e+00
5.306256684891377695e+00
0.000000000000000000e+00
0.000000000000000000e+00
0.000000000000000000e+00
0.000000000000000000e+00
0.000000000000000000e+00
0.000000000000000000e+00
0.000000000000000000e+00
0.000000000000000000e+00
0.000000000000000000e+00
0.000000000000000000e+00
0.000000000000000000e+00
0.000000000000000000e+00
0.000000000000000000e+00
0.000000000000000000e+00
0.000000000000000000e+00
0.000000000000000000e+00
0.000000000000000000e+00
0.000000000000000000e+00
0.000000000000000000e+00
0.000000000000000000e+00
0.000000000000000000e+00
0.000000000000000000e+00
5.447422503258854576e+00
0.000000000000000000e+00
4.222747288180852543e+00
5.543133352062148411e+00
0.000000000000000000e+00
0.000000000000000000e+00
0.000000000000000000e+00
4.057628441478409620e+00
3.805988318056838793e+00
0.000000000000000000e+00
0.000000000000000000e+00
0.000000000000000000e+00
0.000000000000000000e+00
0.000000000000000000e+00
5.163511050130751734e+00
0.000000000000000000e+00
0.000000000000000000e+00
0.000000000000000000e+00
4.968117919350032885e+00
5.091872466380489293e+00
0.000000000000000000e+00
0.000000000000000000e+00
0.000000000000000000e+00
6.319236884119281861e+00
6.372043888342001416e+00
6.426643365972485533e+00
6.482716010654899996e+00
6.539159640212632851e+00
6.596712703116685894e+00
6.654353793266226447e+00
6.713428185585637920e+00
6.775412199666797086e+00
6.835809102348214594e+00
6.898025891011782207e+00
6.960991423546610157e+00
7.025115433353687600e+00
7.089763763744458380e+00
7.155551738463776346e+00
7.224551519466446692e+00
7.293195127606291628e+00
7.363097302364886687e+00
7.435761172356320614e+00
7.509023644955245658e+00
7.584475739507293923e+00
7.663047298130074125e+00
7.742037651431503242e+00
7.823711776085191083e+00
7.905234345672362828e+00
7.981322935331673918e+00
8.050320361800867630e+00
8.109614330090749945e+00
8.163595252669473723e+00
8.204487800188790203e+00
8.240225221269925626e+00
8.268807616699220375e+00
8.291984331544970388e+00
8.314981902834020389e+00
8.336796690513736507e+00
8.342660571399031610e+00
8.367259860466468524e+00
