5.099256246769925394e-01
5.101959248560318239e-01
5.106906663111276945e-01
5.113149807378372103e-01
5.121860210527418023e-01
5.132809502027090298e-01
5.145936787923466316e-01
5.164027538822074659e-01
5.184367282059721971e-01
5.208226462097387266e-01
5.236157571553335943e-01
5.269688652962984943e-01
5.306427630494966463e-01
5.346823544104513104e-01
5.393992386629551383e-01
5.443656936608203267e-01
5.500178128567529967e-01
5.559175571412772188e-01
5.625147775644366854e-01
5.696421125851491851e-01
5.770315022485003054e-01
5.850815399454041277e-01
5.935472500493240711e-01
6.026888527013587460e-01
6.121381018595997148e-01
6.218729682047214880e-01
6.321819251505435000e-01
6.427275518278943167e-01
6.540433968828430755e-01
6.654136428930547131e-01
6.769800787260096264e-01
6.890025136284412266e-01
7.010604499911254894e-01
7.132041042274978038e-01
7.257702317614017629e-01
7.378559077749839989e-01
7.501675332440199684e-01
7.623901371382821868e-01
7.741291919947097533e-01
7.862491890949073747e-01
7.970373046866757738e-01
8.081993366340937124e-01
8.184590726944617201e-01
8.290958201659118787e-01
8.379164148847749738e-01
8.462769239575843594e-01
8.541322459772837661e-01
8.617309853308802170e-01
8.684813376949234165e-01
8.754630308198505517e-01
8.814898794312761021e-01
8.859841915922578304e-01
8.912152795066656807e-01
8.954823911229073952e-01
8.984197912388806051e-01
9.019889779593640577e-01
9.036231559272278613e-01
9.071353103043597876e-01
9.099996262357290533e-01
9.112312274162523984e-01
9.125751906604183672e-01
9.127614462783880667e-01
9.152960013983719723e-01
9.158113737258665177e-01
9.152138193537880939e-01
1.111611151857014532e-05
9.184785525486416358e-01
9.184674750642831675e-01
9.185193754512662734e-01
9.191431715899081034e-01
9.207930434325766189e-01
9.295124157919386620e-01
9.232445806393588805e-01
9.285600142475967100e-01
9.352931018587012924e-01
9.516722695633467177e-01
9.609016552147723322e-01
9.619216633651184178e-01
9.700978460598913555e-01
9.878951408393664702e-01
9.996970768501390880e-01
1.034413637167634459e+00
1.037682560323239800e+00
1.068246330240566699e+00
1.135528917522784065e+00
1.158548213615378630e+00
1.175109045544171504e+00
1.435426404094713781e+00
1.477702770923412734e+00
1.699898022248041096e+00
4.646855184838917907e+00
2.190302588483076907e+00
2.879464332030731377e+00
3.275207354295118556e+00
2.939319488653257206e+00
0.000000000000000000e+00
0.000000000000000000e+00
0.000000000000000000e+00
0.000000000000000000e+00
0.000000000000000000e+00
0.000000000000000000e+00
0.000000000000000000e+00
0.000000000000000000e+00
0.000000000000000000e+00
0.000000000000000000e+00
0.000000000000000000e+00
0.000000000000000000e+00
0.000000000000000000e+00
0.000000000000000000e+00
0.000000000000000000e+00
0.000000000000000000e+00
0.000000000000000000e+00
0.000000000000000000e+00
0.000000000000000000e+00
0.000000000000000000e+00
0.000000000000000000e+00
0.000000000000000000e+00
0.000000000000000000e+00
0.000000000000000000e+00
0.000000000000000000e+00
0.000000000000000000e+00
0.000000000000000000e+00
0.000000000000000000e+00
0.000000000000000000e+00
0.000000000000000000e+00
0.000000000000000000e+00
0.000000000000000000e+00
0.000000000000000000e+00
0.000000000000000000e+00
4.687523054206829798e+00
0.000000000000000000e+00
3.350336297534975305e+00
4.501303896191681808e+00
0.000000000000000000e+00
0.000000000000000000e+00
0.000000000000000000e+00
0.000000000000000000e+00
0.000000000000000000e+00
0.000000000000000000e+00
0.000000000000000000e+00
0.000000000000000000e+00
0.000000000000000000e+00
0.000000000000000000e+00
0.000000000000000000e+00
5.700169371304438570e+00
0.000000000000000000e+00
0.000000000000000000e+00
0.000000000000000000e+00
0.000000000000000000e+00
3.425662841794115732e+00
0.000000000000000000e+00
0.000000000000000000e+00
3.356673650520764607e+00
3.373472489743995162e+00
4.839512171663107765e+00
6.304324425818498057e+00
6.345644610495409843e+00
6.387111857292933514e+00
6.427992660970259564e+00
6.469759283334552080e+00
6.513396480275838840e+00
6.556358867707919202e+00
6.599454413211371495e+00
6.643168512704280992e+00
6.687375854530240638e+00
6.732056596543040783e+00
6.776764903044812272e+00
6.822880734369012323e+00
6.867584157627860009e+00
6.915018900095533105e+00
6.961466310056990459e+00
7.008241546035874237e+00
7.054670694085451110e+00
7.102917977617347667e+00
7.150377176033679838e+00
7.199288369811124078e+00
7.247523996429533710e+00
7.297346069492585130e+00
7.346140643663598979e+00
7.397950919057796781e+00
7.449979303245057416e+00
7.501985623505254885e+00
7.553219361219331240e+00
7.605329808562210303e+00
7.656632446212578103e+00
7.710596907072269524e+00
7.764473863407901355e+00
7.817742194415138179e+00
7.870161024046897325e+00
7.925591570319705959e+00
7.982190081451658870e+00
8.037316020972490094e+00
8.094136068382018934e+00
8.151002708946675668e+00
8.208747923087301501e+00
8.267073764033796124e+00
8.325661531359948242e+00
8.385678715975494413e+00
8.441068524284601082e+00
8.499018979918927741e+00
8.561386227142063987e+00
8.623440243369973501e+00
8.685427161107847738e+00
8.745756255692091585e+00
8.810296688670604226e+00
8.872145729945660975e+00
8.935648080867032661e+00
9.001490309892224317e+00
9.065894108793056461e+00
9.135196484903513436e+00
9.202105718026405867e+00
9.270873702842946429e+00
9.338882316782214588e+00
9.408235406937425438e+00
9.479112410244757925e+00
9.545846855125152075e+00
9.616285220828510560e+00
9.690063877962014516e+00
9.764342971025318008e+00
9.836670668674036833e+00
9.912408015999679023e+00
9.988816357683617753e+00
1.006219644964724935e+01
1.013864408418525720e+01
1.022229866601975345e+01
1.030410730894284832e+01
1.038714105433490431e+01
1.047142318840124808e+01
1.055134592565067031e+01
0.000000000000000000e+00
1.072520104962052301e+01
1.081196673335260172e+01
1.091351834275865507e+01
1.101956337606181791e+01
1.111468896185883537e+01
1.120707035271096608e+01
1.130009792953379488e+01
1.140406799286154893e+01
1.150589270710021061e+01
1.161074215887224881e+01
1.171181928325934507e+01
1.182689683963865690e+01
1.194088029154521280e+01
1.205531047704846515e+01
1.217445320555862764e+01
1.228632022273323265e+01
1.241531858754855477e+01
1.255358707566829501e+01
1.267251998479615160e+01
1.278499159301702903e+01
1.291548280762713752e+01
1.303415080529510206e+01
1.314909100188328317e+01
1.324484925094733612e+01
1.333580874154223928e+01
1.342213078500944334e+01
1.350094204519735008e+01
1.356215544402031092e+01
1.362486846536995166e+01
1.368336075908953831e+01
