5.050338282217420316e-01
5.052780102732368217e-01
5.057762807466980037e-01
5.064948259151673682e-01
5.075098410808293048e-01
5.088342610807847777e-01
5.104741776195573788e-01
5.128881019199380553e-01
5.153272033145956943e-01
5.185070078903193380e-01
5.220486518695812705e-01
5.261820053476883308e-01
5.308602217877675944e-01
5.358472221672491154e-01
5.416132906505329858e-01
5.478486452581173838e-01
5.544673796047174807e-01
5.616810038572250807e-01
5.690096762099783323e-01
5.766824359074986805e-01
5.850645706694400650e-01
5.932283251691305992e-01
6.018143810034701779e-01
6.100737592929282860e-01
6.183487500295546946e-01
6.266982811242668427e-01
6.344193667988820007e-01
6.418943128771703588e-01
6.491643534969636642e-01
6.558765975307053742e-01
6.622876495859268964e-01
6.678497871062736291e-01
6.732841623973292444e-01
6.774164779411671056e-01
6.814644781510982297e-01
6.849947049901478069e-01
6.879314565423662042e-01
6.907519861611096657e-01
6.933035139071821451e-01
6.943586613064468560e-01
6.972268871782288935e-01
6.978898945063780612e-01
6.974784145048872341e-01
6.994910370007334510e-01
6.996326768581866418e-01
7.019457750165341015e-01
7.027098352891866240e-01
7.058631490101604511e-01
7.070405513774948858e-01
7.056799816430415762e-01
7.130937365868278421e-01
7.143168575294581712e-01
7.172396381704677637e-01
7.290707602910208029e-01
7.516981534599084247e-01
7.578953668028666213e-01
7.855948131319800964e-01
8.180919468458758281e-01
8.683553901410996367e-01
9.394978748349099851e-01
1.075491769358370098e+00
1.322550850575570092e+00
1.345756356972718670e+00
1.524649747116915144e+00
1.966294962200628271e+00
2.854275678463430665e+00
4.547475314513254041e+00
0.000000000000000000e+00
0.000000000000000000e+00
0.000000000000000000e+00
0.000000000000000000e+00
0.000000000000000000e+00
0.000000000000000000e+00
0.000000000000000000e+00
0.000000000000000000e+00
0.000000000000000000e+00
0.000000000000000000e+00
0.000000000000000000e+00
0.000000000000000000e+00
0.000000000000000000e+00
0.000000000000000000e+00
0.000000000000000000e+00
0.000000000000000000e+00
0.000000000000000000e+00
0.000000000000000000e+00
0.000000000000000000e+00
0.000000000000000000e+00
0.000000000000000000e+00
0.000000000000000000e+00
0.000000000000000000e+00
0.000000000000000000e+00
0.000000000000000000e+00
0.000000000000000000e+00
3.467052337397677153e+00
2.605090911204062110e+00
4.078932352850307197e+00
0.000000000000000000e+00
0.000000000000000000e+00
0.000000000000000000e+00
0.000000000000000000e+00
0.000000000000000000e+00
0.000000000000000000e+00
0.000000000000000000e+00
0.000000000000000000e+00
0.000000000000000000e+00
0.000000000000000000e+00
0.000000000000000000e+00
0.000000000000000000e+00
3.560081043559396807e+00
0.000000000000000000e+00
0.000000000000000000e+00
0.000000000000000000e+00
0.000000000000000000e+00
0.000000000000000000e+00
0.000000000000000000e+00
0.000000000000000000e+00
0.000000000000000000e+00
4.001579441177587348e+00
3.864621484592585698e+00
0.000000000000000000e+00
3.836927679341338493e+00
0.000000000000000000e+00
0.000000000000000000e+00
3.279329480247032524e+00
0.000000000000000000e+00
0.000000000000000000e+00
0.000000000000000000e+00
0.000000000000000000e+00
0.000000000000000000e+00
2.191664219149459303e+00
4.614917799566991441e+00
0.000000000000000000e+00
0.000000000000000000e+00
0.000000000000000000e+00
6.316237801098875337e+00
6.387040519572438235e+00
6.472383388870496468e+00
6.540127470388537922e+00
6.608905311460179455e+00
6.677949230917392676e+00
6.748141567687723885e+00
6.821765092505207129e+00
6.894691148438993444e+00
6.968999743150231296e+00
7.045910375981554452e+00
7.123014988186972651e+00
7.202451444324711183e+00
7.285155744344057105e+00
7.367989056655289914e+00
7.453777808417019202e+00
7.539500054908446991e+00
7.619898493658221028e+00
7.693053675840307193e+00
7.756193660284711910e+00
7.814321113836777855e+00
7.858610932475399657e+00
7.897705593940635538e+00
7.929209220042074513e+00
7.955019693627979116e+00
