5.056992052612405697e-01
5.063994284100764576e-01
5.075803687089461835e-01
5.095590029212979655e-01
5.124119688600125011e-01
5.164026408782134148e-01
5.215536715643566135e-01
5.281994096489222024e-01
5.364259160598709997e-01
5.463461679323428077e-01
5.579207501802946334e-01
5.714579260270546968e-01
5.867751549994283389e-01
6.038712853176652073e-01
6.228802155660446704e-01
6.436928391817418049e-01
6.659635516408106692e-01
6.897479536504894648e-01
7.146820744838026096e-01
7.404823461955091224e-01
7.663920478117614010e-01
7.923189211828860490e-01
8.173326085417684794e-01
8.414961214930164468e-01
8.642122092827633217e-01
8.849333842922305626e-01
9.030490760464530142e-01
9.179010834907174177e-01
9.302233242867402607e-01
9.413339215782766667e-01
9.504331105257745049e-01
9.566579310046927631e-01
9.620031335250281979e-01
9.658104127764652880e-01
9.683770997808894831e-01
9.739720988136316704e-01
9.767253273370664068e-01
9.785513846456239673e-01
9.848429873590994754e-01
9.632328356090690269e-01
0.000000000000000000e+00
0.000000000000000000e+00
0.000000000000000000e+00
0.000000000000000000e+00
0.000000000000000000e+00
4.945070991416534056e+00
0.000000000000000000e+00
0.000000000000000000e+00
0.000000000000000000e+00
