5.088846951791284878e-01
5.091595167210314354e-01
5.096133545452783409e-01
5.102273541499305898e-01
5.110915258234589587e-01
5.121764545625870912e-01
5.134798327979668287e-01
5.152198581517629661e-01
5.172254284084933929e-01
5.195792420864674410e-01
5.222777909900255811e-01
5.255736852197753217e-01
5.291974278169834234e-01
5.330814483523078628e-01
5.376920918320049481e-01
5.424876248149151925e-01
5.480132948603124721e-01
5.536255264564170497e-01
5.599679873611409509e-01
5.667814039959528927e-01
5.737856330307447017e-01
5.813635068451773469e-01
5.892958205765210788e-01
5.977781159523246624e-01
6.064756095874036523e-01
6.151967672510170182e-01
6.244832741765155015e-01
6.339082269566171934e-01
6.436724267001056043e-01
6.534352050495554343e-01
6.631920600291034695e-01
6.733083574132582294e-01
6.829816846824894316e-01
6.924983548316950843e-01
7.022265403917117288e-01
7.111944751447588642e-01
7.202907560348623672e-01
7.289889758167027445e-01
7.370419802613936699e-01
7.453800442752103184e-01
7.521443059300687572e-01
7.592438747545889877e-01
7.653423575103324161e-01
7.721077429994351871e-01
7.766541580464177974e-01
7.808571017510403944e-01
7.843803719647284289e-01
7.880003746495471972e-01
7.912251452607778068e-01
7.952300450975808843e-01
7.975182008932372169e-01
7.994134558596046602e-01
8.021686287192871800e-01
8.033621537684235703e-01
8.041418117072235416e-01
8.054790962380720121e-01
8.058294346194031510e-01
8.077609446969166163e-01
8.092159078754552759e-01
8.102576493166903093e-01
8.111092746540905507e-01
8.104328521418551201e-01
8.123477175476470080e-01
8.095052054383677920e-01
8.108899112716696500e-01
8.147601591499710194e-01
8.144282539223186568e-01
8.214966344363422435e-01
8.216695225116077417e-01
8.286716292298589304e-01
8.338458871519836002e-01
8.495858184095037569e-01
8.518177244952571670e-01
8.669484798226343436e-01
9.042773025915796792e-01
9.490004770759413733e-01
9.780725995716014198e-01
9.839194934594308606e-01
1.054091196766770544e+00
1.217235923287325106e+00
1.259328901781034959e+00
1.647157750561283107e+00
1.628350750478157805e+00
2.714668111982313281e+00
2.855094471345847484e+00
3.747659423688946223e+00
2.439294317205693119e+00
4.083801433576069506e+00
0.000000000000000000e+00
0.000000000000000000e+00
0.000000000000000000e+00
0.000000000000000000e+00
0.000000000000000000e+00
0.000000000000000000e+00
0.000000000000000000e+00
0.000000000000000000e+00
0.000000000000000000e+00
0.000000000000000000e+00
0.000000000000000000e+00
0.000000000000000000e+00
0.000000000000000000e+00
0.000000000000000000e+00
0.000000000000000000e+00
0.000000000000000000e+00
0.000000000000000000e+00
0.000000000000000000e+00
0.000000000000000000e+00
0.000000000000000000e+00
0.000000000000000000e+00
0.000000000000000000e+00
0.000000000000000000e+00
0.000000000000000000e+00
0.000000000000000000e+00
0.000000000000000000e+00
0.000000000000000000e+00
0.000000000000000000e+00
0.000000000000000000e+00
0.000000000000000000e+00
0.000000000000000000e+00
0.000000000000000000e+00
0.000000000000000000e+00
0.000000000000000000e+00
0.000000000000000000e+00
0.000000000000000000e+00
0.000000000000000000e+00
0.000000000000000000e+00
0.000000000000000000e+00
0.000000000000000000e+00
0.000000000000000000e+00
0.000000000000000000e+00
0.000000000000000000e+00
0.000000000000000000e+00
0.000000000000000000e+00
0.000000000000000000e+00
0.000000000000000000e+00
0.000000000000000000e+00
0.000000000000000000e+00
0.000000000000000000e+00
0.000000000000000000e+00
4.436646580861799194e+00
3.987757002714425791e+00
0.000000000000000000e+00
0.000000000000000000e+00
4.390083505340212966e+00
0.000000000000000000e+00
3.292268037416962390e+00
0.000000000000000000e+00
3.657682582599533383e+00
3.712517741063435572e+00
3.339810474428360099e+00
0.000000000000000000e+00
0.000000000000000000e+00
4.367696733566223344e+00
0.000000000000000000e+00
0.000000000000000000e+00
0.000000000000000000e+00
0.000000000000000000e+00
0.000000000000000000e+00
2.809498910037437458e+00
4.016384815401438324e+00
4.852377423674179902e+00
0.000000000000000000e+00
6.346149529315792570e+00
0.000000000000000000e+00
3.106031979663933296e+00
3.175726717563052137e+00
2.272498477932268113e+00
2.558730708999951808e+00
3.196295779836349826e+00
3.158390137784913509e+00
6.725437029509104825e+00
6.774299334560581975e+00
6.822653234228857499e+00
6.872937108728544686e+00
6.922309133019003191e+00
6.973215675342903097e+00
7.023319643504499332e+00
7.075056193801004589e+00
7.125527572060300407e+00
7.179236637523088937e+00
7.233189352063824629e+00
7.287080747258758429e+00
7.340036037297237748e+00
7.393791176880031735e+00
7.446755712247958847e+00
7.502513318566868428e+00
7.558091976841327053e+00
7.612838650907872484e+00
7.666851205199391117e+00
7.723851077839265500e+00
7.782077591440735631e+00
7.838691980716286700e+00
7.897138422766893484e+00
7.955524937572809208e+00
8.014717288443444332e+00
8.074450161941131299e+00
8.134585399620222645e+00
8.196149368947017066e+00
8.252727904520360980e+00
8.311910179963790668e+00
8.375723901593257636e+00
8.439054787372864297e+00
8.502444987646811114e+00
8.564068530896243203e+00
8.630090201876313927e+00
8.693087655690980853e+00
8.757661917675410024e+00
8.824794087833790712e+00
8.890423873446856362e+00
8.960930523566922545e+00
9.029086237919552005e+00
9.098875402712863547e+00
9.167967039561464304e+00
9.238574428654022341e+00
9.310586197800068575e+00
9.378317129221814596e+00
9.449734003351670353e+00
9.524498994476655156e+00
9.599573739812013784e+00
9.673368822799288225e+00
9.750272662939865498e+00
9.827707181453680718e+00
9.901986591950169725e+00
0.000000000000000000e+00
1.006386614855978046e+01
0.000000000000000000e+00
1.023071279639603048e+01
1.031611997759451782e+01
1.039688534184845103e+01
1.049146583531148913e+01
1.058869404863011709e+01
1.067521395379378291e+01
1.076953428673091828e+01
1.086337543093382152e+01
1.096027459939880266e+01
1.105323531098414591e+01
1.114731258405568681e+01
1.125284388776017686e+01
1.135578803510133206e+01
1.146268854996160336e+01
1.156466040870608403e+01
1.168176110725929817e+01
1.179661014070631175e+01
1.191242175507694334e+01
1.203295388444213287e+01
1.214611528861291490e+01
1.227710074954923414e+01
1.241915039769983764e+01
1.254035880317850804e+01
1.265248841664474355e+01
1.278568680192267770e+01
1.290690970370175528e+01
1.302462182341920816e+01
1.312189476445144720e+01
1.321731584606282617e+01
1.330471170276291737e+01
1.338670457724156826e+01
1.344763192126999662e+01
1.351186168284311861e+01
1.357258660237679493e+01
