2.661904158689713427e+02
2.693255806470762082e+02
2.707055381626802841e+02
2.715218565653711948e+02
2.715471072742204797e+02
2.706988882284365445e+02
2.688148711705321716e+02
2.656767349610906876e+02
2.613504994895581035e+02
2.558370891769106095e+02
2.489861125745810568e+02
2.411149146677926183e+02
2.322586126577031393e+02
2.225720026750221052e+02
2.123272687086266330e+02
2.016852113982895389e+02
1.908982298258407582e+02
1.801387733580130543e+02
1.695939248237733068e+02
1.593880763933476601e+02
1.497594314187299460e+02
1.408022898762849024e+02
1.325673514102430488e+02
1.251933548783159154e+02
1.186713833508288758e+02
1.130844268536505552e+02
1.084570835216436535e+02
1.048230776069685817e+02
1.021112599240926357e+02
1.001806435334082295e+02
9.902585058473050594e+01
9.861447781231254339e+01
9.894659495312306774e+01
9.990856379353337502e+01
1.015224355032874541e+02
1.038041384791334423e+02
1.066513523190385797e+02
1.102714944394926277e+02
1.147474350295960903e+02
1.203198057678010713e+02
1.274184528009758992e+02
1.366212883219122887e+02
1.497785789709952269e+02
1.714949549792541461e+02
2.091579876989126205e+02
2.367342365119192209e+02
1.792665162252055211e+02
6.992711028415295971e+01
1.243830689342899376e+01
9.674581624601236163e-01
3.103185133625616446e-02
6.480018528823480164e-04
2.132624663450417716e-04
1.434336498068930477e-04
1.427810206223338921e-04
1.587439748938421213e-04
1.001979197253893296e-04
8.687976411652347929e-05
1.362416166080445161e-04
7.552427695337970807e-05
1.132202287873177078e-04
1.288963159661192699e-04
9.564995128658377210e-05
7.984442350904382335e-05
1.046843539685149427e-04
6.585706470423790182e-05
4.537704124804919562e-05
6.927310078010974741e-05
5.563421674719923901e-05
7.344614908579942525e-05
2.809292623581625725e-05
8.046925394790722269e-05
5.456609743231048931e-05
2.284705270966864066e-05
3.150536786837262234e-05
3.975951491582326714e-05
8.744276090161488943e-05
5.540305497206894804e-05
7.550730516321603383e-05
5.567459957580351193e-05
8.422141715779140237e-05
4.801275740705534156e-05
4.445895724156824486e-05
2.030870671646518738e-05
4.743299958128968419e-05
3.554072948953620976e-05
4.796737222594661562e-05
1.202271288628746075e-04
3.849746379576875899e-05
9.206540751943098155e-05
2.461739395016533433e-05
1.166240454963940465e-05
6.238115028408024586e-06
5.819497217550582746e-06
3.948409079278391198e-05
2.751852790430467144e-05
2.799755357095633340e-05
3.798581890082333479e-05
2.937101392294947055e-05
1.197416424068996460e-05
