3.662548975245279621e+02
3.711978586783498031e+02
3.738796276600567126e+02
3.760630715653281300e+02
3.777349700291083536e+02
3.787241669260657204e+02
3.790349969140187909e+02
3.785134893055024463e+02
3.771295716376417886e+02
3.748160447990313173e+02
3.715092965203870676e+02
3.673645833801419940e+02
3.623082667484077888e+02
3.564985742709681062e+02
3.499941251881975290e+02
3.429192199640939407e+02
3.354423417572476751e+02
3.276220070750561604e+02
3.196242739025390165e+02
3.115130434070281922e+02
3.034607798135037910e+02
2.955432603364537272e+02
2.878385893568952270e+02
2.804257751483662560e+02
2.733900717780670107e+02
2.668277824410201333e+02
2.608302624643662284e+02
2.555797217650072639e+02
2.510242083672818580e+02
2.470008740286570230e+02
2.436725454111572446e+02
2.411943795703265039e+02
2.397648427996616647e+02
2.394943517335895820e+02
2.405320789748943753e+02
2.430975489960198956e+02
2.473437074728332163e+02
2.536629100666360159e+02
2.624629922708713252e+02
2.744479713780074803e+02
2.905855163726344017e+02
3.128827285826837397e+02
3.456337557950957944e+02
4.001211043758226538e+02
4.923785997640596861e+02
5.591934572512473096e+02
4.236015946790502085e+02
1.653400215187561173e+02
2.941458168211155666e+01
2.281584983919444642e+00
7.811650859134242064e-02
4.144838640739840173e-03
3.103674575326638603e-03
2.796017980424927909e-03
2.616264011442972961e-03
2.508339656361370257e-03
2.315633678924600668e-03
2.309007215993974949e-03
2.078154799197380609e-03
1.972843666760468184e-03
1.985424877918383780e-03
1.853937891197239866e-03
1.656439969426159575e-03
1.656216102047235747e-03
1.373813465367607501e-03
1.499679002487192816e-03
1.460986599100268148e-03
1.370448938793760851e-03
1.267720644619300171e-03
1.288324173028134768e-03
1.085244279116689145e-03
9.952165410192683869e-04
1.042243286200908231e-03
9.052827890826597654e-04
9.752375154751190788e-04
9.917697904711808999e-04
8.189359816054656580e-04
7.104398819977106446e-04
8.540583551746854397e-04
8.250962785740785076e-04
7.200863533092214958e-04
5.745797120079391279e-04
6.795364688392023858e-04
7.987174914956798790e-04
6.063266620711487949e-04
6.536762434883726467e-04
5.958351206300438940e-04
5.761175382306206764e-04
5.022175559860410669e-04
4.954909830918508874e-04
4.440116607635501730e-04
5.147204649605230777e-04
5.776126509098846113e-04
5.082719335406586485e-04
4.439908845063201930e-04
5.592028634135739985e-04
3.700251953435680988e-04
4.773500015526449774e-04
4.276909508835071805e-04
3.866540142378247879e-04
