2.661044166718893393e+02
2.691324845738279805e+02
2.704467558084755296e+02
2.711926637493181715e+02
2.711370173848869740e+02
2.702134968207311658e+02
2.682721541450995915e+02
2.650837723793487726e+02
2.607092312845084621e+02
2.551593104225159720e+02
2.482697139225751357e+02
2.403536549516558978e+02
2.314437861156960423e+02
2.217058082824838152e+02
2.113780190841417834e+02
2.006325187734004771e+02
1.896898731706896797e+02
1.787203000821108390e+02
1.678839862593578971e+02
1.572628531904645399e+02
1.470740917232340337e+02
1.373693892002726500e+02
1.281551097582818670e+02
1.195271118451427270e+02
1.114430631347091207e+02
1.039641434773414659e+02
9.708096715828611423e+01
9.080415696349356836e+01
8.512632059640276339e+01
7.989434721174701792e+01
7.517421208549704659e+01
7.091353831766173244e+01
6.711840971664059907e+01
6.381957429144272709e+01
6.098930634083485103e+01
5.868901429728915531e+01
5.686230286122817290e+01
5.561721352221340453e+01
5.497377070976007474e+01
5.507393538297360891e+01
5.607819824487281579e+01
5.821098556193626905e+01
6.220309485075995326e+01
6.994583514989871276e+01
8.436500539371951390e+01
9.482650802853621030e+01
7.149632425399289559e+01
2.785733567416254175e+01
4.947320291527527836e+00
3.917194900381344991e-01
1.231708691741698926e-02
4.087098188109738236e-04
3.318443991852895085e-04
2.157594743655681126e-04
1.728343393256406846e-04
1.180065724494558745e-04
1.643685698612822087e-04
1.116241586332368773e-04
9.631798216565003136e-05
1.793888211988294750e-04
1.974525707170385488e-04
1.208834635500785995e-04
4.179283746969569206e-05
7.465684800021343652e-05
9.447544864984693458e-05
7.511240229347410883e-05
7.546400761495851710e-05
4.724830943457029175e-05
5.620027836775484908e-05
7.383481134463447382e-05
7.901945298098067073e-05
5.862337517989648614e-05
1.096711241544608557e-04
2.579316604416639441e-05
6.199623005548308041e-05
5.559815906007333869e-05
6.146559779990018002e-05
2.562646783737726879e-05
1.317814899757344419e-04
3.947391589881328020e-05
5.471109888249219933e-05
3.397362273891177631e-05
9.661161358496246176e-05
2.149701265084386431e-05
3.619346248960752822e-05
6.176438454991675815e-05
4.585664076570436742e-05
1.281115905675071223e-04
2.708968160586916940e-05
3.661828237049796298e-05
2.106219190738883396e-05
2.777086437591138923e-05
7.333515611808238488e-05
1.687876817350423758e-05
8.376709424422972927e-05
1.044247883315770584e-05
4.028559010962421560e-05
2.881381787350139701e-05
2.384864193875439392e-05
9.231273078655103742e-06
