3.661911700326737673e+02
3.710321917510409548e+02
3.736550303418913472e+02
3.757799332983405520e+02
3.773866818328368140e+02
3.782918312432369703e+02
3.785313311704015860e+02
3.779398739092555957e+02
3.764912897456640053e+02
3.741337616817127696e+02
3.707788756404605124e+02
3.665885097058923066e+02
3.614918584368992356e+02
3.556456410753532964e+02
3.490966115294824590e+02
3.419944454614100096e+02
3.344652011547390771e+02
3.266028457403772336e+02
3.185556789758592799e+02
3.103847656672941753e+02
3.022571732591612204e+02
2.942469263872013698e+02
2.864448046545631428e+02
2.788704425316770426e+02
2.716303478585505218e+02
2.648047035568772571e+02
2.584261671405946572e+02
2.526495220604667225e+02
2.473869778482006723e+02
2.424510647101844256e+02
2.379235799823909190e+02
2.339239830037043362e+02
2.305824899768198009e+02
2.279590057751674692e+02
2.261472147386337213e+02
2.253257207618910058e+02
2.256377382863630601e+02
2.273648403030361180e+02
2.308746791713691380e+02
2.367243850826715459e+02
2.457587440031635992e+02
2.594797052361793135e+02
2.812637877630870662e+02
3.196965318085673857e+02
3.866278900927463837e+02
4.327858212765609096e+02
3.246641730775442625e+02
1.259078366308167176e+02
2.228008707175975900e+01
1.726774961197849123e+00
6.038312857417157259e-02
3.879633890643216249e-03
3.303616393105442400e-03
2.731383186235615892e-03
2.859499008262477663e-03
2.500716869144039775e-03
2.287548912670257870e-03
2.202690644727107842e-03
2.163893228523053412e-03
2.023583711647760491e-03
1.808915054343556263e-03
1.680668823445262893e-03
1.547698019149528013e-03
1.485024614770937652e-03
1.320987194103577858e-03
1.583683034959106582e-03
1.332623425215383748e-03
1.366259442556470296e-03
1.032636954927696783e-03
1.211121303825583514e-03
9.406063114193678049e-04
1.050114176792090294e-03
1.093169348486047266e-03
8.537771167785229492e-04
9.796558437691962884e-04
1.138748011274595164e-03
9.162583333642584883e-04
7.780687753783323193e-04
8.001345831983917942e-04
8.485664115208905317e-04
7.051439597145162802e-04
6.686316742183449338e-04
6.898373694431663827e-04
6.534757306160707225e-04
6.038649713395846837e-04
5.923432162052614343e-04
7.026338489551621708e-04
6.102831782594045091e-04
6.274637227529232444e-04
6.195927020645950172e-04
4.924073302887555913e-04
4.693986613885850609e-04
4.500321514550261501e-04
5.380166320554733827e-04
4.678252326180392523e-04
5.518125047668119478e-04
3.888667569364739765e-04
4.836383971925587843e-04
4.050724617343618187e-04
3.417540064965875505e-04
