3.661633995435575457e+02
3.709599668652390392e+02
3.735381566522590333e+02
3.756380831653149812e+02
3.772179287613798806e+02
3.780936107951462759e+02
3.782875878274563206e+02
3.776522005866843870e+02
3.761637030285128276e+02
3.737672647579638578e+02
3.703736032073850311e+02
3.661540934887977983e+02
3.610290720109034055e+02
3.551496512427004291e+02
3.485773935156798302e+02
3.414440107986732755e+02
3.338902087374414691e+02
3.260040698824538481e+02
3.179328389836130668e+02
3.097407100471869512e+02
3.015803643644484850e+02
2.935466621227657811e+02
2.857029983925038437e+02
2.780975300691564485e+02
2.708324795760073584e+02
2.639586565381169976e+02
2.575270665845614531e+02
2.516825990476001209e+02
2.463396886700151924e+02
2.413184222887907424e+02
2.366919822732501757e+02
2.325729527400100665e+02
2.290638643135814618e+02
2.262123590958668728e+02
2.240820486379317060e+02
2.228405800705312743e+02
2.225820194665999168e+02
2.235275845212736670e+02
2.259991227458380365e+02
2.304857786643990494e+02
2.376720160546472016e+02
2.489289813358891195e+02
2.672362809878344478e+02
3.004033382736279805e+02
3.586896124689941416e+02
3.969515469291761178e+02
2.954799960521368121e+02
1.139575419080052541e+02
2.008316525444672251e+01
1.549469157628241112e+00
5.422979557382501259e-02
3.721338820912667520e-03
3.066472630548512050e-03
2.660672875056397779e-03
2.575354109176658784e-03
2.601617305388190943e-03
2.532807226877654885e-03
2.210847354940091800e-03
2.013756304556731189e-03
1.942223010586271743e-03
1.988972703998434944e-03
1.884118685811115093e-03
1.696430784943142893e-03
1.429678562526125706e-03
1.371776154629244637e-03
1.448290588895054330e-03
1.537547186176274052e-03
1.177177273660498730e-03
1.299742219556906074e-03
1.282087741454481476e-03
1.089653662233651269e-03
9.862328346098025739e-04
9.445524675308396506e-04
9.457846956643378451e-04
1.026414854698915824e-03
9.231874428628160899e-04
8.148524565019272126e-04
6.918502592993489584e-04
8.938490153918153720e-04
7.567468466643581786e-04
7.143641461079246885e-04
6.969588054154644829e-04
7.673538281785027967e-04
7.352311007654715232e-04
6.866906043182060453e-04
7.313497046920703834e-04
5.599311584587333881e-04
4.833374831134793674e-04
4.864502925459426364e-04
4.702392318057914758e-04
4.663021110126657300e-04
4.755112858393580641e-04
4.334476373796085640e-04
4.658296168887782478e-04
3.895929929633048616e-04
4.672806126991800590e-04
4.524708146592732101e-04
4.006981793857296911e-04
3.710734498878251030e-04
3.425628113782242965e-04
