3.661777696299349714e+02
3.709963645963145495e+02
3.735989612393894390e+02
3.757133115764693798e+02
3.773062427020461769e+02
3.781971495078994394e+02
3.784128969470022525e+02
3.777997643975011215e+02
3.763368094242396751e+02
3.739551640619851582e+02
3.705877653752635865e+02
3.663847614718517320e+02
3.612732270214164032e+02
3.554138628197049457e+02
3.488552321229936979e+02
3.417351220826835743e+02
3.341995077308514510e+02
3.263261024164278297e+02
3.182676664977235532e+02
3.100893528212039314e+02
3.019467324822837782e+02
2.939194480515459418e+02
2.860946578034168510e+02
2.785161707846165200e+02
2.712626953397387979e+02
2.644046084165772186e+02
2.579965061618362938e+02
2.521845809866281343e+02
2.468896178235831655e+02
2.418976428656223447e+02
2.373149067252875284e+02
2.332298463037325860e+02
2.297896741127707685e+02
2.270074902957340726e+02
2.249954356355259790e+02
2.239008549132013570e+02
2.238385649492108200e+02
2.250832252399356150e+02
2.279477956707420105e+02
2.329460450024698162e+02
2.408673905106517736e+02
2.531362867725399610e+02
2.729096107292830879e+02
3.083477955966991431e+02
3.704391229250512083e+02
4.122265136623586841e+02
3.080340522782797734e+02
1.191317661514271578e+02
2.103650788724882759e+01
1.624450461024151471e+00
5.691220805545019190e-02
3.995111058701070021e-03
2.973645800917678553e-03
2.756354235632585848e-03
2.662924109471177456e-03
2.734146486237287212e-03
2.353819767550531863e-03
2.074210286731030355e-03
2.093533059511663245e-03
1.960043809699385520e-03
1.849589631116130934e-03
1.648679679261115137e-03
1.765938014070268488e-03
1.517429934249981674e-03
1.320448187181633799e-03
1.506665385097826805e-03
1.427815634920117163e-03
1.252766250241577235e-03
1.203136191476256124e-03
1.243691341414680492e-03
9.614621878276342556e-04
1.025828749108324313e-03
1.079973380987847955e-03
8.719034184065723456e-04
1.050819088719169743e-03
9.705873007930411597e-04
8.742553116882839041e-04
9.065713053462185833e-04
8.992378804061266877e-04
8.494103514610979507e-04
7.549041881032814670e-04
6.777369322504356655e-04
6.000037997370196580e-04
6.919435939849926873e-04
6.292515614245482863e-04
5.777072532048417542e-04
6.729045251122107605e-04
5.573703549692842841e-04
6.288524828229943159e-04
4.434312639276858487e-04
4.763051784509097575e-04
5.813830071479088790e-04
4.718396328082939857e-04
4.433661928074960398e-04
3.432721442261302681e-04
4.912711982403134264e-04
3.696189534325259067e-04
3.581971742146925711e-04
3.391588346002718081e-04
3.340772893899523295e-04
