3.661674315156574266e+02
3.709689433685127256e+02
3.735529779870415723e+02
3.756585480356890230e+02
3.772410815630725551e+02
3.781190852988526672e+02
3.783204227392378698e+02
3.776897439528814289e+02
3.762091349346251832e+02
3.738168236807323410e+02
3.704284619584638563e+02
3.662125831189836163e+02
3.610918910269659250e+02
3.552208444326750509e+02
3.486488842700803730e+02
3.415217260602304918e+02
3.339701277001232711e+02
3.260910437945038325e+02
3.180210428936049993e+02
3.098337142025898743e+02
3.016781441027854953e+02
2.936485575648994200e+02
2.858049149515667295e+02
2.782119155571806459e+02
2.709386011184809604e+02
2.640809670771042192e+02
2.576505483017321581e+02
2.518117389393204064e+02
2.464803109121878322e+02
2.414720043777478224e+02
2.368525373974402157e+02
2.327358963104843781e+02
2.292461737432866755e+02
2.264016249886631158e+02
2.242969672646250388e+02
2.230929873235484422e+02
2.228612840293904753e+02
2.238622348439168093e+02
2.264165720993406126e+02
2.309958514300359411e+02
2.383290397175682926e+02
2.497915983775342568e+02
2.684094566498304175e+02
3.020734096771718100e+02
3.611620004022506691e+02
4.001866096318800601e+02
2.981304479592879488e+02
1.150638758332312506e+02
2.028230759620643298e+01
1.564780444630905931e+00
5.515403228605841868e-02
3.826823008758591972e-03
3.071727404028533510e-03
2.695615284100635976e-03
2.528387077150551568e-03
2.764601723127013341e-03
2.350334003479765885e-03
2.255929746436586853e-03
2.178452671384136213e-03
1.803990652587341261e-03
1.984069868111189034e-03
1.931753064424071359e-03
1.792875874566316483e-03
1.422829291658064691e-03
1.405278705500641453e-03
1.398760830832650702e-03
1.374867863152819504e-03
1.228202060986136783e-03
1.254869604431744492e-03
1.212132650929178494e-03
1.107031004262196139e-03
9.860459197250967100e-04
1.035334661666006441e-03
8.802341089297914317e-04
1.031032263747351952e-03
9.915533331784904918e-04
9.150249881459120594e-04
7.644992573534134007e-04
8.485923990250880461e-04
7.779055056539287355e-04
7.732249479508777152e-04
6.959723776135260569e-04
7.138856573207276197e-04
7.362716652120241756e-04
5.288142183674516801e-04
6.445976463218471789e-04
5.451820055356672605e-04
4.889371021932182411e-04
5.301138123326480048e-04
4.282653715148829784e-04
4.835786599147704227e-04
5.006980272014337555e-04
4.317602636297368014e-04
3.755914079150166952e-04
4.565872340882460721e-04
4.911567773437218063e-04
4.799758208619264439e-04
4.605756709600496873e-04
4.100722007626475410e-04
2.847212120853638518e-04
