3.662094183434418824e+02
3.710823323993560052e+02
3.737241279099578719e+02
3.758671540081554667e+02
3.774910651948284794e+02
3.784182944560472492e+02
3.786851208079478397e+02
3.781137930071049027e+02
3.766890252883310382e+02
3.743509948317031899e+02
3.710097343044123477e+02
3.668400031743234990e+02
3.617541624007344012e+02
3.559203535568394727e+02
3.493887708761467366e+02
3.422943893395355417e+02
3.347857551253657675e+02
3.269302844471118874e+02
3.188985329212536612e+02
3.107423343047761932e+02
3.026276612713478471e+02
2.946380441065776949e+02
2.868458610391468824e+02
2.793058454514395521e+02
2.721039097693177951e+02
2.653157437869150499e+02
2.589803074640402087e+02
2.532715785691533767e+02
2.481010991459838237e+02
2.432768551041014859e+02
2.389075786022398233e+02
2.351131475724837969e+02
2.320529507022469318e+02
2.297917671727445565e+02
2.284823755500917457e+02
2.283099378482042425e+02
2.294434604918079685e+02
2.322149458980592271e+02
2.369783447400058378e+02
2.444039333523174378e+02
2.553449549183003455e+02
2.714645101918163164e+02
2.964210620236033265e+02
3.395515209352714123e+02
4.138494859772487757e+02
4.662929371746461129e+02
3.514149892624786276e+02
1.367035483878875368e+02
2.425632700391498275e+01
1.879317739697558221e+00
6.585533168996063336e-02
4.326010581890619815e-03
3.206039327361501125e-03
2.822010611738047167e-03
2.774248020213788968e-03
2.521733055778027123e-03
2.199973546129212199e-03
2.219187541888256992e-03
1.969797237911229907e-03
1.940986840316597569e-03
1.765777325315928768e-03
1.760357526305905262e-03
1.533535316341897055e-03
1.309086197477938186e-03
1.404924149317709559e-03
1.423145941772145304e-03
1.417324704718262015e-03
1.274097084940648775e-03
1.274461581808446643e-03
1.269980834205963185e-03
9.990337509295113636e-04
9.720828617555642408e-04
1.062216822939270706e-03
9.717614815416961887e-04
1.141709704171885165e-03
1.011646957794348984e-03
9.183939820841567148e-04
8.453544560464191452e-04
8.273340682635701342e-04
8.358383931434859625e-04
7.902480324602606217e-04
5.880035149230273140e-04
6.606723794853575863e-04
5.355833378342118433e-04
6.168024106364422294e-04
5.569636240343436764e-04
7.085760301455679405e-04
6.130543953232756634e-04
6.499619812920603111e-04
6.960153789095793004e-04
5.922380929069558141e-04
5.614449518847088863e-04
5.209352696317438381e-04
5.537470224273305505e-04
4.512453451804973245e-04
4.924744127694757325e-04
4.336020326503650505e-04
4.285352783843916183e-04
3.968051352767618177e-04
3.330303848088019035e-04
