3.661733553876486553e+02
3.709851980894990788e+02
3.735787661031205857e+02
3.756901077538656182e+02
3.772781898158173135e+02
3.781642209481864256e+02
3.783738829080690493e+02
3.777526278308899350e+02
3.762850356922309061e+02
3.738953583196242789e+02
3.705202489607710845e+02
3.663109616586267521e+02
3.611982216967459749e+02
3.553313270534357571e+02
3.487708981140377773e+02
3.416448489658107519e+02
3.341049861533130070e+02
3.262288051768862829e+02
3.181669659754959412e+02
3.099830094331620671e+02
3.018326157307543554e+02
2.938060505378487619e+02
2.859733986416441667e+02
2.783874544524030057e+02
2.711264631184274094e+02
2.642725994610886460e+02
2.578483850857085145e+02
2.520239531696374513e+02
2.467163727681517571e+02
2.417185412704387204e+02
2.371154119919567904e+02
2.330166124446043909e+02
2.295498308175354794e+02
2.267389313538303668e+02
2.246886670654602938e+02
2.235307070847204614e+02
2.233794981068286347e+02
2.245133342990937990e+02
2.272222140945405329e+02
2.320198754680487241e+02
2.396556785370998170e+02
2.515484554813682792e+02
2.707797342767842679e+02
3.053762975053582522e+02
3.660596900747596010e+02
4.066086848465692469e+02
3.034342904759501494e+02
1.172218347087192001e+02
2.068328758168560810e+01
1.597119105064601419e+00
5.584868353551514925e-02
3.994324930338843775e-03
3.114440196822546112e-03
2.605590884064968877e-03
2.517161567116761936e-03
2.712112651991676823e-03
2.426538267038660934e-03
2.006540610917892896e-03
2.076834569119835952e-03
1.813373142189592417e-03
1.898527078564473834e-03
1.842852745644409573e-03
1.725913905698404872e-03
1.458002743258332394e-03
1.423746631192296603e-03
1.516597194110165395e-03
1.431135374651631813e-03
1.272770716468361093e-03
1.181941031645807440e-03
1.204479037391474302e-03
9.688557313982265086e-04
1.089048053098968811e-03
1.099020246395484993e-03
8.677428263330894250e-04
1.073267079524623793e-03
1.034178300573358701e-03
9.212145228928653520e-04
7.994904297471274552e-04
9.106358914191910918e-04
8.036508676858497568e-04
7.279758829853302067e-04
6.681242040194240511e-04
6.301674570266176676e-04
7.066119521871708003e-04
5.936523908062965723e-04
6.296886551844556182e-04
6.243083913248100806e-04
5.335189784585221825e-04
6.676379853614026116e-04
4.569762162057818987e-04
5.348071491989952716e-04
5.210648656191060272e-04
5.057392243839803131e-04
4.069875548483246051e-04
4.035508796896649947e-04
5.027709647271734038e-04
4.225403186528761700e-04
3.793243825637113978e-04
3.208929061571240849e-04
3.836456143181725615e-04
