3.663170721146265691e+02
3.713350234565884307e+02
3.740663041004430625e+02
3.763022250351094158e+02
3.780418823646274973e+02
3.790793728575113732e+02
3.794404304944957858e+02
3.789512613367751328e+02
3.776019807290534800e+02
3.753209702725429224e+02
3.720421751917665460e+02
3.679205740786737806e+02
3.628995702357672144e+02
3.571200111743394245e+02
3.506510598705934854e+02
3.436246638852228443e+02
3.362054980704141940e+02
3.284615385481143335e+02
3.205767348981183886e+02
3.126200512193005920e+02
3.047695450393351280e+02
2.971564813581654789e+02
2.898887176304194782e+02
2.830524249300192423e+02
2.768056871997925441e+02
2.712945099405792462e+02
2.666291869437716286e+02
2.630557713341296449e+02
2.605486366191572074e+02
2.589164592435431587e+02
2.582760128960117072e+02
2.588095923890410290e+02
2.606826082085676148e+02
2.639527649251750177e+02
2.687056350657017560e+02
2.751411112285386480e+02
2.833703820042294410e+02
2.937638149116732507e+02
3.067795928374092114e+02
3.232266347989701103e+02
3.442707666228287167e+02
3.721161949490269194e+02
4.119062675116044829e+02
4.771207597620256706e+02
5.870741497021778059e+02
6.667297082345718309e+02
5.052525309008579484e+02
1.972447713162162017e+02
3.507491490048324323e+01
2.725682623196794996e+00
9.219614393886087222e-02
4.521023919301450818e-03
3.082554773831826678e-03
2.806288558184450582e-03
2.727835036805401677e-03
2.760319317737581699e-03
2.522115027906941635e-03
2.065878217976445646e-03
2.012436873413328466e-03
1.913105992836284771e-03
1.922376502194073815e-03
1.772280189813891377e-03
1.707323862402115389e-03
1.477361823193879117e-03
1.284255391654466442e-03
1.506481987896366110e-03
1.468130072926261600e-03
1.522009603712502030e-03
1.235436414515085797e-03
1.298688842440130558e-03
1.013703218641652656e-03
9.885891098119837291e-04
1.031797968223272920e-03
9.679975687041784309e-04
9.699542818861098085e-04
8.690265151129601641e-04
8.506998477370074450e-04
7.865403546729988300e-04
7.226939050913708295e-04
8.380668213696250337e-04
9.667384369077753389e-04
7.037269135327159494e-04
6.618778613381952726e-04
7.250429034392391787e-04
6.637298564589099240e-04
6.988317793788956407e-04
6.074990135421185497e-04
5.377958153078478019e-04
5.460843326508600486e-04
4.424932350239996854e-04
5.373083392332494686e-04
5.505902905567375228e-04
4.522187898175087577e-04
3.820083804256497280e-04
4.211435968345637209e-04
4.886106378660853627e-04
3.213972354035379299e-04
5.145494026428958003e-04
3.684285233151405334e-04
3.498083080628355585e-04
