2.661105160283134410e+02
2.691473663968999972e+02
2.704681823558850056e+02
2.712172025451072841e+02
2.711687274857330294e+02
2.702535742083661603e+02
2.683174696250837883e+02
2.651370652333150701e+02
2.607669286691299249e+02
2.552222420901493365e+02
2.483378429863142856e+02
2.404193651037090262e+02
2.315205560033209622e+02
2.217806528071717764e+02
2.114564871051374553e+02
2.007137274600293892e+02
1.897767355380993877e+02
1.788127258197572473e+02
1.679765514748093267e+02
1.573597911327314023e+02
1.471769104827803289e+02
1.374838668715221672e+02
1.282743254812731948e+02
1.196563847965250460e+02
1.115925131923932980e+02
1.041327615857460671e+02
9.728502280609164643e+01
9.105533984957986604e+01
8.543270018136698241e+01
8.028068189950298006e+01
7.567125264429745357e+01
7.154675395230555068e+01
6.794411710486747324e+01
6.486985747399739921e+01
6.231216039092073089e+01
6.033412920965606219e+01
5.888869902235455811e+01
5.809027394316055393e+01
5.796110746906035160e+01
5.866336645765436941e+01
6.032611541155105073e+01
6.329005339327785862e+01
6.832564491116337990e+01
7.758131866570975887e+01
9.442450851553843449e+01
1.069250092831336758e+02
8.093876688182353973e+01
3.160367714049708354e+01
5.614458829172589205e+00
4.400088008936374195e-01
1.507171863755262659e-02
4.010754479391001235e-04
1.910995786945931347e-04
1.471074526543341538e-04
1.311971680525557827e-04
1.308087227688453148e-04
1.011724413492299894e-04
1.336323363476595873e-04
1.256030465876831572e-04
2.095589096145718310e-04
1.501319123485786466e-04
1.576983276861337142e-04
1.413558266426527576e-04
4.119724841306996599e-05
8.895890825597361573e-05
1.144095448820998164e-04
7.806708096298587795e-05
1.070407585712584661e-04
4.244167771604975196e-05
5.642814280743597055e-05
9.156779236945627543e-05
6.967845946411847780e-05
9.736038075217982857e-05
6.004676221508948035e-05
2.610848120203086015e-05
3.391391325145015623e-05
3.956431097119442886e-05
3.503402164306824816e-05
5.353806010405672922e-05
5.022407686911672942e-05
4.418600983517132630e-05
4.425201627601772688e-05
9.291856470615807639e-05
2.636355661206462103e-05
6.848828468268255065e-05
2.477373688546164094e-05
3.076009064240720536e-05
1.281616140923681106e-04
8.853315433654529443e-06
4.823502522834556430e-05
4.523204081167809631e-05
5.071580660754982750e-05
2.637280317314200562e-05
1.534808563865810760e-05
3.356788913855268675e-05
1.539361554424455275e-05
1.156828659867572873e-05
4.138739550037702677e-06
1.797503894887993520e-05
1.555194757783971821e-05
