3.661692243183929349e+02
3.709741256262638558e+02
3.735609370033605501e+02
3.756687233230324523e+02
3.772530999027710550e+02
3.781330380116581864e+02
3.783377961129685900e+02
3.777105659705443941e+02
3.762337382602296429e+02
3.738425697470763112e+02
3.704575931845078571e+02
3.662438317820110001e+02
3.611257860666198098e+02
3.552570164113014926e+02
3.486887709454523474e+02
3.415621362320039793e+02
3.340129207399879760e+02
3.261361892382376482e+02
3.180680899219677826e+02
3.098826430821130202e+02
3.017281255590104365e+02
2.936991230707524210e+02
2.858598201459925008e+02
2.782697734548349899e+02
2.709971339653725408e+02
2.641441415798269077e+02
2.577137079298028084e+02
2.518789177557524681e+02
2.465556687858392593e+02
2.415522771432881086e+02
2.369371813559573354e+02
2.328237764155008165e+02
2.293422120378941997e+02
2.265067665024718053e+02
2.244180325920769974e+02
2.232299544614603519e+02
2.230158084826980485e+02
2.240570528493652773e+02
2.266544367228829060e+02
2.312981809357414704e+02
2.387204745341663568e+02
2.503074995176670825e+02
2.691098722223671871e+02
3.030505714812111933e+02
3.626030806561853410e+02
4.020944014572367564e+02
2.997032929240178873e+02
1.157028273563749536e+02
2.040061122128858884e+01
1.573388838640446874e+00
5.530988394775543382e-02
3.851690169475987559e-03
3.133580758686001135e-03
2.675351679489874381e-03
2.530813735540099561e-03
2.780699029577895012e-03
2.251372659054646543e-03
2.112393884914397571e-03
2.132021311221864689e-03
1.757899577641854104e-03
1.999680777374634056e-03
1.965382003273721465e-03
1.746005147309334779e-03
1.378354176999620727e-03
1.413670569181784071e-03
1.430036113650493728e-03
1.335626846069177956e-03
1.324273543759491804e-03
1.184553119595136176e-03
1.228829714798779704e-03
1.078765400962071680e-03
1.016837775496250368e-03
1.077704102447764973e-03
8.910935540616888098e-04
1.040464302865670102e-03
1.066181465072924862e-03
1.017141317711187055e-03
8.589927376450656260e-04
8.970428706650308706e-04
7.585145939314475979e-04
7.088182918906816036e-04
7.142571466976984111e-04
6.607672384775495952e-04
7.253721160774107652e-04
5.321001031621764785e-04
6.418635285474294603e-04
5.792293828222273757e-04
4.611333301698741522e-04
5.677483173789302923e-04
4.171381876572370292e-04
5.412861044625165256e-04
4.921928388655455152e-04
4.686087074711281996e-04
3.728281600736067293e-04
4.717486618091437526e-04
5.482258103703448876e-04
4.174122776938031542e-04
4.734904587104847660e-04
3.661952833313925678e-04
3.494571929378974956e-04
