3.663038512758864726e+02
3.713077305135022925e+02
3.740298867559001792e+02
3.762540815960080067e+02
3.779814297228080022e+02
3.790087138206461645e+02
3.793610283901351750e+02
3.788642637152070165e+02
3.775098315184341686e+02
3.752231525703654142e+02
3.719401702375776040e+02
3.678117441280436424e+02
3.627822919971214901e+02
3.569993344484560112e+02
3.505203135530703662e+02
3.434836870942188511e+02
3.360440357687839423e+02
3.282783685241433886e+02
3.203562050441054225e+02
3.123520429271176795e+02
3.044335965301656302e+02
2.967185329082381600e+02
2.893172383015667037e+02
2.822955868771362589e+02
2.758094778071753126e+02
2.699950767148297359e+02
2.649593735955555189e+02
2.609329128066563044e+02
2.578972035788769972e+02
2.556933780759642048e+02
2.544387445375052437e+02
2.542985479063283947e+02
2.554687910558727708e+02
2.580296810638420766e+02
2.620722567810389023e+02
2.677772197000572874e+02
2.753290433388891643e+02
2.850145377362602517e+02
2.973090217663450971e+02
3.130500412713775518e+02
3.333180753937219265e+02
3.602475399109069940e+02
3.988632408196340862e+02
4.622466461810138298e+02
5.691053018580819298e+02
6.465553181569968046e+02
4.900109718111180541e+02
1.913066929694873295e+02
3.402430017774992166e+01
2.643647468600776929e+00
8.941445460269525913e-02
4.381210026053400722e-03
2.968666237579105707e-03
2.756943687632519915e-03
2.656109074042608230e-03
2.711684145032397346e-03
2.475074361252887697e-03
2.048719420743119659e-03
1.981101388035824262e-03
1.873855585981659905e-03
2.038551156980828935e-03
1.792603521767604634e-03
1.646114380533050554e-03
1.412764337246698830e-03
1.283846433944967362e-03
1.412550589433231221e-03
1.556852183194404804e-03
1.532447612094473346e-03
1.311782118280875381e-03
1.318599335219631944e-03
1.106778858730849335e-03
1.014083486388933295e-03
1.074309354646663453e-03
8.615282119739055191e-04
9.907886785083899230e-04
9.327804541188036746e-04
8.559801467936593682e-04
6.850817316707012760e-04
7.367386947601182708e-04
7.658783544682558559e-04
9.712934473532277299e-04
6.544931689859138273e-04
6.362203962684334895e-04
7.045298671046906379e-04
6.717591187156386279e-04
6.146722175288776412e-04
6.165725098551266695e-04
5.284597317660380674e-04
5.794106358885451995e-04
4.320606062632917463e-04
6.108706649727774825e-04
4.687686731279717056e-04
4.533706916956277812e-04
3.588842936539139716e-04
4.221571175124478421e-04
5.120218252800060998e-04
2.832761212708984912e-04
4.899869754742417274e-04
4.050578863590327278e-04
3.268027203928591958e-04
