2.662067116242105840e+02
2.693552403350638542e+02
2.707470908762091426e+02
2.715729257617947496e+02
2.716095186840717020e+02
2.707694490772296945e+02
2.688898223614863241e+02
2.657576095230308511e+02
2.614361762451007962e+02
2.559317148776673321e+02
2.490911101877896385e+02
2.412344925872360761e+02
2.323970316728939167e+02
2.227371542199463192e+02
2.125327899916252647e+02
2.019495602624697881e+02
1.912385057246752353e+02
1.805829147216863930e+02
1.701862367055922221e+02
1.601709650492606158e+02
1.507865110053680837e+02
1.421336190846955674e+02
1.342689321737012165e+02
1.273190857803242011e+02
1.212728318077149936e+02
1.162090489094455990e+02
1.121437310416561814e+02
1.090739901873490112e+02
1.069618152736479146e+02
1.056162318932927349e+02
1.050304426268364040e+02
1.051785548256917195e+02
1.060129274576902390e+02
1.074212746280762900e+02
1.094668142915599844e+02
1.121107854545116425e+02
1.153008576271434578e+02
1.192524528139167330e+02
1.240631685199008984e+02
1.300002988692787085e+02
1.373752538230684195e+02
1.469912519057591851e+02
1.606949365685383384e+02
1.835144025451607206e+02
2.232682937267753687e+02
2.521592510524723139e+02
1.906221974343061447e+02
7.423516971866290248e+01
1.318639016192820357e+01
1.027823775672813023e+00
3.287488115268492189e-02
7.111638097087695509e-04
1.753753568122047763e-04
1.386759725279609098e-04
1.841555380876281668e-04
1.832954082065814784e-04
8.392143611568684278e-05
1.159094669901442043e-04
1.446818029102905196e-04
9.064595444025536932e-05
1.103297243474769986e-04
1.086764143885484194e-04
1.015291215012466551e-04
7.521443095136347745e-05
1.182049241612088177e-04
6.960192348805662821e-05
9.159546329362246641e-05
6.624860912716670899e-05
3.624903085023837077e-05
6.712228394495367567e-05
1.885840130458820107e-05
6.444544351275832228e-05
4.986134797962141842e-05
4.159698403791464949e-05
3.489713210919643405e-05
2.257438044502476165e-05
1.335184164802280494e-04
4.336343166076031606e-05
6.631173985688454766e-05
4.446836318491699069e-05
7.231722247593965402e-05
6.457339493771357497e-05
6.682449552036998498e-05
1.249554259303348816e-05
4.193942383291022113e-05
2.666442903620343266e-05
1.445696954814217522e-05
1.338603680388751420e-04
7.259971361052287397e-05
4.622335928535411387e-05
1.949664025228918862e-05
1.185316178848378557e-05
4.371361221635671146e-06
1.862853989070206251e-05
3.637261132937040964e-05
5.630046958116086131e-05
4.193020277705924304e-05
4.267256673904127007e-05
2.055520188454846209e-05
1.507198430140811612e-05
