3.663648138603958841e+02
3.714358376815661700e+02
3.741987837286962417e+02
3.764803874997488151e+02
3.782598516912034370e+02
3.793304486415046313e+02
3.797185032590202240e+02
3.792466033177334452e+02
3.779206661730705719e+02
3.756584284370517253e+02
3.723980099633905070e+02
3.683142093929618568e+02
3.633104903472714682e+02
3.575674145682324365e+02
3.511631195322128747e+02
3.442189242174043784e+02
3.369033329148154507e+02
3.293215024138229978e+02
3.216683983525255712e+02
3.140350126868622738e+02
3.066456086670740433e+02
2.996261117389353785e+02
2.931493531912576032e+02
2.873020091576595405e+02
2.822850922954743282e+02
2.782356491243771188e+02
2.752826654619353235e+02
2.736415073263967201e+02
2.732227667168617131e+02
2.737918749508073120e+02
2.754420267420326809e+02
2.782956925843636213e+02
2.824950403126508718e+02
2.880403587622129749e+02
2.949456664402109141e+02
3.034013007460599738e+02
3.136019662277179805e+02
3.258778466383604950e+02
3.407764125128266528e+02
3.591221516995699972e+02
3.821917107571931638e+02
4.124791906555541345e+02
4.555571417074089595e+02
5.261553016872848048e+02
6.455348337428978311e+02
7.317518886992093030e+02
5.538026363107588850e+02
2.159991546647171674e+02
3.838486805249444700e+01
2.970015211770733021e+00
1.027674108144977921e-01
4.784375973295527940e-03
2.903703633402973834e-03
2.589795726829699930e-03
2.737188985861810364e-03
2.607803090207390720e-03
2.274061922642125859e-03
2.098622575187733454e-03
2.102957407280286236e-03
1.864470818709942955e-03
1.948927309250652251e-03
1.867774908916628156e-03
1.652230866305247564e-03
1.466360775869416993e-03
1.397261165078673723e-03
1.437605598360337843e-03
1.295957897454404987e-03
1.263674727522027435e-03
1.017239648240192721e-03
1.161544411366392370e-03
9.521492842218277214e-04
1.096401879305155700e-03
1.070555304611791681e-03
8.857614049437355450e-04
1.098439870675204993e-03
8.968474012341675142e-04
9.153023028330537717e-04
7.491678890771426551e-04
7.393770097433902773e-04
9.598795528439547139e-04
8.232266606622613706e-04
7.112217884718455936e-04
7.397694289920859253e-04
6.802478949235093563e-04
6.977408468857942102e-04
6.109279052957818481e-04
6.109704876312465390e-04
5.712710306490113637e-04
5.970528380445678119e-04
5.871113386732489201e-04
5.545456622949404991e-04
4.426781171826139872e-04
4.189775219630863701e-04
3.825245490525093213e-04
4.063289781200948641e-04
5.561689750473438687e-04
3.002915151198081388e-04
4.169741550125822204e-04
4.079354217608416409e-04
3.885309118578814612e-04
