3.661587226287685439e+02
3.709493290610934650e+02
3.735171481865872920e+02
3.756123886550157067e+02
3.771866519445091512e+02
3.780576756135564551e+02
3.782455604577112354e+02
3.776025438622741035e+02
3.761053442718961719e+02
3.737000202552072778e+02
3.702998948548843146e+02
3.660707602109914660e+02
3.609372185458844910e+02
3.550549461613323956e+02
3.484751257331877810e+02
3.413362211308395331e+02
3.337791665357257784e+02
3.258813996092797538e+02
3.178066309461704009e+02
3.096106055042014873e+02
3.014489267752898627e+02
2.934023145145478679e+02
2.855588044323607164e+02
2.779498867369183017e+02
2.706724575730295896e+02
2.637927438715366293e+02
2.573484216726199065e+02
2.515007286908825392e+02
2.461492937279992077e+02
2.411168753790612129e+02
2.364717084869475912e+02
2.323403518670596384e+02
2.288191002710173052e+02
2.259519447716744196e+02
2.238108103005802150e+02
2.225294215420125283e+02
2.222154000094594153e+02
2.231195910249522001e+02
2.255086667536259313e+02
2.298710908440601486e+02
2.369187863310088460e+02
2.479342227406849588e+02
2.659228161752004098e+02
2.985131391925962703e+02
3.558747261955836620e+02
3.932979218928657588e+02
2.924544488831207900e+02
1.127255014411237823e+02
1.984805626002449230e+01
1.529460746559219375e+00
5.386843287453122603e-02
4.081035370060800797e-03
3.122156092479467290e-03
2.787534552709350875e-03
2.680739576913754307e-03
2.603862812672239156e-03
2.294112523943044827e-03
2.121177334214280081e-03
2.023847023679116019e-03
1.903139560855201780e-03
1.914795286886273804e-03
1.799427269872169244e-03
1.486092550862080182e-03
1.397915025297416514e-03
1.334013717071814683e-03
1.441104457932072163e-03
1.374707142480171077e-03
1.235386258359131607e-03
1.310410518626522721e-03
1.323234834166564771e-03
9.221947225218395452e-04
9.931309613962003343e-04
9.938893708145136140e-04
8.966035737827599602e-04
1.024167655465621106e-03
8.878683042944840237e-04
7.770371077910025312e-04
8.087897196443915747e-04
9.279672392862328917e-04
7.722945892898730588e-04
7.203001112628710937e-04
6.063588570996898165e-04
7.212697750782036269e-04
6.525560832378215744e-04
6.722173584607382159e-04
6.019059591492004029e-04
5.991992229723720319e-04
4.850605918794919182e-04
5.114992068251520601e-04
4.635631093417554374e-04
4.700864038527160105e-04
4.788889542459090292e-04
5.080227852615582613e-04
4.557212060734393689e-04
3.910232157133879615e-04
6.041877285893461434e-04
3.049855205768848979e-04
3.867403632893316148e-04
4.286221360607975878e-04
3.957770476489092751e-04
