3.662718486851646276e+02
3.712367898911260795e+02
3.739337864865846655e+02
3.761308703718490278e+02
3.778211686764042270e+02
3.788261229365346026e+02
3.791530523097724767e+02
3.786420877393089199e+02
3.772666760893181959e+02
3.749644121237503782e+02
3.716706064049406564e+02
3.675267767996265320e+02
3.624818565504036769e+02
3.566815310544065483e+02
3.501856149677649341e+02
3.431242208913575951e+02
3.356558642771882432e+02
3.278481381033148523e+02
3.198722466289887052e+02
3.117886000182715520e+02
3.037686343691561888e+02
2.958900305625533065e+02
2.882580341544268094e+02
2.809414385895738064e+02
2.740337226466895117e+02
2.676578349965700454e+02
2.619127024340996286e+02
2.569995457558702014e+02
2.528583645047902735e+02
2.493646668972941427e+02
2.466793857050155623e+02
2.449460568683714996e+02
2.443681055534826498e+02
2.450657701641171968e+02
2.471707751227854999e+02
2.508642923007410843e+02
2.563383705228489475e+02
2.639577584530478020e+02
2.741379807642929904e+02
2.875592148090676687e+02
3.053396242677064834e+02
3.295238753493192121e+02
3.646248871543901942e+02
4.225185570818260317e+02
5.203828639024568474e+02
5.913422613454399652e+02
4.482491937593325133e+02
1.750360266435477286e+02
3.114382730532123844e+01
2.413146169829700760e+00
8.420683093375470885e-02
4.442850923542665011e-03
3.111135891334594356e-03
2.760837756580042032e-03
2.616605704576769904e-03
2.694586356585343834e-03
2.371276429531192151e-03
2.123168232970021677e-03
2.067634382255543243e-03
1.776321111574128602e-03
2.022254335171606854e-03
1.971752782139379531e-03
1.614610048940533314e-03
1.517948774554299688e-03
1.326858597390047573e-03
1.547592220033620859e-03
1.470883623417793603e-03
1.415654656899281195e-03
1.392148511421489746e-03
1.269601046807361999e-03
1.115139300775865169e-03
9.965400195285378272e-04
1.039503754518531203e-03
9.660065302632362544e-04
1.002353955906508344e-03
9.998068258719190315e-04
9.188915860680545687e-04
7.441787978545530034e-04
7.854725391573179165e-04
7.925361646251114379e-04
7.672216018699592587e-04
6.048688665398376570e-04
6.741581864291799333e-04
8.106631163395761975e-04
6.397133797620022056e-04
6.361600716167530901e-04
5.751085503658543005e-04
6.440830281239616484e-04
5.657398396468725369e-04
5.225459347210188125e-04
5.015622009121434690e-04
5.592413306786699198e-04
5.801693193022022538e-04
5.092387890994473166e-04
4.624405250013568927e-04
5.293844015619065960e-04
3.862798852448880876e-04
4.939524470194983250e-04
4.208960957573619770e-04
3.436632744064115129e-04
