8.449105458422737911e+02
4.532925417115467894e+02
3.072200388608365529e+02
2.412440762321481600e+02
2.036385138582579089e+02
1.785665511095111242e+02
1.608947113118310313e+02
1.467687625820994128e+02
1.361138456689695317e+02
1.273627459105084228e+02
1.195215970252395294e+02
1.132134277199885730e+02
1.076278342659400380e+02
1.024788789008439807e+02
9.814143051205586232e+01
9.428435848611033521e+01
9.032301883714623614e+01
8.688130331051060296e+01
8.362820031473003723e+01
8.054296539076506178e+01
7.759072794222736036e+01
7.467380868172955388e+01
7.210550159040036533e+01
6.949424714638865908e+01
6.699160575699825415e+01
6.445007215751169838e+01
6.192962811978811999e+01
5.945883168696608578e+01
5.697831624841687415e+01
5.462590611125285278e+01
5.218799759433871799e+01
4.978656363945508900e+01
4.730105832832325774e+01
4.495460714407426650e+01
4.259585114937271300e+01
4.019556197534384268e+01
3.783400380122571960e+01
3.542031741970953362e+01
3.310927387917656262e+01
3.080454325792216252e+01
2.864791084577483460e+01
2.647777317436811373e+01
2.441032170738273521e+01
2.243902014273050938e+01
2.060293619323627112e+01
1.884417674257619524e+01
1.721432518848723348e+01
1.571077304825020349e+01
1.432277883386223749e+01
1.304147464877385332e+01
1.187678092190060930e+01
1.082587923439128907e+01
9.863510286831871809e+00
8.998433536428851909e+00
8.217758490248538550e+00
7.515525517650520904e+00
6.885387550723111261e+00
6.317581436052109645e+00
5.810791731808167881e+00
5.350720793496423155e+00
4.938164811006113375e+00
4.570472279110196823e+00
4.238254476918803526e+00
3.938511986172526402e+00
3.670382982866161381e+00
3.426834839263008803e+00
3.207011018358288723e+00
3.009810177982167545e+00
2.829219591123871336e+00
2.667006701421545944e+00
2.519034803183232363e+00
2.384664517573432896e+00
2.262489550289676910e+00
2.150714351460746965e+00
2.049638935112009896e+00
1.957054510722645801e+00
1.871673764548331453e+00
1.793954067854636181e+00
1.723599375115781429e+00
1.658526613402263150e+00
1.599327335675716943e+00
1.545291768575646651e+00
1.495484286139162622e+00
1.449793904406540879e+00
1.407674204394739226e+00
1.369236414744704255e+00
1.334026580352396740e+00
1.301620778873316953e+00
1.272099580850988954e+00
1.245379159258927837e+00
1.220958405639069211e+00
1.198620465771613519e+00
1.178232166259562064e+00
1.159802622322391619e+00
1.143480097448801081e+00
1.128527863400815567e+00
1.114884424601289004e+00
1.102540385412736912e+00
1.091761907358539174e+00
1.082055611093019287e+00
1.073630270417440968e+00
1.065922456835419085e+00
1.059188724799853931e+00
1.053403992720699955e+00
1.048605230033064384e+00
1.044295385356212913e+00
1.040675714958764209e+00
1.037731195998997658e+00
1.035477889411607677e+00
1.033686199705340814e+00
1.033037141149258931e+00
1.032136321801173207e+00
1.031800320883773381e+00
1.031031237214620866e+00
1.030819605948689821e+00
1.031201368059036172e+00
1.031433747174181237e+00
1.031820499356826071e+00
1.032652002405896940e+00
1.032231148574889401e+00
1.035381019617757969e+00
1.028427669333323191e+00
1.034662914961707036e+00
1.030164241027109240e+00
1.025694820579955202e+00
9.606672332858176011e-01
9.350722268404936255e-01
1.064641633645184049e+00
9.996176825960130241e-01
9.290761255950332753e-01
9.349461709242675722e-01
9.413079705892104521e-01
8.907719551079936737e-01
9.471406783647662309e-01
9.823918328498766339e-01
9.774586107213060204e-01
9.377815083463618695e-01
1.098056450979615128e+00
1.014536033686768812e+00
9.932060777079713132e-01
9.635036823392100214e-01
9.396470917425757685e-01
1.039994672242289253e+00
8.745255734436587769e-01
8.960493278497440039e-01
1.078069277761250833e+00
1.044972515705390625e+00
1.090584501469791912e+00
9.725924218177205427e-01
1.067903973135720053e+00
