1.267504700181542603e+03
6.933787589740942394e+02
4.477525182499703078e+02
3.408373842606239918e+02
2.825249118137029427e+02
2.433010896632751496e+02
2.166668051081901467e+02
1.969618533957669797e+02
1.821362996146897899e+02
1.696624564772729968e+02
1.592818352516717084e+02
1.497648403245597422e+02
1.415387361627107907e+02
1.348992608853743320e+02
1.284234435950342288e+02
1.229407219692635493e+02
1.178339657057676249e+02
1.135020497089788449e+02
1.086240402324997802e+02
1.047044371204045063e+02
1.008163771169687521e+02
9.737974392682960456e+01
9.378607944386550344e+01
9.075833604811147381e+01
8.764898818089680788e+01
8.443330052982646805e+01
8.160715218542553373e+01
7.890804252652749540e+01
7.624810092678335138e+01
7.358103038330879997e+01
7.111131104017803750e+01
6.877461145969321876e+01
6.642963242208710994e+01
6.400117488664912457e+01
6.164943245249798309e+01
5.942544689398088309e+01
5.731528202689206353e+01
5.512874011391468088e+01
5.295733748669419327e+01
5.081186422427167315e+01
4.864436697439744961e+01
4.662987395184516259e+01
4.456718712118011894e+01
4.248293542687397206e+01
4.040529741168020905e+01
3.823781233538620938e+01
3.626255815928919191e+01
3.416113599993288830e+01
3.212270677513864570e+01
3.008057825229998627e+01
2.811567795734165998e+01
2.616523534439505028e+01
2.429411743926144140e+01
2.251766602377531257e+01
2.078556653233848550e+01
1.914981951246526037e+01
1.760416138146720400e+01
1.614580413280987514e+01
1.481059932127559975e+01
1.356201461121453988e+01
1.242647889769360603e+01
1.137290941060146210e+01
1.041853842717275391e+01
9.538999500350611171e+00
8.752866251730324620e+00
8.035203902968932610e+00
7.384694378616991628e+00
6.798705136250991821e+00
6.269594763452420061e+00
5.789782437675839333e+00
5.359227644563659965e+00
4.967271105144589249e+00
4.615917950516799984e+00
4.298765665268779124e+00
4.011182335809060362e+00
3.750460311832918947e+00
3.511875349848048167e+00
3.297030034625073380e+00
3.102975751356523482e+00
2.924932286945343574e+00
2.763119483551355948e+00
2.616457113886831110e+00
2.481892026418312192e+00
2.358688396116365826e+00
2.244705052410866930e+00
2.141494480839282843e+00
2.046539532528464100e+00
1.960160140856927358e+00
1.880534228781767903e+00
1.807002631042225360e+00
1.739105389388980960e+00
1.676991121585176048e+00
1.619704406329008695e+00
1.566790237691544796e+00
1.518006863420875652e+00
1.473061267822931564e+00
1.431281633995050928e+00
1.393244377902426834e+00
1.358124073846863622e+00
1.325659103107079684e+00
1.296265633151870933e+00
1.268935630201707188e+00
1.243611483782377514e+00
1.220427073985608013e+00
1.198948282908650409e+00
1.179197145073455077e+00
1.160808644965148684e+00
1.143811237711969353e+00
1.128523449169423154e+00
1.114608010701429341e+00
1.103018959760384998e+00
1.093361436428094358e+00
1.085806163301560989e+00
1.079973557790914640e+00
1.075377781143505018e+00
1.071772938482962401e+00
1.068875728532652447e+00
1.067289000078272432e+00
1.065454707552872415e+00
1.063824868255454525e+00
1.062307836690564056e+00
1.058316154306724322e+00
1.069822946301484112e+00
1.043046910590020193e+00
1.059795695920442427e+00
9.855534906602803069e-01
9.869079202854312838e-01
9.831672214397527698e-01
1.035983572617686699e+00
9.707487197256712275e-01
9.309289067617617652e-01
9.040759699449670839e-01
8.396794921661812072e-01
9.787255516163916313e-01
9.915859490458538428e-01
1.093596385658430759e+00
9.740074644459650877e-01
1.061259630488399441e+00
1.075436490440144333e+00
1.044724864888912474e+00
9.842260240338982502e-01
9.081880680803336992e-01
1.107025373188489148e+00
1.152428699200777062e+00
1.059312457392676432e+00
1.003912495690005180e+00
1.000103165850076525e+00
1.059021452221539983e+00
9.154504668443391724e-01
9.602608900300025896e-01
