6.389543051031866128e+01
6.477892909463774629e+01
6.500979281271695243e+01
6.518441765994536752e+01
6.534384635535107577e+01
6.546901378059600063e+01
6.557617713087920208e+01
6.567113355498051419e+01
6.572413410766307607e+01
6.575664188736392646e+01
6.575676811759559826e+01
6.573326714675319238e+01
6.568446434191839955e+01
6.559853886139133294e+01
6.548475441965273092e+01
6.532548380042419467e+01
6.514075713851353555e+01
6.492811118906608669e+01
6.467203338745495955e+01
6.438215832395293603e+01
6.405421568880829852e+01
6.368925582390082241e+01
6.329066340892144638e+01
6.286031389251242274e+01
6.239560017617932175e+01
6.189408760663863518e+01
6.136601770042503290e+01
6.081324881763565315e+01
6.022763029354906195e+01
5.961482465630382421e+01
5.898817451283927227e+01
5.833224281950730017e+01
5.767013028925499185e+01
5.698172799223754481e+01
5.628439166768963986e+01
5.556487860141744761e+01
5.484461183558322261e+01
5.410851655180513120e+01
5.337743357661550903e+01
5.264060921689586792e+01
5.191050315311564134e+01
5.116435352237419920e+01
5.042668011033922681e+01
4.969316681815391945e+01
4.895620955946518649e+01
4.823520360419561115e+01
4.751235066827985065e+01
4.680919958373651468e+01
4.610932090191484178e+01
4.542141414862558690e+01
4.473855790850083736e+01
4.407288854961427660e+01
4.342111778764522967e+01
4.277718950954194099e+01
4.213684021754023945e+01
4.152912980163510781e+01
4.091715920145067287e+01
4.032880379086993372e+01
3.975145466042344822e+01
3.918919815587953792e+01
3.864292427075672265e+01
3.810831413733482265e+01
3.759841957564195525e+01
3.709567945930817956e+01
3.661863693540249187e+01
3.615160844532269380e+01
3.570037712649811823e+01
3.525719251176061420e+01
3.483484047496703795e+01
3.441842522804523696e+01
3.402663578981879056e+01
3.364456397699220247e+01
3.328269835484614703e+01
3.292968735490930499e+01
3.259682056687300644e+01
3.228035908288155298e+01
3.197748186940868820e+01
3.170152780011023452e+01
3.143764241748730370e+01
3.118948726058943777e+01
3.096776388494771837e+01
3.076021924608645719e+01
3.057359777809427825e+01
3.040250494180356000e+01
3.024888828105095229e+01
3.012485456141749651e+01
3.002618777637378855e+01
2.995340905884307148e+01
2.990599205500394220e+01
2.987332137516853692e+01
2.987329802638659970e+01
2.991031584784330022e+01
2.999106589853325744e+01
3.010736075527508859e+01
3.026359790630021251e+01
3.047465527941350416e+01
3.072287116571958876e+01
3.103521231142282488e+01
3.140072256510091364e+01
3.182809785283546233e+01
3.234112947106132907e+01
3.294554346038760428e+01
3.366434870773404953e+01
3.453791252155993874e+01
3.560191222492367302e+01
3.691450004276707375e+01
3.857352917557457772e+01
4.072191452004612700e+01
4.355634985838138107e+01
4.721048709066280935e+01
5.152348114906862264e+01
5.575612234828344782e+01
5.831000941714987817e+01
5.727810943131520105e+01
5.142623378587032335e+01
4.133725400575062991e+01
2.930090179423282493e+01
1.814003380722449421e+01
9.724058108020066982e+00
4.506665179086784434e+00
1.794115857303829609e+00
6.154495250231384329e-01
1.836953363202977751e-01
4.793413687268322648e-02
1.221718808164048813e-02
3.476552709914302198e-03
1.719685404112404007e-03
1.585280577498680496e-03
1.467716708612851325e-03
1.333353345182893565e-03
1.233207101641202019e-03
1.214657365784844534e-03
1.109084570101466233e-03
1.126244352332041133e-03
1.192274311159135245e-03
1.167932287932897141e-03
1.042363848405554504e-03
1.080958269205188008e-03
9.744420609349606962e-04
8.883977961538017110e-04
8.879280139397713887e-04
8.678174577685766281e-04
9.255399358319404404e-04
8.379284543001952728e-04
7.718704837404753239e-04
7.474649847716241481e-04
8.436033339356709517e-04
8.356440986970309868e-04
6.875914559739368685e-04
6.847745114231972756e-04
