6.391351711844693284e+01
6.481642331121625489e+01
6.507362651595929037e+01
6.526818012828491078e+01
6.544221032201069477e+01
6.557810139522733550e+01
6.569339858446868163e+01
6.579613795527893672e+01
6.585481367856667134e+01
6.589384454631469623e+01
6.590207002750526044e+01
6.588606342057852316e+01
6.584466262168510298e+01
6.576809712301377431e+01
6.566178733069531859e+01
6.551012019886935889e+01
6.533266051060813595e+01
6.512933252595465206e+01
6.488011597855893342e+01
6.459782084564339755e+01
6.427812213255361939e+01
6.391840757800490280e+01
6.352692530349503386e+01
6.310169306458173821e+01
6.264598085287202167e+01
6.214877906521371642e+01
6.162765893209006407e+01
6.108049411375358062e+01
6.049904897912671942e+01
5.989192118604988480e+01
5.927073075509942157e+01
5.861931414200844870e+01
5.796336641776169785e+01
5.728063965257266688e+01
5.658825983115843172e+01
5.587214886736181541e+01
5.515833317898835020e+01
5.442990537815927610e+01
5.370433223956759150e+01
5.297508763224263362e+01
5.224841636790031174e+01
5.151286633782937230e+01
5.078196452128440797e+01
5.005429478756683892e+01
4.932527159888267931e+01
4.861261357380705306e+01
4.790370426616178889e+01
4.721135936761282892e+01
4.652370870339082387e+01
4.585170477485338125e+01
4.518580671488322054e+01
4.453882732246376008e+01
4.390507189728856474e+01
4.329146877480979327e+01
4.267883571191541137e+01
4.210481701108331265e+01
4.153018377201046718e+01
4.098687776744159805e+01
4.046120417712376849e+01
3.995507067964346248e+01
3.947459186549154708e+01
3.901360238057492325e+01
3.858722559422643883e+01
3.817466896871673043e+01
3.780587303578311520e+01
3.745371676580843712e+01
3.713370817701379423e+01
3.683345576032815671e+01
3.656192969070399812e+01
3.631326208125395283e+01
3.610704350248055761e+01
3.592658809860903091e+01
3.577448083622734742e+01
3.565337822671657619e+01
3.556340767953057735e+01
3.550849136996703947e+01
3.548180416636150625e+01
3.549496985025391638e+01
3.553526907290615355e+01
3.559846379483461476e+01
3.571003591024219759e+01
3.583959245826062556e+01
3.600924765739591749e+01
3.621327581892820291e+01
3.644238416726840057e+01
3.670768836326502793e+01
3.700929341876360468e+01
3.734070689219731776e+01
3.772156797561670771e+01
3.812997638811454948e+01
3.857058499895430970e+01
3.906119628395065746e+01
3.959995178525441872e+01
4.019004350464250308e+01
4.083032187037103000e+01
4.154829710605449122e+01
4.231306799170055655e+01
4.315466030546276244e+01
4.406975364809802187e+01
4.505473873891146042e+01
4.615730035102776441e+01
4.738244241431620907e+01
4.875764303988293591e+01
5.034786792805046929e+01
5.220496229664070142e+01
5.441790565522227752e+01
5.712582887802511067e+01
6.057118976703254276e+01
6.503174628767084187e+01
7.070293045064185833e+01
7.740036205990368501e+01
8.400405274652993626e+01
8.812760837685046056e+01
8.681249299403057762e+01
7.813934820781044266e+01
6.297585248454518592e+01
4.474809151994465850e+01
2.775114580039377898e+01
1.490910927071494463e+01
6.908137836141944987e+00
2.751507900494114089e+00
9.456264957813983463e-01
2.820618560986288825e-01
7.199280547283264109e-02
1.747654697983088215e-02
4.680649446201624528e-03
1.870936305310319471e-03
1.605702414311030229e-03
1.380490443542486002e-03
1.355850016909645149e-03
1.270485919281393863e-03
1.308422064758355853e-03
1.252329329640577797e-03
1.124198567758837421e-03
1.178415367661724564e-03
1.077470657163189611e-03
1.028219955975264582e-03
1.043491798818957719e-03
9.007519571726195756e-04
9.026521134924385273e-04
8.272518662270335549e-04
1.029669613002234677e-03
8.798392642446364702e-04
7.686578982451690648e-04
7.285442700159727118e-04
8.431883697262452029e-04
7.986422791380369188e-04
8.568717619159717637e-04
6.996942323554131756e-04
6.511876751504875032e-04
