3.938142830230302871e-01
5.059259517852660037e-01
6.006658586316375725e-01
6.790572641408969545e-01
7.473152444057798993e-01
8.080745587368790561e-01
8.649904663873565491e-01
9.201614535946509577e-01
9.726525345492578190e-01
1.022641025700767203e+00
1.072420739551747104e+00
1.122125903135352321e+00
1.167859757980098667e+00
1.217560109077545638e+00
1.269626783253203328e+00
1.323263092177942690e+00
1.379206716133013488e+00
1.439261961897258413e+00
1.502555811445723810e+00
1.573805719383498891e+00
1.647540995248982121e+00
1.728658290426438260e+00
1.812869937664061570e+00
1.914986557490628183e+00
2.020774401035787982e+00
2.139905365103610624e+00
2.268460505626435975e+00
2.412486972619454217e+00
2.572645533234702242e+00
2.747347608209756764e+00
2.939107552383292798e+00
3.152940242078212219e+00
3.390428310738495821e+00
3.646944907647145406e+00
3.927949302418764166e+00
4.231575235330091722e+00
4.562315878710726302e+00
4.927420014472063237e+00
5.311740307136715522e+00
5.729739036089215531e+00
6.178410686651542250e+00
6.652643878809671563e+00
7.160784481404846247e+00
7.691503119200742589e+00
8.256725516883516747e+00
8.835983243819315547e+00
9.454123545674830709e+00
1.009205884587495916e+01
1.075357128148122143e+01
1.143536572785421157e+01
1.213479850135974480e+01
1.284619435284019673e+01
1.358061629242562596e+01
1.432336311724418998e+01
1.507069976985008708e+01
1.582483677125686228e+01
1.657809352852310170e+01
1.733366679975296165e+01
1.809622250828082102e+01
1.884662355780312026e+01
1.959841890859559754e+01
2.033478424346776237e+01
2.106483066129253956e+01
2.179261759625472905e+01
2.250260108124579617e+01
2.320787496388435045e+01
2.389922905241478546e+01
2.457339812440397608e+01
2.522793501676417449e+01
2.586760089889225966e+01
2.650622061425629283e+01
2.711304165538849986e+01
2.770896262672534505e+01
2.829419217274428888e+01
2.886975059941487132e+01
2.941952162381561209e+01
2.997670021521222949e+01
3.052168517900756228e+01
3.105524754459382208e+01
3.157281845140656884e+01
3.207100785569542722e+01
3.256343901946050323e+01
3.305449915190187937e+01
3.356386588923963643e+01
3.405301456147305572e+01
3.454972092837421371e+01
3.505413051110927114e+01
3.555983599089363878e+01
3.606210234822967919e+01
3.658870788407141106e+01
3.713086002327985824e+01
3.769030590915481582e+01
3.828776741529433991e+01
3.891073046783237288e+01
3.958886091815524111e+01
4.029947610380428102e+01
4.104590668950169885e+01
4.185638234662618373e+01
4.271265223213278261e+01
4.366013498419053462e+01
4.468208396597804466e+01
4.582068621526195784e+01
4.711385469866847586e+01
4.860502775724262392e+01
5.033774535103439973e+01
5.240222449642233471e+01
5.494741023540110092e+01
5.816769027144371762e+01
6.234680979207347917e+01
6.768703223619515086e+01
7.401138923164718619e+01
8.020404377319292166e+01
8.405003865746370195e+01
8.270476284829719305e+01
7.444644774479706939e+01
5.996488280626475387e+01
4.255816161165798661e+01
2.637161874231017222e+01
1.416046904501232362e+01
6.557342240580979364e+00
2.615925319198932453e+00
8.986339331043120549e-01
2.641523358044645664e-01
6.807578024291653651e-02
1.631876476186917835e-02
4.387866814570455173e-03
1.950869860749834079e-03
1.533970341588857412e-03
1.413794710162143186e-03
1.231257637637910496e-03
1.346799689060713522e-03
1.146189073808960828e-03
1.211740170476578162e-03
1.118178981368011865e-03
1.148128167802623355e-03
1.088101679860469526e-03
1.071449835869630598e-03
9.563957049073724568e-04
9.155147712147802732e-04
8.764224895120123785e-04
8.787409478120700732e-04
8.780491438521346266e-04
8.739897687541484843e-04
9.238068421301160729e-04
9.826252983784662404e-04
8.654847038989373163e-04
8.305279827773624866e-04
6.951078682425487505e-04
6.316236169075781833e-04
6.724766764280528698e-04
