4.923672631861200633e-02
9.098504591285654086e-02
1.416477760496157035e-01
1.867369877033497882e-01
2.255646556065742381e-01
2.625483867033752139e-01
2.956513059975997004e-01
3.259411256526955625e-01
3.524506939821247520e-01
3.785941063567149767e-01
4.033956543750126245e-01
4.284845344555539004e-01
4.530261139267817150e-01
4.751388338750499041e-01
4.985577949085505667e-01
5.193317656093510148e-01
5.408823655258607754e-01
5.593972370233699642e-01
5.821392190826607527e-01
6.020744098507143649e-01
6.224828744739622222e-01
6.410183865820453519e-01
6.619564071836707697e-01
6.789247753201868019e-01
6.977005216112304176e-01
7.192790780623561364e-01
7.381398430664961596e-01
7.558176106560497987e-01
7.755186647909438902e-01
7.962248207557693913e-01
8.154297713948936988e-01
8.335429288187985453e-01
8.537458757101803464e-01
8.752554399826926179e-01
8.982940185626188123e-01
9.208981727391661876e-01
9.405359264514974171e-01
9.653321538382196865e-01
9.917557749316729954e-01
1.019223269458980896e+00
1.049312604260177473e+00
1.079906603087570138e+00
1.113458272330010379e+00
1.150025953632514364e+00
1.190781165053096169e+00
1.238458060796622240e+00
1.284040929334523407e+00
1.342667365072171437e+00
1.406567519893645368e+00
1.480115430011938571e+00
1.557927824206562395e+00
1.647781635723529980e+00
1.747144914866071819e+00
1.855197325211915160e+00
1.982605651722770368e+00
2.117217722467066299e+00
2.272432122758032857e+00
2.445042257859188606e+00
2.625512249625404415e+00
2.827597330294883804e+00
3.041020931222956136e+00
3.282354366009521573e+00
3.537622421006085816e+00
3.816000488527259371e+00
4.104863145609562558e+00
4.417998523339198513e+00
4.750023097939710226e+00
5.099407763069321753e+00
5.471247868931244263e+00
5.859577046160830527e+00
6.263948654120790493e+00
6.683625826222739263e+00
7.116491293796728179e+00
7.569600001285722968e+00
8.039886784343106996e+00
8.521290103091637036e+00
9.021603160981086944e+00
9.528737979235284428e+00
1.004689526656825116e+01
1.057830245638498745e+01
1.112295012204709366e+01
1.167538651109381753e+01
1.224171327275693066e+01
1.282158170137588726e+01
1.340308122499721755e+01
1.399140218246585476e+01
1.459769207258683998e+01
1.521089156537437326e+01
1.583716659450129605e+01
1.646571101686416583e+01
1.711545076243409014e+01
1.777569324111825466e+01
1.846030095113216163e+01
1.916555771145205966e+01
1.988852279563058190e+01
2.062802811450850626e+01
2.140986932659643927e+01
2.223081407800597020e+01
2.307988636428843776e+01
2.397350909789043527e+01
2.491282277924679889e+01
2.592328098190802521e+01
2.703038214633966874e+01
2.826775555356058334e+01
2.965951461691429003e+01
3.126998266128533288e+01
3.319460971621565903e+01
3.557076764149159231e+01
3.856749722279588610e+01
4.230984726552211583e+01
4.667948884070895588e+01
5.096381391549448381e+01
5.365903926936715607e+01
5.299514725281532890e+01
4.778322932095108655e+01
3.856691083602356684e+01
2.742186624121625016e+01
1.701236012438676681e+01
9.137622583159137335e+00
4.230258046908827119e+00
1.687986361243574374e+00
5.817196805962486783e-01
1.718568681026547695e-01
4.591493449770073232e-02
1.115675533091368098e-02
3.418243927168565077e-03
1.759233093984194363e-03
1.578271497405878002e-03
1.377780711548286978e-03
1.320829557815351779e-03
1.445499155438478758e-03
1.429812250125321420e-03
1.242953149547009308e-03
1.143080471028621366e-03
1.147113159139177699e-03
9.888409956864301683e-04
1.042103933702925910e-03
9.240221549079401372e-04
9.628131787091937909e-04
8.704465460572236154e-04
8.166050214700533612e-04
9.030965517659510049e-04
8.221172536741334870e-04
7.666578123082504106e-04
7.337338963486611781e-04
8.141286777858434097e-04
7.322024703810066544e-04
7.661598948721689683e-04
7.288071217742797233e-04
7.107636192336400571e-04
