5.153660185463004861e-01
5.176450144900119898e-01
5.235016731146604485e-01
5.345270038006831870e-01
5.525118558769734900e-01
5.784826860431353523e-01
6.134995385815261715e-01
6.574297459833227109e-01
7.107249874256460487e-01
7.729098694970738537e-01
8.436196345717595912e-01
9.224154580626093836e-01
1.009059407555649823e+00
1.102823154957864427e+00
1.202940172735349478e+00
1.309513425957908206e+00
1.421593517248254335e+00
1.540516023222741060e+00
1.664048891814742026e+00
1.792592481978711350e+00
1.927193416626513001e+00
2.066628961191015801e+00
2.210674966102551764e+00
2.360955094564890722e+00
2.517903186821231820e+00
2.678347900978761853e+00
2.844166312084328574e+00
3.019519881510521753e+00
3.199179025561297518e+00
3.388151090769185636e+00
3.577031319551027710e+00
3.781023812853246291e+00
3.986857732409336830e+00
4.205893026683098057e+00
4.435068437140033737e+00
4.682673241299601941e+00
4.937139968392256328e+00
5.180713794428426944e+00
5.327974706655238535e+00
