5.141127204826450026e-01
5.160643462026162087e-01
5.216682006242757685e-01
5.324459618903540914e-01
5.499878742382033892e-01
5.752918321821557379e-01
6.094472442720112459e-01
6.523910260546215145e-01
7.043076389455812381e-01
7.651296286411309877e-01
8.343587368438211138e-01
9.117348513672738353e-01
9.966017344849972259e-01
1.088785457400728296e+00
1.187672653150363633e+00
1.292316785919272792e+00
1.403388086143378954e+00
1.520861069026491874e+00
1.643236085021023474e+00
1.770761426805442573e+00
1.904256363660818963e+00
2.041610758324808206e+00
2.185530820833082366e+00
2.336069944124107067e+00
2.489920938986296850e+00
2.653607761237107177e+00
2.817037999547556293e+00
2.987647421252859203e+00
3.164072824829817332e+00
3.344601201114238531e+00
3.535645421394026489e+00
3.729024120835707556e+00
3.928629001712994562e+00
4.173050913417168495e+00
4.362331799781982156e+00
4.601850845532064582e+00
4.884060312954533245e+00
5.092320319541940421e+00
5.245921058579241070e+00
