3.302227090304419107e+03
1.655771209470053464e+03
1.224098257503240120e+03
1.017903201873573948e+03
8.997229974196693547e+02
8.033595894749847730e+02
7.358511866236185597e+02
6.862679805516157785e+02
6.338728468546180466e+02
5.945710142218085821e+02
5.607422810969640068e+02
5.267799029824370791e+02
4.924434288670344699e+02
4.681495110064664686e+02
4.399702495452474409e+02
4.124458349032011597e+02
3.893026235351307491e+02
3.660202263156280651e+02
3.406809561252038066e+02
3.168032691123066797e+02
2.967034357657173018e+02
2.751414364534202832e+02
2.543526965765535977e+02
2.345309543545458553e+02
2.150260793841582654e+02
1.941449223891983422e+02
1.754470771090719268e+02
1.575650339626338905e+02
1.398534979997849064e+02
1.220473312399466437e+02
1.062933799106511827e+02
9.041249104805255854e+01
7.651533781884597829e+01
6.407180479833417053e+01
5.276859901752663262e+01
4.345115220945750423e+01
3.560492505566863031e+01
2.909366667654181882e+01
2.375361771005099953e+01
1.940906899453625911e+01
1.595350813897816877e+01
1.316945911929515844e+01
1.096449476139159174e+01
9.155154171295412979e+00
7.712318955426574085e+00
6.556448325293097845e+00
5.605919558997195296e+00
4.845032785811745235e+00
4.213421510804685077e+00
3.694527091511186523e+00
3.268270955887034201e+00
2.912311684967659797e+00
2.613355591487257712e+00
2.365863930258485848e+00
2.157057948854110396e+00
1.983152453397709403e+00
1.833951595165064008e+00
1.707503442403719873e+00
1.601770728845157699e+00
1.511518477878318167e+00
1.435306718764428835e+00
1.369039754363044148e+00
1.312795400371240095e+00
1.265723906985202429e+00
1.227365258539409032e+00
1.192988959926055026e+00
1.167329316399736250e+00
1.143502327043678823e+00
1.123027069228845098e+00
1.106315905011698186e+00
1.093439273145290880e+00
1.084291614043858099e+00
1.077008047000866720e+00
1.072992284772606775e+00
1.068425992094847787e+00
1.066197312675132514e+00
1.065731614940854666e+00
1.066075190714176557e+00
1.066066053342081599e+00
1.067808963927271426e+00
1.069959219039755993e+00
1.071986550645819047e+00
1.075263595246360060e+00
1.079801826316606705e+00
1.082737897645206671e+00
1.085282788493053596e+00
1.087960427652977069e+00
1.092021727416223387e+00
1.095365918166549157e+00
1.099370496625201366e+00
1.103451765615433011e+00
1.107380647199880164e+00
1.111179198305476401e+00
1.113880675053634972e+00
1.115453897599790967e+00
1.116358718484659285e+00
1.118910075028492823e+00
1.118962307964096015e+00
1.120649047938296006e+00
1.121518327620998567e+00
1.122085103714575371e+00
1.121517901221200653e+00
1.121633351291267955e+00
1.122736733597460734e+00
1.122463021021867347e+00
1.122791615471720572e+00
1.122772458096942483e+00
1.121337311054206420e+00
1.119541635497598886e+00
1.119146771570686649e+00
1.118768377598578612e+00
1.117772162752876941e+00
1.117758170853620614e+00
1.118598057257121914e+00
1.116650938872981280e+00
1.117366944260774320e+00
1.113101534474048693e+00
1.110960056198752488e+00
1.114434221090094379e+00
1.116711559755453331e+00
1.121902243185347148e+00
1.111071754190365635e+00
1.130945695925405836e+00
1.207690831504828255e+00
1.335146217403897273e+00
1.223746187250709827e+00
1.406500357079585095e+00
1.621496271412994128e+00
1.052753378025709230e+00
1.377749130368510322e+00
8.789352902397732370e-01
9.576511007059639313e-01
1.278983002691598259e+00
2.382658150239512995e+00
1.278333737839320472e+00
1.181261104566363462e+00
3.496087234657915266e-01
9.297649728390174895e-01
7.997282263845547634e-01
1.228362780033306345e+00
1.420261117906191917e+00
1.059097348719457488e+00
8.847563248569781935e-01
1.280967109803308857e+00
1.006490854041398153e+00
4.254619331462501930e-01
8.457302714066575744e-01
3.919843232448099735e-01
1.039710840318666563e+00
2.259441217052593043e+00
