2.487809761745366188e+02
2.517328690374552025e+02
2.522682285916551450e+02
2.526063626644292697e+02
2.527490829126118683e+02
2.526877761774962039e+02
2.523343081087161863e+02
2.517526459432661454e+02
2.508746683265835884e+02
2.496733119069689053e+02
2.481673401462886659e+02
2.463499315519413244e+02
2.441782686961033164e+02
2.416811900416152241e+02
2.388751238755364454e+02
2.357667104190229281e+02
2.323941776787683864e+02
2.287574422259963569e+02
2.248852234641252039e+02
2.207898596180286290e+02
2.165499581315948774e+02
2.121711249070758356e+02
2.076482132877000879e+02
2.030830943502850232e+02
1.984271674116641861e+02
1.937994666551730631e+02
1.890902719594658379e+02
1.844516260177512947e+02
1.798392423200950816e+02
1.752741695665451118e+02
1.707906879189394544e+02
1.664007510334705842e+02
1.620715148421689094e+02
1.578611928477405968e+02
1.537767032691077702e+02
1.497743616159299336e+02
1.459375453139151375e+02
1.421909576011186402e+02
1.385486415117865988e+02
1.350373536311534224e+02
1.316538741965943018e+02
1.283924985882707119e+02
1.252253695737863239e+02
1.221851240889553765e+02
1.192556246884322633e+02
1.164420951994573841e+02
1.137064358165468434e+02
1.110969327490443419e+02
1.085660005605730589e+02
1.061549687231472632e+02
1.038237159444403090e+02
1.015776507308348329e+02
9.943252318147797553e+01
9.734792582797363991e+01
9.535411760217519372e+01
9.345128411644664368e+01
9.159174244092726269e+01
8.983649317271937207e+01
8.813768097469200313e+01
8.650340766883540766e+01
8.491340410842057906e+01
8.342153961371164428e+01
8.196862654932854753e+01
8.057458943369425697e+01
7.924849232992508519e+01
7.797438678719170468e+01
7.675780374849716736e+01
7.557926544830576177e+01
7.444899703415235592e+01
7.335792748486738901e+01
7.233371317411058499e+01
7.134371503813027005e+01
7.040153336760857883e+01
6.951395236653472409e+01
6.867216099812101504e+01
6.787092429916350511e+01
6.711082769377235024e+01
6.640158287792677072e+01
6.572410894888655264e+01
6.509074347142228589e+01
6.452175346193092764e+01
6.395573734900126794e+01
6.347245901427292125e+01
6.301996496569941542e+01
6.262758951190507872e+01
6.226845384436442288e+01
6.197568656419303323e+01
6.172018810205507577e+01
6.151581116898237411e+01
6.137395319914535463e+01
6.130783047751809534e+01
6.131140716961900239e+01
6.138728545014344462e+01
6.156569627450680571e+01
6.181355442426097113e+01
6.218639732542865772e+01
6.262806766367963007e+01
6.317775997124829956e+01
6.384620412510057719e+01
6.466923352423384586e+01
6.565874571879683685e+01
6.680220751197177265e+01
6.820587460371736199e+01
6.989851136977516433e+01
7.199040024049793374e+01
7.459065773440093494e+01
7.787415406829092035e+01
8.216065983119484883e+01
8.780545804147175204e+01
9.512963512657074716e+01
1.038150496977248594e+02
1.122524647505630497e+02
1.173147673992877174e+02
1.151447190866205119e+02
1.033598252783142613e+02
8.307840936319884406e+01
5.885306421137165245e+01
3.643627185048094930e+01
1.954262695926898985e+01
9.030534176810759206e+00
3.603294841397851389e+00
1.240120181623636242e+00
3.680579240546884012e-01
9.445563652866209581e-02
2.407856543921436249e-02
7.552573927564054136e-03
3.717451624660432410e-03
2.958172719326276727e-03
3.282755019074897959e-03
2.586772522138408234e-03
2.737169038437706377e-03
2.336435208285544182e-03
2.482288714872092541e-03
2.749686440477854595e-03
2.219369902368157309e-03
2.163356165798989515e-03
2.152915481992041368e-03
2.145920954584908460e-03
2.112987379416699212e-03
2.126710961297698967e-03
1.725412069016649119e-03
1.768860310930736807e-03
1.822208985937987359e-03
1.598559221933884729e-03
1.554063302652125859e-03
1.609019899362530140e-03
1.458853078776993365e-03
1.630603165935001200e-03
1.512017061613297412e-03
1.608622136565239025e-03
