2.488513184953054349e+02
2.518853826282928310e+02
2.525054019637651663e+02
2.529064015954166393e+02
2.530945777354946529e+02
2.530651536535797561e+02
2.527409317300377438e+02
2.521856863169098801e+02
2.513340660015475407e+02
2.501612440554638965e+02
2.486812800346807251e+02
2.468911506457978362e+02
2.447452913179205893e+02
2.422756514884689238e+02
2.394972295374818145e+02
2.364159709792298258e+02
2.330649131050075482e+02
2.294570346611531590e+02
2.256064479590010023e+02
2.215335949432366931e+02
2.173174159888343127e+02
2.129634104438212887e+02
2.084583076462722602e+02
2.039056314102842009e+02
1.992728294595750924e+02
1.946605327961953833e+02
1.899724068457298927e+02
1.853504716958412644e+02
1.807587343646364673e+02
1.762118518022361684e+02
1.717471632497135090e+02
1.673741966743286014e+02
1.630662913065370674e+02
1.588740473021521495e+02
1.548098211410985812e+02
1.508253892227303083e+02
1.470135351924103588e+02
1.432931027434020450e+02
1.396806021505475712e+02
1.361966179310059317e+02
1.328452180137750531e+02
1.296182069651470954e+02
1.264921524661062193e+02
1.234976729932501058e+02
1.206272236466520411e+02
1.178723032029723896e+02
1.152175230272079318e+02
1.126998533693798237e+02
1.102742276427279506e+02
1.079847637076300089e+02
1.058062809081423978e+02
1.037322439357937469e+02
1.017904386364345442e+02
9.994748697092705925e+01
9.822051934540716900e+01
9.663329396609564981e+01
9.513389748460063799e+01
9.377810194215237516e+01
9.253149669595029536e+01
9.139574088240539140e+01
9.035384793661370395e+01
8.946529623663506925e+01
8.866279754537340807e+01
8.797809563731793503e+01
8.740964101541034381e+01
8.693927566267845464e+01
8.658033436213425205e+01
8.630408528779692290e+01
8.611454916479958399e+01
8.601703320833782129e+01
8.601628018739984327e+01
8.607044224256530640e+01
8.621153743628985922e+01
8.642851662681823655e+01
8.672743050079623117e+01
8.709101530937302016e+01
8.751024526034396445e+01
8.799805874981443310e+01
8.852075527600770499e+01
8.911962108219944412e+01
8.977579353650854443e+01
9.043956164341442161e+01
9.116995670498502591e+01
9.193475428580094899e+01
9.278669325370422882e+01
9.365466946482264632e+01
9.458860223616261464e+01
9.552735897123606890e+01
9.654732477136727198e+01
9.763358579428650330e+01
9.878478371019915016e+01
1.000390402118842417e+02
1.013599407109176553e+02
1.027774070701772615e+02
1.042853840058979955e+02
1.059425403888978536e+02
1.077094652302510696e+02
1.096016236861084820e+02
1.116331415992627285e+02
1.138494475139591913e+02
1.163140447439627110e+02
1.190574069947065681e+02
1.221631520103386634e+02
1.257296495287459095e+02
1.299376136791594263e+02
1.349737720572975093e+02
1.411806759100793727e+02
1.491110728655131936e+02
1.593528512356022304e+02
1.726158277899148175e+02
1.884026741609748399e+02
2.038520386158851920e+02
2.133281968949911800e+02
2.096908035750082036e+02
1.884919385344043405e+02
1.517656849844722444e+02
1.077412519698550568e+02
6.677966230900234734e+01
3.586733798571107457e+01
1.661344414275737336e+01
6.628607854137058553e+00
2.273517077893345562e+00
6.706782994023900990e-01
1.732820099444719320e-01
4.075962933373220021e-02
1.058448626342814620e-02
4.170519728807290695e-03
3.397034988703601360e-03
3.082309736208714741e-03
2.913348267965195238e-03
2.716713942346627754e-03
2.526434652439436390e-03
2.287011784575198898e-03
2.410448221960201018e-03
2.207017413919783785e-03
2.489791261543119506e-03
2.215621842111527295e-03
2.193702355363667377e-03
2.072544785669804771e-03
1.847896609700934835e-03
1.985031230517517783e-03
1.934765737361716139e-03
1.818437062620280927e-03
1.489647419501591210e-03
1.583887421907171494e-03
1.525105778991524622e-03
1.469438378476269850e-03
1.542671857884316770e-03
1.489582725943255741e-03
1.466779336594194226e-03
