2.490206208324653971e+02
2.522273369430363630e+02
2.529408393464221945e+02
2.534015414235029198e+02
2.536342152407659398e+02
2.536641222478796465e+02
2.533826735866510944e+02
2.528736059154109626e+02
2.520575686567780451e+02
2.509253658748448856e+02
2.494714027045852731e+02
2.477154524626961916e+02
2.456025755921145333e+02
2.431611504545533364e+02
2.404055169479965457e+02
2.373478687104181688e+02
2.340357165442919722e+02
2.304561278782811371e+02
2.266428177860889832e+02
2.226160806522547375e+02
2.184521234297244234e+02
2.141627931215037108e+02
2.097399462876429936e+02
2.052940326180842021e+02
2.007904687618821242e+02
1.963500569115433620e+02
1.918602327329602986e+02
1.875022251405016505e+02
1.832247164868139180e+02
1.790753719432505875e+02
1.751008787188911242e+02
1.713134158169803527e+02
1.676921674082990137e+02
1.643046470833779722e+02
1.611893582493158874e+02
1.582923584900048866e+02
1.557079607742820997e+02
1.533629491385778465e+02
1.512558476283469133e+02
1.494303621560932527e+02
1.478635363188038241e+02
1.465351119415860808e+02
1.454329436471016948e+02
1.445499138330095548e+02
1.438706693758753374e+02
1.433786088074863585e+02
1.430029450394217747e+02
1.428096960784309033e+02
1.427077497870515117e+02
1.427359377328985488e+02
1.428312337120546829e+02
1.429802459629810585e+02
1.431978007259597518e+02
1.434303389935343205e+02
1.437199437147637582e+02
1.440070124718863838e+02
1.442576372831086644e+02
1.445498046808085633e+02
1.447968277191948232e+02
1.450455102430289571e+02
1.452544905458771609e+02
1.454603729793273317e+02
1.456222170847418340e+02
1.457517184695032029e+02
1.458598834464384026e+02
1.459322095808428230e+02
1.459899352704090347e+02
1.460107491321040811e+02
1.459819294104551375e+02
1.459461477154764566e+02
1.459060818285172445e+02
1.458260332787006917e+02
1.457187322606069131e+02
1.456237755217306074e+02
1.455130919467756883e+02
1.453715017899894519e+02
1.452409871668554899e+02
1.451364703717108853e+02
1.450080905953751653e+02
1.449131187317725846e+02
1.448285925585823861e+02
1.447611629688960591e+02
1.447339206467143242e+02
1.447095675613959997e+02
1.447324437132588173e+02
1.447661602543178958e+02
1.448845731940708674e+02
1.450306365024290187e+02
1.452302219024723513e+02
1.455087538370166840e+02
1.458945117878826920e+02
1.463514309187882816e+02
1.469192728535961692e+02
1.476118568863296048e+02
1.484318746683416066e+02
1.494455632583953104e+02
1.505850410859813451e+02
1.519113214548458757e+02
1.534240404813254770e+02
1.551757780810417842e+02
1.572078136790612177e+02
1.596115100452398110e+02
1.624554510215705534e+02
1.658886347196552151e+02
1.701031791835714273e+02
1.753545983360048695e+02
1.820194414870392166e+02
1.907615113886244842e+02
2.024335513427006390e+02
2.177007905856010552e+02
2.359761314986983223e+02
2.539118255477715422e+02
2.645314552961045251e+02
2.591471255603345867e+02
2.324197532670550004e+02
1.867993561674306306e+02
1.323747043367051504e+02
8.190793610560326954e+01
4.392486468922913900e+01
2.032063727487281568e+01
8.110272327322421759e+00
2.784167684494192496e+00
8.210006856162772593e-01
2.118953117955938992e-01
4.909571412863696083e-02
1.224942174076097678e-02
4.592829206228114108e-03
3.202514244825802481e-03
3.169447858371848576e-03
2.728077585576430420e-03
2.732076124939556046e-03
2.430044868861661999e-03
2.417470445889969167e-03
2.524102114734772320e-03
2.220597248763369214e-03
2.394012778249543852e-03
2.258212609459870051e-03
2.213231422332806713e-03
1.873485106045034336e-03
1.952018347755074979e-03
1.982419302324052533e-03
1.766696849668509270e-03
1.716751994600127168e-03
1.753939578616664280e-03
1.721597713036167711e-03
1.727131795962087929e-03
1.491802449261811318e-03
1.402239771800792983e-03
1.587759265301720048e-03
1.340551649567227853e-03
