2.490408920110948259e+02
2.522626539046484311e+02
2.529830234493323076e+02
2.534474903453133550e+02
2.536866606957465820e+02
2.537204176470024777e+02
2.534432162459731614e+02
2.529369131617992821e+02
2.521209822635610749e+02
2.509953169909387611e+02
2.495419917667480263e+02
2.477885788048600659e+02
2.456812397866784750e+02
2.432415445013428155e+02
2.404924864917129241e+02
2.374436220294727207e+02
2.341355805873204474e+02
2.305663750632408835e+02
2.267675889184956759e+02
2.227592022596909089e+02
2.186146015280158110e+02
2.143546110094128210e+02
2.099702984510160206e+02
2.055728931497044414e+02
2.011261895446698702e+02
1.967615242962281741e+02
1.923584756234613735e+02
1.881108489421841909e+02
1.839691853155744070e+02
1.799715291478853203e+02
1.761685516083137202e+02
1.725732505464979454e+02
1.691719006834767640e+02
1.660280187604920457e+02
1.631715934222059730e+02
1.605528410562424426e+02
1.582494882303050190e+02
1.561989903961808182e+02
1.543939381565737392e+02
1.528542237489854188e+02
1.515723243325919043e+02
1.505259275127008323e+02
1.496904950207012917e+02
1.490552556648639211e+02
1.486011955075216520e+02
1.483085142527161508e+02
1.481192469652367265e+02
1.480774809133408496e+02
1.481005434088305890e+02
1.482295194124442332e+02
1.484148820019402990e+02
1.486164315197539167e+02
1.488771522273866026e+02
1.491178188783531198e+02
1.493782572822753139e+02
1.496342848310112288e+02
1.498444851599633125e+02
1.500768844767401333e+02
1.502612490517599610e+02
1.504158922996453498e+02
1.505219475708983623e+02
1.506249164468437982e+02
1.506916602141713213e+02
1.507044829161231689e+02
1.506964324575490650e+02
1.506501669918211519e+02
1.505764531952975176e+02
1.504754894185038836e+02
1.503228733902312797e+02
1.501458040777379210e+02
1.499879569236034058e+02
1.497827530154102078e+02
1.495376000201536613e+02
1.493241137853091516e+02
1.490914882020649657e+02
1.488352768510180510e+02
1.486079410883515095e+02
1.484063799039715263e+02
1.481700556205599923e+02
1.479690716960904524e+02
1.477784869642252943e+02
1.476127477406730293e+02
1.474862499445889625e+02
1.473649225236430880e+02
1.472948374718969546e+02
1.472546635444450089e+02
1.472966772411966758e+02
1.473643926980853678e+02
1.475088020553216097e+02
1.477287605420399359e+02
1.480342166048425270e+02
1.484102845787965634e+02
1.488996623672689736e+02
1.495410530232898338e+02
1.503216202015315446e+02
1.512818407133265453e+02
1.523738747075831554e+02
1.536525987955438950e+02
1.551237245640627123e+02
1.568339138671567525e+02
1.588458538926342101e+02
1.612236583632255815e+02
1.640546805776450583e+02
1.674663648893335051e+02
1.716271877791551219e+02
1.768693311773617154e+02
1.835607267705924244e+02
1.923198923707605559e+02
2.039971250013922770e+02
2.193267521017028514e+02
2.377018731713827435e+02
2.557326717495618311e+02
2.663661541018803405e+02
2.609500051204319675e+02
2.340305938249049973e+02
1.880466588433092454e+02
1.332211501829877420e+02
8.242512733349461485e+01
4.421329989217562684e+01
2.046510929321375727e+01
8.158992620440130850e+00
2.795156859567951013e+00
8.268047484989632379e-01
2.119080836344401642e-01
4.897655262200678594e-02
1.243475976256152790e-02
4.585538871290592740e-03
3.259448382174133345e-03
3.203256232491906181e-03
2.720993927574290924e-03
2.665710862291406635e-03
2.481890945321780974e-03
2.517259159956460393e-03
2.634308665381158293e-03
2.170786720121651182e-03
2.339184517607924198e-03
2.174074590883011155e-03
2.103938291860106037e-03
1.940357350747759155e-03
2.030659657256786519e-03
1.927886500844177729e-03
1.826280674261412766e-03
1.818839668690362893e-03
1.723876036532495833e-03
1.658485772113247811e-03
1.815542270578171915e-03
1.537101726113816996e-03
1.366167060792023271e-03
1.650415754356220847e-03
1.376470370764051269e-03
