1.803587947113992414e+02
1.822015045508580613e+02
1.823968475407988592e+02
1.823778464578661271e+02
1.821517691354965791e+02
1.815462839701083624e+02
1.806477284055112591e+02
1.793975443042355664e+02
1.777183171925717033e+02
1.756570525908609852e+02
1.731970962081427956e+02
1.703179311965488694e+02
1.669919711295418381e+02
1.632753427919815294e+02
1.591638778619300183e+02
1.547543827452140590e+02
1.500961677904965086e+02
1.451605211995645561e+02
1.400149386758566834e+02
1.347524798980577714e+02
1.293972889337132415e+02
1.240160069891781944e+02
1.186697107032200051e+02
1.133449185948896485e+02
1.081534340141677433e+02
1.031458599162158691e+02
9.826951983909950172e+01
9.363460318449263298e+01
8.921914972278237599e+01
8.506643150654983287e+01
8.118589322976509948e+01
7.759169157529767347e+01
7.427779000962618738e+01
7.125504020992148924e+01
6.852916183070435352e+01
6.607619013668347918e+01
6.391049404024508362e+01
6.198644765515604860e+01
6.032121804234985518e+01
5.887589173189675051e+01
5.764823126842060930e+01
5.661531034463809675e+01
5.577703982638195157e+01
5.508730484524534887e+01
5.452467744502549607e+01
5.407973534468975174e+01
5.373639892817785579e+01
5.348912945306963707e+01
5.328715563606884587e+01
5.315540322889056313e+01
5.304061958131691057e+01
5.295684127550985920e+01
5.287321842999921984e+01
5.282117565617792820e+01
5.274616578821506607e+01
5.267984823178913700e+01
5.259395095519721508e+01
5.250726919000347692e+01
5.237668498915930826e+01
5.219420418350232893e+01
5.199353345111012459e+01
5.178002579344643408e+01
5.154266948542661453e+01
5.126228333140412730e+01
5.097324841014213348e+01
5.062359196816881735e+01
5.028843500299586111e+01
4.988569320945276075e+01
4.947060884742273146e+01
4.903850125852558506e+01
4.857647672419746954e+01
4.809931245115068066e+01
4.760763944519890600e+01
4.709760913583967579e+01
4.657249495469861245e+01
4.605364258545968426e+01
4.552896188199520111e+01
4.501736833486292255e+01
4.447193093225359917e+01
4.390760796972446656e+01
4.336861866547001654e+01
4.286059686500165355e+01
4.235782597048414999e+01
4.185480704779426020e+01
4.134785450498262804e+01
4.083375979628827679e+01
4.036656139501266694e+01
3.991798179679446434e+01
3.947284549184971070e+01
3.903242513289054472e+01
3.860525873510373884e+01
3.818834824860095978e+01
3.783188670252760488e+01
3.751189139071438206e+01
3.722852058336138725e+01
3.696291428431868553e+01
3.673024060370193666e+01
3.657507194537255657e+01
3.643731143863664812e+01
3.632358762911624694e+01
3.630108540256818372e+01
3.635189058507481974e+01
3.648664681282308209e+01
3.672271193522546184e+01
3.710699028852913273e+01
3.768907201165954035e+01
3.854197695023484016e+01
3.978747847345140087e+01
4.157648102194070816e+01
4.406613181365860754e+01
4.708120460891061043e+01
5.006161313586764550e+01
5.171303669197691733e+01
5.025727905167473608e+01
4.482998646712965751e+01
3.584762496045894409e+01
2.531629865368207177e+01
1.565241869663198848e+01
8.358975959010422230e+00
3.863417953537362948e+00
1.538845116395451518e+00
5.189997409016863239e-01
1.543898651865556471e-01
4.013693341154281335e-02
9.739774068312286037e-03
2.071931472322202997e-03
4.202126149299080949e-04
2.511929662119110067e-04
2.073142607481839503e-04
2.391575781515637203e-04
2.090957170668910974e-04
1.483090790444669684e-04
1.517007869046451242e-04
1.636465510848869370e-04
8.541450277446883304e-05
2.129643354219994773e-04
9.834240176114721987e-05
8.782747218365965591e-05
2.243479855504018259e-04
9.948767938465034866e-05
1.189014249357686799e-04
1.862718587221707427e-04
1.139220818620787455e-04
5.519784902133840929e-05
8.667296422978653682e-05
1.378101231976409284e-04
4.002461614080263247e-05
1.035933047355521905e-04
1.053168268833854453e-04
8.570492645157103606e-05
