2.489336543455966932e+02
2.520572287850141038e+02
2.527346138633854480e+02
2.531669452230854347e+02
2.533805200784427143e+02
2.533812488456148344e+02
2.530822786468988284e+02
2.525501032511465951e+02
2.517213279533801540e+02
2.505732257514969774e+02
2.491113133776180462e+02
2.473405201278488903e+02
2.452133759917186637e+02
2.427619801541362961e+02
2.399968594483070774e+02
2.369261969148921025e+02
2.335905852614513947e+02
2.299887192825559055e+02
2.261577012437908252e+02
2.220953628988087587e+02
2.178896928456668434e+02
2.135424263489857992e+02
2.090572508199018387e+02
2.045251566658183151e+02
1.999095105382025679e+02
1.953237074893750957e+02
1.906564662028088151e+02
1.860768909109137894e+02
1.815205227813367230e+02
1.770091649484263883e+02
1.726006071443096630e+02
1.683033143904910105e+02
1.640792718063864584e+02
1.599914912068062733e+02
1.560657469147064944e+02
1.522555443382130136e+02
1.486581768681246842e+02
1.451899259657971584e+02
1.418855489336679057e+02
1.387803735373487086e+02
1.358713240164766773e+02
1.331554680870007417e+02
1.306387440806093991e+02
1.283342928015165114e+02
1.262370722321171144e+02
1.243542328325604274e+02
1.226393413811317004e+02
1.211436917545534584e+02
1.198303417207740154e+02
1.187306822668592332e+02
1.177885989110480409e+02
1.170199520570913450e+02
1.164115144556462269e+02
1.159282536986826955e+02
1.155869507948283257e+02
1.153932293547466941e+02
1.152738940814510755e+02
1.152939020278665652e+02
1.153908954274429846e+02
1.155441109653560972e+02
1.157490860212094788e+02
1.160262098513173328e+02
1.163421621592132169e+02
1.166976569033766111e+02
1.171013212203682343e+02
1.175295715731389379e+02
1.179743649858903325e+02
1.184223025320897733e+02
1.188706090311571018e+02
1.193083553680830562e+02
1.197768631011469864e+02
1.202183478145284710e+02
1.206541553408138583e+02
1.211165540765963158e+02
1.215961152778522631e+02
1.220609166498205695e+02
1.225304131965652488e+02
1.229960620735380985e+02
1.234503999454966561e+02
1.239054268443847633e+02
1.243713047735911488e+02
1.248298187740703327e+02
1.253435442549217811e+02
1.258427086375701407e+02
1.263697019937556973e+02
1.269238104368865976e+02
1.275092280897696355e+02
1.281321047331782097e+02
1.287878870912846878e+02
1.294999564687039708e+02
1.302742483195805505e+02
1.311274860458438809e+02
1.320725904558707384e+02
1.331284139793623638e+02
1.343011359468782757e+02
1.356397491968709517e+02
1.370894510525039038e+02
1.386899804674848156e+02
1.404863336217148060e+02
1.424922633594542276e+02
1.447631083341621547e+02
1.473528263606741007e+02
1.503500853294591479e+02
1.538716605470847298e+02
1.581497929239981488e+02
1.633912723353603553e+02
1.699980384525634634e+02
1.785609742152439878e+02
1.898390189078809840e+02
2.046148316479973914e+02
2.222225817497925959e+02
2.395145261027151946e+02
2.498696061651012030e+02
2.450741880296255033e+02
2.200111638712409672e+02
1.768844443039571956e+02
1.253549427687238165e+02
7.761599895630044443e+01
4.163363011553884974e+01
1.925937426671233865e+01
7.675785477059545059e+00
2.629301965903330096e+00
7.746995427088164687e-01
1.987459679328386353e-01
4.598708255147554436e-02
1.154380789776198249e-02
4.629768298872492978e-03
3.151645764422358539e-03
3.170905396940118699e-03
2.766060949011666867e-03
2.890887913378522092e-03
2.612253882956104209e-03
2.404078456758599724e-03
2.579507312856573961e-03
2.368733829253300179e-03
2.400660607734679628e-03
2.026697912333353009e-03
2.254926078215292295e-03
2.145892813559604172e-03
1.885827733031805471e-03
1.986733702559302910e-03
1.736361961740946281e-03
1.890740693850654795e-03
1.637877792744054468e-03
1.703468340504967404e-03
1.530756766805403115e-03
1.513467190752069850e-03
1.328703868083527893e-03
1.480818775584206081e-03
1.470655400144866860e-03
