2.488453377267642566e+02
2.518709581822737107e+02
2.524855802617072129e+02
2.528823724297548381e+02
2.530688839453347896e+02
2.530384223942277799e+02
2.527116108564854073e+02
2.521544668824833764e+02
2.512984503547413055e+02
2.501273079825590457e+02
2.486415888464936472e+02
2.468499476835110613e+02
2.447024938376218017e+02
2.422323484704610905e+02
2.394519640988102367e+02
2.363659436812277761e+02
2.330178846349014918e+02
2.294043212214814957e+02
2.255564175305881918e+02
2.214809529531723058e+02
2.172648405358123114e+02
2.129075352655590621e+02
2.084040936401680142e+02
2.038505035550870730e+02
1.992183830680062329e+02
1.946026144201031514e+02
1.899106944609130494e+02
1.852906416356152306e+02
1.806935658027996681e+02
1.761487602377473820e+02
1.716824733782739258e+02
1.673064648056010242e+02
1.629968395139475206e+02
1.588051391133930963e+02
1.547354016222692508e+02
1.507525483566329569e+02
1.469331891363101477e+02
1.432077956085052506e+02
1.395966605490900179e+02
1.361051027625657355e+02
1.327474569124156005e+02
1.295138691061700058e+02
1.263817830721437900e+02
1.233770682559294301e+02
1.204913047112255668e+02
1.177222960078924956e+02
1.150461515198127955e+02
1.125013336347265067e+02
1.100523884382392055e+02
1.077302854948187729e+02
1.055078529174790276e+02
1.033841702609679203e+02
1.013940954011205662e+02
9.948545327907478963e+01
9.769172885119741068e+01
9.602671618019262212e+01
9.443330128912944588e+01
9.298766594810122399e+01
9.164284268244404075e+01
9.040193328985664323e+01
8.924939692589579465e+01
8.824089536828479652e+01
8.731474260075901839e+01
8.650550711024057193e+01
8.581180189477501585e+01
8.521538184353843803e+01
8.472149973201219098e+01
8.432115741915522733e+01
8.401601481644723890e+01
8.378450647279223062e+01
8.366924367111042216e+01
8.361288377859001741e+01
8.364226377701839965e+01
8.376723897482715131e+01
8.397317564886942876e+01
8.422918518500048890e+01
8.456067748313098775e+01
8.497669557792687556e+01
8.542521502946054568e+01
8.593574237061739041e+01
8.653125120107044665e+01
8.714137533276448266e+01
8.783793470486045862e+01
8.856438504521118205e+01
8.936697560490095782e+01
9.022245001895888095e+01
9.114737173129128678e+01
9.207986349672032134e+01
9.307010980916408016e+01
9.413412772071860957e+01
9.526774442980911317e+01
9.649270825201702451e+01
9.780828348973790298e+01
9.923792983980033000e+01
1.007625875164897593e+02
1.024034540662185293e+02
1.041553008753608935e+02
1.060605529449461386e+02
1.081063388587609353e+02
1.103267585473365386e+02
1.127672171770272769e+02
1.154815618696682975e+02
1.185487898529389383e+02
1.220753686419861026e+02
1.262448037386415081e+02
1.312424864368847750e+02
1.373485196405698616e+02
1.451591751022843653e+02
1.552883259147717752e+02
1.682883811452313978e+02
1.837651640062336469e+02
1.989446094132775613e+02
2.082617293170540052e+02
2.048324011718117106e+02
1.841332517220629938e+02
1.483524492804495765e+02
1.053153437912538806e+02
6.527105989930016960e+01
3.503030487865052578e+01
1.623031794900154523e+01
6.485672757781588693e+00
2.223889112899125831e+00
6.580439796998228674e-01
1.692544887449893287e-01
4.007747039093988856e-02
1.095409711048227382e-02
4.436703225174145997e-03
3.407669091231583375e-03
3.285216660146785417e-03
2.841784109633570862e-03
2.689803883128670612e-03
2.622098124337794191e-03
2.191745691813869797e-03
2.453678632864816911e-03
2.200591830004244593e-03
2.804216320127305741e-03
2.183018542173488941e-03
2.063651807456562230e-03
2.030034034698910417e-03
1.818844604820853790e-03
1.926279532905177377e-03
1.850599003290375215e-03
1.900256978676694063e-03
1.658445311236600439e-03
1.558675999830051034e-03
1.589779970743106490e-03
1.365340055949704331e-03
1.654455513672602272e-03
1.507556739869396825e-03
1.488632171298520440e-03
