2.488372826997447760e+02
2.518519440588800933e+02
2.524586230189885896e+02
2.528516412859389106e+02
2.530333573979713719e+02
2.530011995245722005e+02
2.526690551946123264e+02
2.521122774024004798e+02
2.512512923965182949e+02
2.500779973622202021e+02
2.485896099524824479e+02
2.467946888278237623e+02
2.446445375664933692e+02
2.421717030886623263e+02
2.393902939921901236e+02
2.363008681879951496e+02
2.329539110584838966e+02
2.293356674616612167e+02
2.254848426430133088e+02
2.214117229427729967e+02
2.171907828721081728e+02
2.128321106993017509e+02
2.083278379767483557e+02
2.037715979311572596e+02
1.991368473404996848e+02
1.945229166002714010e+02
1.898309490306131408e+02
1.852080133556156056e+02
1.806077531849037427e+02
1.760564491845715054e+02
1.715930780522268435e+02
1.672151030168290049e+02
1.629014326516715414e+02
1.587088362823253647e+02
1.546345527034810630e+02
1.506529089887780799e+02
1.468281684855272999e+02
1.430975537768877359e+02
1.394818456809864244e+02
1.359897840014971280e+02
1.326234675179117630e+02
1.293788523067779010e+02
1.262423600194460533e+02
1.232317729085523581e+02
1.203281184194111972e+02
1.175534782276989745e+02
1.148557594177550953e+02
1.122835361666838025e+02
1.098083569658472669e+02
1.074567526074292374e+02
1.051945665497430724e+02
1.030235653452197795e+02
1.009802803706546825e+02
9.900909327073550514e+01
9.714076795632804817e+01
9.539079992138435671e+01
9.371134751045249800e+01
9.215501491640090137e+01
9.069732742438087314e+01
8.933409991475146228e+01
8.804693616490760633e+01
8.690286957997437867e+01
8.582563281244379993e+01
8.485403495423032894e+01
8.399749891464500706e+01
8.323597542631330271e+01
8.257330140625516890e+01
8.200454352188791063e+01
8.152265998391054325e+01
8.112232562207579178e+01
8.083647482347660684e+01
8.061446823670752337e+01
8.048433170546411475e+01
8.045182926023569792e+01
8.050133388899092779e+01
8.061038728238902706e+01
8.080450564908457523e+01
8.108443769842840254e+01
8.142270172452400345e+01
8.182027426446077811e+01
8.230815738221278366e+01
8.282133537615861485e+01
8.341847257276683081e+01
8.406298186636861658e+01
8.480144083689803836e+01
8.556030862104292112e+01
8.640951970709662078e+01
8.731419708421148584e+01
8.828883486089905830e+01
8.931144966382871075e+01
9.039928823305803007e+01
9.159281056783216002e+01
9.285064892341441123e+01
9.424272964811154907e+01
9.571996882820204178e+01
9.737415301721073035e+01
9.910934959635726216e+01
1.009686901014947153e+02
1.029864470968226584e+02
1.051895155504670498e+02
1.075983162011543470e+02
1.102933092739517917e+02
1.133225457425620561e+02
1.168032744875453801e+02
1.208692100639323712e+02
1.257558689551523514e+02
1.317456549004012345e+02
1.393638322748613234e+02
1.492393031326583355e+02
1.619099976900155298e+02
1.769030858660429431e+02
1.916488215708307052e+02
2.007217181410231319e+02
1.974610889776594149e+02
1.776678037044113978e+02
1.431101421158616063e+02
1.015646750764851447e+02
6.296162084223085742e+01
3.381003956533459132e+01
1.565092740678783123e+01
6.243799031698076263e+00
2.146032575907377282e+00
6.328738021825659477e-01
1.616872813472159387e-01
3.890644712807068972e-02
1.066328278584478297e-02
4.193674299222013152e-03
3.180085620225429205e-03
3.410750983108255547e-03
2.896016640380005489e-03
2.627220108574994037e-03
2.442604983591414175e-03
2.220925510666929212e-03
2.604062973710234274e-03
2.271514178740893699e-03
2.033219336550161176e-03
2.032855081514628459e-03
2.146769127968266820e-03
2.111099382671960487e-03
2.001512677383882489e-03
2.208276167275719654e-03
1.959883489407210442e-03
1.814053808073903947e-03
1.617739633951503688e-03
1.637547426774871133e-03
1.636542959590265916e-03
1.499088733216113458e-03
1.504151876863084976e-03
1.510233380491187317e-03
1.421536750516685195e-03
