2.488619007713956819e+02
2.519084032967296025e+02
2.525383717055390207e+02
2.529449079199143000e+02
2.531365427774538830e+02
2.531132910884895182e+02
2.527910911781846437e+02
2.522391329870163190e+02
2.513912802599702161e+02
2.502232722721409175e+02
2.487457273635089621e+02
2.469596043659628322e+02
2.448150992539960953e+02
2.423516679016058504e+02
2.395746177811645623e+02
2.364942549693258798e+02
2.331475250655360583e+02
2.295378254825218960e+02
2.256926713965118552e+02
2.216199549504220840e+02
2.174091855757951350e+02
2.130491195162891813e+02
2.085462499064246629e+02
2.040001359593260872e+02
1.993691392498427604e+02
1.947599724160879475e+02
1.900648674227464028e+02
1.854538722545905785e+02
1.808620864217207327e+02
1.763190668043460789e+02
1.718577576824393418e+02
1.674848376006509056e+02
1.631804159291713461e+02
1.589973311045821163e+02
1.549306207854705235e+02
1.509578515762061102e+02
1.471525524479017406e+02
1.434368394871027874e+02
1.398303540087546821e+02
1.363564034174478934e+02
1.330235384937179788e+02
1.298106813028925615e+02
1.267108963710015530e+02
1.237441460375168276e+02
1.209028624271963963e+02
1.181915371711782257e+02
1.155855114139556861e+02
1.131229126864130734e+02
1.107680677210962159e+02
1.085648800941613246e+02
1.064795931736473165e+02
1.045130356543005661e+02
1.026872458794606473e+02
1.009768327035082791e+02
9.940710726931385466e+01
9.797603109487988604e+01
9.664850673120660929e+01
9.547534192238815365e+01
9.441170090967094097e+01
9.347760018799154125e+01
9.265241692479312974e+01
9.197500622376065849e+01
9.138687847105238404e+01
9.091843909145795521e+01
9.056610707020558948e+01
9.030685778891960069e+01
9.014845560561843740e+01
9.008015366247020950e+01
9.007858487655319379e+01
9.015880217149980069e+01
9.032308420797905057e+01
9.055154159292328586e+01
9.084792513189297836e+01
9.123489249507107957e+01
9.166160322661806958e+01
9.213956313926320263e+01
9.266836491639564599e+01
9.325966887088634394e+01
9.386641791480546715e+01
9.452701544260632716e+01
9.523865792629365501e+01
9.596312000061433878e+01
9.673552546485380788e+01
9.753715878000929251e+01
9.838783753784325370e+01
9.927267584781222354e+01
1.002253903289289241e+02
1.011980764792174199e+02
1.022308211427101128e+02
1.033223712679463517e+02
1.044529558088176060e+02
1.056731040780622664e+02
1.069631901556683573e+02
1.083619314987274578e+02
1.098666493021784873e+02
1.115044538379462722e+02
1.132388892666688491e+02
1.151264546862645233e+02
1.171681710152859210e+02
1.193990474283404950e+02
1.218604535697626687e+02
1.246131744262348775e+02
1.277361796196634174e+02
1.313285940138090666e+02
1.355724549584980139e+02
1.406900217976966587e+02
1.469822787628818332e+02
1.550413463597392081e+02
1.655681144276536543e+02
1.791813446260267995e+02
1.953339394792765518e+02
2.112018749101997059e+02
2.208409654466689176e+02
2.169866673271191928e+02
1.950141723318467939e+02
1.570373618450238382e+02
1.114950794247274501e+02
6.909776024571038988e+01
3.706143514989923915e+01
1.716016229320150899e+01
6.839305216189185188e+00
2.348991573694073853e+00
6.985974913968705513e-01
1.794098350407218601e-01
4.126403077723923146e-02
1.061565699176844103e-02
4.268698908136176091e-03
3.276330188047567576e-03
3.132736665972900205e-03
2.742260718242143548e-03
2.817026650486983974e-03
2.464247653994653276e-03
2.324600404713391289e-03
2.409818448125005622e-03
2.299090560830201451e-03
2.266903340169391153e-03
1.913517563028111325e-03
2.142359461895925951e-03
2.233293224264549116e-03
1.811785486513214482e-03
1.990821034682902207e-03
1.868238596357618816e-03
1.830022006757112607e-03
1.793752553394831932e-03
1.598390204896597182e-03
1.611543063889223125e-03
1.491878596450119413e-03
1.644755763656133686e-03
1.367858562282344174e-03
1.355138572061023857e-03
