2.488284671608741405e+02
2.518298304171252653e+02
2.524298506465670187e+02
2.528123058108735393e+02
2.529928415166214961e+02
2.529562482486763315e+02
2.526221338913104262e+02
2.520608751817523796e+02
2.511962140419180116e+02
2.500186843166493702e+02
2.485274805767447788e+02
2.467311180852828159e+02
2.445736082411592633e+02
2.421017379045694042e+02
2.393169864545950247e+02
2.362244545898586807e+02
2.328739438644865061e+02
2.292556277909245637e+02
2.253996848169831821e+02
2.213239947270351138e+02
2.171059723045370617e+02
2.127410916126068798e+02
2.082343420446125606e+02
2.036764622666023286e+02
1.990420902613914222e+02
1.944275954628537306e+02
1.897301088197010017e+02
1.851060280427945770e+02
1.805075152685670616e+02
1.759583268633164721e+02
1.714848111929148047e+02
1.671078174258725255e+02
1.627912704888991584e+02
1.585982405351377622e+02
1.545211534730234177e+02
1.505312025024791467e+02
1.467109387387957611e+02
1.429781041374237702e+02
1.393510664800298855e+02
1.358566650332502945e+02
1.324875043810717443e+02
1.292344039659684825e+02
1.260870809390423943e+02
1.230696503191036157e+02
1.201659888119939552e+02
1.173743433890302867e+02
1.146663406534906784e+02
1.120812233213930966e+02
1.095845684128298529e+02
1.072038387056211661e+02
1.049175818509340985e+02
1.027185365279755302e+02
1.006280367238588269e+02
9.860905745253518262e+01
9.668503797153364587e+01
9.487178310703995976e+01
9.311406526434589637e+01
9.147655132146333301e+01
8.991108014281830663e+01
8.844003932420079650e+01
8.702897760429097218e+01
8.575547218809465733e+01
8.454239922998092993e+01
8.341691812864445410e+01
8.239239750890638447e+01
8.146047521037588979e+01
8.061895360592619397e+01
7.985309414392148142e+01
7.917995868464677756e+01
7.858964807628741767e+01
7.809841153048607509e+01
7.768191648808348759e+01
7.735770358608297670e+01
7.711782624152223775e+01
7.697248070881019544e+01
7.690442846133841215e+01
7.691521384243732484e+01
7.700890432684428788e+01
7.716496272871503947e+01
7.739236176879447271e+01
7.771055276216091556e+01
7.807388095323338462e+01
7.853547873041313210e+01
7.903307987186937567e+01
7.963175065446250755e+01
8.028790807850234046e+01
8.102420340415663702e+01
8.182078093386057560e+01
8.267145399584100574e+01
8.361256327638068342e+01
8.464569204186349793e+01
8.577510955960880779e+01
8.698243077621059172e+01
8.829324389133986983e+01
8.971413934165194348e+01
9.127156489197881228e+01
9.293651295106084831e+01
9.473863419768838412e+01
9.670352425623995885e+01
9.884194153803520067e+01
1.011917046653772871e+02
1.038082146706413482e+02
1.067664722910352424e+02
1.101342854258367225e+02
1.140803405881624855e+02
1.188001660818720353e+02
1.245833120488430126e+02
1.318986377322717942e+02
1.414262478066036977e+02
1.536213916300160065e+02
1.680606879259763389e+02
1.822498856630439832e+02
1.910008197755779236e+02
1.879492561374266018e+02
1.691176459488924309e+02
1.362924141676122360e+02
9.681034695695576886e+01
6.005127444684752902e+01
3.223144161207339664e+01
1.491479550209808380e+01
5.953024780196111365e+00
2.050039442422582514e+00
6.025423144119617103e-01
1.535310717178513529e-01
3.721452840103391113e-02
9.729492538780627059e-03
4.214302113487217519e-03
3.210435124385138238e-03
3.291620818800405392e-03
2.793511423759913268e-03
2.685248448496788207e-03
2.522582548795163603e-03
2.442074233221797584e-03
2.361109245723599145e-03
2.367235781356512130e-03
2.045722714171990461e-03
2.033473958692064588e-03
2.163219018808871640e-03
2.136600145130796921e-03
1.702423376129877895e-03
2.046961645810562933e-03
1.717042470075059828e-03
1.780634557203125126e-03
1.674027223793353447e-03
1.831724830257704887e-03
1.659224168351845427e-03
1.446838767251993696e-03
1.405437242640747170e-03
1.563682952277627896e-03
1.435357459535690485e-03
