2.488839805212701890e+02
2.519589561598080536e+02
2.526072400646297069e+02
2.530200668403518307e+02
2.532200063285003182e+02
2.532043218356645866e+02
2.528883787933081635e+02
2.523470896564902830e+02
2.515055239732253654e+02
2.503426315138583504e+02
2.488743821474109836e+02
2.470917478170421191e+02
2.449565382976055616e+02
2.424963056313593484e+02
2.397259238592738768e+02
2.366456958094475738e+02
2.333022913212668072e+02
2.296982911108680412e+02
2.258572991068812428e+02
2.217894147438741754e+02
2.175764959814121653e+02
2.132196869414848095e+02
2.087235330870131520e+02
2.041801933622372189e+02
1.995501910769154108e+02
1.949496571700082654e+02
1.902627613978042973e+02
1.856534764331160261e+02
1.810694367371087026e+02
1.765321463851419992e+02
1.720795903270554845e+02
1.677180003428785255e+02
1.634289171851572746e+02
1.592464585008958693e+02
1.552043076407719013e+02
1.512460670888429206e+02
1.474704158253002220e+02
1.437828576143402017e+02
1.402171320530937919e+02
1.367990268780689576e+02
1.335204801648157797e+02
1.303822461739239316e+02
1.273703386300579012e+02
1.245166666493536098e+02
1.218092493241585004e+02
1.192620237556261173e+02
1.168329238344870618e+02
1.145801100475353849e+02
1.124678046231734356e+02
1.105372167662608973e+02
1.087458668713805281e+02
1.071047692487966430e+02
1.056382146963454858e+02
1.042918548754610129e+02
1.031012255600835772e+02
1.020840060368048512e+02
1.011776333508683905e+02
1.004404153949853651e+02
9.983526078782912805e+01
9.933082832667122375e+01
9.894416077776136831e+01
9.869153696481720317e+01
9.851810842358939624e+01
9.845138491316014040e+01
9.847901707793671733e+01
9.857730489494174719e+01
9.875901681038031654e+01
9.901091954431699094e+01
9.931495094054596962e+01
9.966420724369756101e+01
1.000889869169817104e+02
1.005267447136716754e+02
1.010041494006368339e+02
1.015570434251974063e+02
1.021329057422728965e+02
1.027391511384932556e+02
1.033525840383020551e+02
1.040105343059640859e+02
1.046631767427559367e+02
1.053434136655292690e+02
1.060607111156152911e+02
1.067838633111678490e+02
1.075297307504531119e+02
1.083053023797038747e+02
1.091148957378714357e+02
1.099443793307498396e+02
1.108226770234619210e+02
1.117354165118710654e+02
1.126702700391970353e+02
1.136708595122810266e+02
1.147407660132447518e+02
1.158647587953045672e+02
1.170792816633828295e+02
1.183861150745273534e+02
1.198015637731835739e+02
1.213587882905086133e+02
1.230205243030751632e+02
1.248474683179415337e+02
1.268056606926687806e+02
1.289587185329659178e+02
1.313586316061404773e+02
1.340859256513914204e+02
1.371816739266830325e+02
1.407576461097245897e+02
1.450491082821358475e+02
1.502440753284765549e+02
1.567167938258509423e+02
1.650057941986665924e+02
1.759030630100246526e+02
1.900129642147362574e+02
2.068366171771377822e+02
2.233380366567802753e+02
2.333170082212598686e+02
2.290617266768093998e+02
2.057758126165253714e+02
1.656258961756261385e+02
1.174525742641702664e+02
7.278539476936191477e+01
3.903748662639431899e+01
1.807264943289467141e+01
7.201018228975919477e+00
2.476065420901668812e+00
7.313902980140331023e-01
1.859890702172297128e-01
4.339666511273972821e-02
1.100116406884748925e-02
4.744987751302887947e-03
3.386307775163512231e-03
3.144922577659331041e-03
3.000609970868491506e-03
2.840166651145091710e-03
2.662965839770112166e-03
2.520670520678558891e-03
2.255933239808720521e-03
2.251090744299384140e-03
2.299083051244877208e-03
1.966242297931727889e-03
2.204084406541079698e-03
1.962848157526290733e-03
1.839018022949114387e-03
2.105515647636232914e-03
1.781723394912520901e-03
1.845654053590117111e-03
1.506523347123871160e-03
1.761384900458484422e-03
1.540042699002659938e-03
1.485888821741402016e-03
1.556052923955684791e-03
1.586587984513789483e-03
1.426180148323609020e-03
