2.488548866291752404e+02
2.518926215999366605e+02
2.525160772562129239e+02
2.529192330707874987e+02
2.531081746630098905e+02
2.530803802907183240e+02
2.527567392868730565e+02
2.522027362739670764e+02
2.513522886104024963e+02
2.501802712187250393e+02
2.487014948902677816e+02
2.469128878310889377e+02
2.447676451826852997e+02
2.422998414968792247e+02
2.395218160642861278e+02
2.364414553234917662e+02
2.330911247771578871e+02
2.294821244981526149e+02
2.256341800620256777e+02
2.215611347644825457e+02
2.173472199719544733e+02
2.129924093818876543e+02
2.084866961623968393e+02
2.039353313552115026e+02
1.993020588629113945e+02
1.946923174994627175e+02
1.900030287765238768e+02
1.853817031437785658e+02
1.807930834373188418e+02
1.762448771105424896e+02
1.717830742756602547e+02
1.674099944818536869e+02
1.631028381711363977e+02
1.589121083117654223e+02
1.548479851708106310e+02
1.508669786644699968e+02
1.470563117067771941e+02
1.433389199753900130e+02
1.397270655183184545e+02
1.362443100579350812e+02
1.328992818213361318e+02
1.296763284386185830e+02
1.265570555087752354e+02
1.235694472641630028e+02
1.207067012548935878e+02
1.179628202093560816e+02
1.153231838734791808e+02
1.128181457740169407e+02
1.104107956235653347e+02
1.081467730400078153e+02
1.059969583066389163e+02
1.039516685122675739e+02
1.020434618728519638e+02
1.002366764488057811e+02
9.855397526367907801e+01
9.701592211471010785e+01
9.556788762320289266e+01
9.426687628041818812e+01
9.307476619308911836e+01
9.199872406294393556e+01
9.102409141066014797e+01
9.020041410630216205e+01
8.947163962549184646e+01
8.884984539846219320e+01
8.835360663066876441e+01
8.795188118497451057e+01
8.765626792240786358e+01
8.744956473986258061e+01
8.732262995695162999e+01
8.728690140109775086e+01
8.733898079574237272e+01
8.745444580642855215e+01
8.764396460862586480e+01
8.791580249908638223e+01
8.825748443920620900e+01
8.867787767066748472e+01
8.912231580557211430e+01
8.965280099146545467e+01
9.021822279900833053e+01
9.084136523219090975e+01
9.151410357446032151e+01
9.220133278226279572e+01
9.294777094204552270e+01
9.373393272814601573e+01
9.459042234219438683e+01
9.546509885624762148e+01
9.639578433291217152e+01
9.735544606945687462e+01
9.838683635664962424e+01
9.947345675133205134e+01
1.006259728633123842e+02
1.018784442307608629e+02
1.031906714739927793e+02
1.046017047075312263e+02
1.061149475589523803e+02
1.077680954693878732e+02
1.095189960573961230e+02
1.114040824249547654e+02
1.134437989240921212e+02
1.156771630152250481e+02
1.181493930971823687e+02
1.208950894355993455e+02
1.240113528743944613e+02
1.275729764337117729e+02
1.318126753437991852e+02
1.368731214066393136e+02
1.431147195090124455e+02
1.510809556778554565e+02
1.614111188253851878e+02
1.747911091377830815e+02
1.907091643475994260e+02
2.062895756678402392e+02
2.158460032470889871e+02
2.121054017455969642e+02
1.906770907021920323e+02
1.534837261158217814e+02
1.089692869682318701e+02
6.756333731415615773e+01
3.627763567720906224e+01
1.678467658161229181e+01
6.695981614505813972e+00
2.299229273853609534e+00
6.803872477539376629e-01
1.751035798469733618e-01
4.144972076993591603e-02
1.038108642500571929e-02
4.204303841220995153e-03
3.297003819251980231e-03
3.048617731808479694e-03
2.902262964286612002e-03
2.668945196327317942e-03
2.501713949866378722e-03
2.358924826672474055e-03
2.414509974092248715e-03
2.244269200916739100e-03
2.269993392681286457e-03
2.099332632637357192e-03
2.161664302224370303e-03
2.128396284738558100e-03
1.857133042188764379e-03
2.016507511755269953e-03
1.871686339496896967e-03
1.813399649259522057e-03
1.583476388018076548e-03
1.579944023858827684e-03
1.576992195998492326e-03
1.505573397806674171e-03
1.550913011772092750e-03
1.390446659841974072e-03
1.388991015983643022e-03
