2.489751724909444590e+02
2.521400270253804194e+02
2.528381525260816716e+02
2.532852360493758965e+02
2.535088528955233471e+02
2.535243104962158327e+02
2.532345724642108848e+02
2.527137934524906768e+02
2.518948509080754548e+02
2.507515738574474540e+02
2.492965348943574213e+02
2.475321525488986083e+02
2.454123191171320286e+02
2.429662133380720377e+02
2.402078125528246630e+02
2.371353263140444767e+02
2.338069190088153846e+02
2.302181311969887929e+02
2.263920239004072812e+02
2.223391292760697979e+02
2.181448109690256842e+02
2.138145408594577930e+02
2.093467235351660349e+02
2.048371269892914484e+02
2.002470469860355706e+02
1.957036426483757623e+02
1.910896795519293505e+02
1.865589885452955912e+02
1.820779925645517210e+02
1.776767805723488323e+02
1.734011040197408988e+02
1.692611771967643790e+02
1.652421630385872220e+02
1.614019618890981178e+02
1.577615671768296295e+02
1.542950304080759167e+02
1.510854649257631195e+02
1.480686720498624140e+02
1.452730422428328723e+02
1.427172827602140046e+02
1.404299836683534011e+02
1.383646453059668318e+02
1.365226165895316797e+02
1.349321757603154310e+02
1.335565560802212133e+02
1.324094106186360875e+02
1.314330075767306028e+02
1.306674964363390359e+02
1.300630668232973051e+02
1.296341191839378553e+02
1.293328074509090584e+02
1.291698912156699350e+02
1.291253523456821881e+02
1.291596724151956437e+02
1.292724935360395193e+02
1.294513851428671387e+02
1.296687637536382169e+02
1.299696374488411550e+02
1.302787548158547679e+02
1.306210948459597034e+02
1.309522413691586564e+02
1.313195953600090604e+02
1.316732306054558705e+02
1.320241161205291576e+02
1.323631486858767516e+02
1.326871663485276542e+02
1.330039180744446128e+02
1.332973644034885865e+02
1.335724663019265677e+02
1.338238394894659393e+02
1.340637680872913222e+02
1.342835398287383839e+02
1.344933288087793244e+02
1.347096993102670126e+02
1.348860400234169390e+02
1.350869019523900931e+02
1.352546934741163795e+02
1.354488364834796243e+02
1.356109755847917313e+02
1.357829422140425208e+02
1.359754185511748972e+02
1.361580181496294983e+02
1.363799319527530827e+02
1.366037008240758155e+02
1.368647923246246876e+02
1.371636097137320291e+02
1.374917534386713953e+02
1.378654540029606892e+02
1.382728953869147972e+02
1.387550083583091407e+02
1.393102997160127359e+02
1.399343563116445921e+02
1.406658551564613617e+02
1.415507817930761405e+02
1.425289512855762553e+02
1.436933404055777714e+02
1.449890270782905759e+02
1.464614746193468875e+02
1.480819325741547345e+02
1.499538640829842961e+02
1.520846174690682915e+02
1.545496955261050687e+02
1.574771853414183056e+02
1.609657297264500357e+02
1.651865868835090794e+02
1.704501124760855362e+02
1.770776128169532058e+02
1.857747335925205050e+02
1.972809198453544468e+02
2.123628406873505980e+02
2.303987128169486880e+02
2.480868349068841212e+02
2.585538804314012964e+02
2.534280924549051406e+02
2.272950880087736607e+02
1.827247099027232196e+02
1.295046201405240254e+02
8.017301463052001509e+01
4.300277599348128632e+01
1.989196220523032466e+01
7.929421387115250575e+00
2.714526083865264727e+00
7.994149054715904423e-01
2.059432341301377090e-01
4.837525840507277824e-02
1.204454655475535076e-02
4.530220724370715921e-03
3.152077766152641420e-03
3.255966560545026523e-03
2.760749948774904837e-03
2.831586936797178544e-03
2.538281882992780760e-03
2.378789731598260782e-03
2.379916458190967522e-03
2.292875682867380471e-03
2.443139589385991389e-03
2.131216888672835420e-03
2.120175567934899381e-03
2.297230677741052447e-03
1.925610674125465861e-03
1.969140580970745770e-03
1.837154505729942430e-03
1.679139666935708982e-03
1.589559067351246262e-03
1.587956541210037032e-03
1.562671761642614281e-03
1.334582487304316429e-03
1.615863284192199439e-03
1.405143610995923751e-03
1.398356449007441375e-03
