2.489020720068411663e+02
2.519961102312366563e+02
2.526555177872340892e+02
2.530762461086429198e+02
2.532802692531462867e+02
2.532709579832202849e+02
2.529640272899457329e+02
2.524234100388399327e+02
2.515884499172546782e+02
2.504332193667134163e+02
2.489662314970973398e+02
2.471888438414502502e+02
2.450563355980850133e+02
2.425984707762104335e+02
2.398303794899512127e+02
2.367536008927280875e+02
2.334124429696803418e+02
2.298108269366926493e+02
2.259744771503263223e+02
2.219041463507077196e+02
2.176981837039994332e+02
2.133469335786027727e+02
2.088517837006650382e+02
2.043117126910580623e+02
1.996870723507975640e+02
1.950878436719856381e+02
1.904054788110146603e+02
1.858051637648132157e+02
1.812298961468144682e+02
1.766963510148577825e+02
1.722520226071292200e+02
1.679074851024221573e+02
1.636272977994658220e+02
1.594628664834271490e+02
1.554524776743854204e+02
1.515305465741130320e+02
1.477876578363448345e+02
1.441498718356163522e+02
1.406489505605534589e+02
1.372949328021178133e+02
1.341119885715260409e+02
1.310878111288776324e+02
1.282092319588803662e+02
1.255072629378361313e+02
1.229743366835892147e+02
1.206206469359983089e+02
1.184171886809701988e+02
1.164068368006167731e+02
1.145615008853338281e+02
1.129052466635841085e+02
1.114118524755260182e+02
1.100784735556172507e+02
1.089228182736474935e+02
1.079123388685788711e+02
1.070645508063068121e+02
1.063930438074918214e+02
1.058112534334408252e+02
1.053878412343008222e+02
1.050868246935309998e+02
1.048796831500030038e+02
1.047720467735270375e+02
1.047823854253737892e+02
1.048496408410676821e+02
1.050072981001892174e+02
1.052555808155259882e+02
1.055488839033455832e+02
1.058896550028547381e+02
1.062813918694341027e+02
1.066855320671705414e+02
1.071422341512378154e+02
1.076412014696316390e+02
1.081554387020213142e+02
1.086867502797270930e+02
1.092535788109408372e+02
1.098077937103827537e+02
1.103840495111862481e+02
1.109582318832976426e+02
1.115744387983374111e+02
1.121983713927576360e+02
1.128425372663297850e+02
1.135039610797813481e+02
1.141501889817155160e+02
1.148418606332654548e+02
1.155329875899837617e+02
1.162548863913552850e+02
1.169928384469239688e+02
1.177704612486458018e+02
1.185779062085065618e+02
1.194312721488599180e+02
1.203376005445319237e+02
1.212856177751491202e+02
1.223031320583969688e+02
1.234291597488082459e+02
1.246407717648487790e+02
1.259582378235076590e+02
1.274420505183199595e+02
1.290471084007473905e+02
1.307792083414996682e+02
1.326613225179429492e+02
1.347709192138312915e+02
1.371308627873537773e+02
1.397815223960614901e+02
1.428377493981398061e+02
1.464415783591708760e+02
1.507445168986374995e+02
1.559739975154374747e+02
1.624949933946971896e+02
1.709404761027256541e+02
1.820279084516176908e+02
1.964483311711018985e+02
2.136167458493624736e+02
2.304727336956723036e+02
2.405879328415266798e+02
2.361226096477597594e+02
2.120525294199490531e+02
1.705900564047262833e+02
1.209570982433963877e+02
7.486789630868392464e+01
4.018371291889973662e+01
1.858995801756576327e+01
7.411992270454790699e+00
2.545061552608172573e+00
7.525285420018488214e-01
1.925031413874699893e-01
4.642732018007997286e-02
1.175181706722468883e-02
4.607166077642582680e-03
3.328489894923063186e-03
3.271073767477127633e-03
2.783311086146347552e-03
2.870509409187704808e-03
2.399561689876300325e-03
2.401739607295755741e-03
2.581227018900129466e-03
2.552766171328487571e-03
2.172873679638397289e-03
2.144025401097482408e-03
2.128471802622193369e-03
2.079454521233117109e-03
1.837723129717046657e-03
1.913589977453230813e-03
1.839762761374764879e-03
1.779266842652221488e-03
1.655492881101404889e-03
1.670130161815177499e-03
1.653713029057124993e-03
1.432044213967257045e-03
1.493084950208818304e-03
1.654643709277069281e-03
1.406382704223775506e-03
