2.487727323041411580e+02
2.517195049228495520e+02
2.522466239132074577e+02
2.525698437537614041e+02
2.527038037181182801e+02
2.526363867897000830e+02
2.522742436094182779e+02
2.516889196259783148e+02
2.508058196762260081e+02
2.496041032660680514e+02
2.480923875790604995e+02
2.462746391660359961e+02
2.440994545675107759e+02
2.416018010196660839e+02
2.387915809060058621e+02
2.356772922431850930e+02
2.323009855006056341e+02
2.286604618381214777e+02
2.247851252122449353e+02
2.206842207533247802e+02
2.164423970425658865e+02
2.120556519250536951e+02
2.075286266981846950e+02
2.029574697612384000e+02
1.982979938059935421e+02
1.936680912136282018e+02
1.889539724202898014e+02
1.843125317866678472e+02
1.796956266399744493e+02
1.751289268919843209e+02
1.706393268796981886e+02
1.662438023121761148e+02
1.619104142348643336e+02
1.576996715360472194e+02
1.536084401391169365e+02
1.496043483765919291e+02
1.457656022037784282e+02
1.420143445512553626e+02
1.383701894845565334e+02
1.348566293885918412e+02
1.314671840325906942e+02
1.281987022953641997e+02
1.250330249058207954e+02
1.219864649174344322e+02
1.190565893809779112e+02
1.162403477498673539e+02
1.135014259292633199e+02
1.108887113109181541e+02
1.083541986376792892e+02
1.059404788616584483e+02
1.036050171338673636e+02
1.013578037565162475e+02
9.920873229618284483e+01
9.711888660130931328e+01
9.511980366455883029e+01
9.321483464088845494e+01
9.134965572835902492e+01
8.958758830355576208e+01
8.788746636011870805e+01
8.624559935175942371e+01
8.465002414383909013e+01
8.315735430566986963e+01
8.169937875421885565e+01
8.029782389482103611e+01
7.896554571233673414e+01
7.768370555515483034e+01
7.645990869515817678e+01
7.527797408165037041e+01
7.413826958207067719e+01
7.304036466498745028e+01
7.201293381509086089e+01
7.100859183432025645e+01
7.005596239727431396e+01
6.915675428376607670e+01
6.830032245829789872e+01
6.747860781820973841e+01
6.670554331049882535e+01
6.598367928834321106e+01
6.528049668450027809e+01
6.462680381287646014e+01
6.402689473802318787e+01
6.343203079998522043e+01
6.291469321694759032e+01
6.241936785303494872e+01
6.197650066997010043e+01
6.156336586722314053e+01
6.121219688753753729e+01
6.089880475690364392e+01
6.061963019838301392e+01
6.039754104074505392e+01
6.023251235394734948e+01
6.013768335503015550e+01
6.009750340642046496e+01
6.014562370551614379e+01
6.024670626738889467e+01
6.045153635789750979e+01
6.072513940808531174e+01
6.108735278566619087e+01
6.155477564098764987e+01
6.213349210422861546e+01
6.285546734293017579e+01
6.373491353916806901e+01
6.482234892468162002e+01
6.615976827043849084e+01
6.785201636618128873e+01
7.000386465553404491e+01
7.274595257133633197e+01
7.639084828806575445e+01
8.124707534418409693e+01
8.760293507199135377e+01
9.513854026927265295e+01
1.024249689189679202e+02
1.066075613960654778e+02
1.042563296169667950e+02
9.328767454496683342e+01
7.481310136264202981e+01
5.289166518098330982e+01
3.269192028526401117e+01
1.749926786514604871e+01
8.072794661756764967e+00
3.219505002465485877e+00
1.107121037695349308e+00
3.282722857199702471e-01
8.363051521162093160e-02
2.162313385719965772e-02
7.430033804039713231e-03
3.730062513278083799e-03
3.044471561329779082e-03
3.116627492219962992e-03
2.767659935024418573e-03
2.673955119473236421e-03
2.389174792498297440e-03
2.416174819796819938e-03
2.420673130903415200e-03
2.264710049432286463e-03
2.091428194023167535e-03
2.189666412426823864e-03
1.949788365872146857e-03
1.990529756842024378e-03
1.934816987763198284e-03
1.943848806555294965e-03
1.843949431418894424e-03
1.848207526111356885e-03
1.760791255764907783e-03
1.514301715975401811e-03
1.541204113819911407e-03
1.599605897778894666e-03
1.492683367026814830e-03
1.369916318988177988e-03
1.304126544886441592e-03
