2.641024571823354372e-01
5.181576548543413985e-01
7.305826208319455839e-01
9.037899341072559434e-01
1.046049136010081870e+00
1.183802167180016518e+00
1.304245044195390335e+00
1.413611150822922546e+00
1.522485807321679596e+00
1.615310900643639913e+00
1.705079581800795774e+00
1.788974132237947323e+00
1.871601914784086995e+00
1.955659575760596125e+00
2.030805531340454273e+00
2.096887823326616829e+00
2.176878308999370848e+00
2.256547823434112754e+00
2.330379573307519436e+00
2.404815728257017060e+00
2.486742984088723851e+00
2.576782314582669375e+00
2.668435788864236713e+00
2.767707090132908387e+00
2.882650439027942824e+00
3.017289732078417774e+00
3.169669239553726925e+00
3.343151828475698917e+00
3.546808197934554929e+00
3.798447427979240842e+00
4.110731350361472636e+00
4.478001303561065960e+00
4.915233143214300604e+00
5.431858576702027541e+00
6.040064829939601587e+00
6.756180996446622622e+00
7.586124195397380809e+00
8.534109198256590645e+00
9.606360869769783761e+00
1.081186232985705153e+01
1.215009572074581889e+01
1.359961460512757370e+01
1.518949193726825619e+01
1.689356734500878687e+01
1.870342879140574865e+01
2.061861017944946184e+01
2.260107586827750481e+01
2.468341391114199013e+01
2.682399229560315490e+01
2.900828579405364493e+01
3.122775156977493793e+01
3.347052999688119002e+01
3.571627154111605051e+01
3.794099985155850874e+01
4.018661112262108759e+01
4.235969946508922845e+01
4.452297800844603870e+01
4.664237232607187167e+01
4.870506605912955678e+01
5.071593330020831303e+01
5.266079423382702629e+01
5.453717035747946085e+01
5.634619383260056935e+01
5.808741651544965379e+01
5.974375827239114756e+01
6.134247757015020142e+01
6.285606904002216311e+01
6.431937712691562581e+01
6.570512048087222468e+01
6.704316945881568302e+01
6.830495091322221413e+01
6.950491929099838728e+01
7.066250872596094723e+01
7.178322009795500946e+01
7.284183308535088486e+01
7.386493358811756593e+01
7.482889974434385749e+01
7.577490412598947955e+01
7.668968592616857904e+01
7.759304431177530148e+01
7.848109695717651846e+01
7.936109480352669721e+01
8.021772192708954208e+01
8.107316494586018507e+01
8.194535957396534798e+01
8.283233105253604833e+01
8.371055586728077458e+01
8.463351663266965375e+01
8.555589156886910018e+01
8.653591066898864881e+01
8.756001273010387820e+01
8.864477505365319132e+01
8.979778149416371491e+01
9.103364254634357167e+01
9.235638672911804292e+01
9.381246178955564119e+01
9.533165966390365043e+01
9.699584322209607024e+01
9.879275321738697357e+01
1.007722115869385249e+02
1.029240105947614410e+02
1.053650731540047332e+02
1.081280190989336631e+02
1.113230700771976984e+02
1.150965838099948542e+02
1.196406985793522466e+02
1.252201957120305167e+02
1.323599271455330495e+02
1.415937060447949705e+02
1.535132500848872326e+02
1.676105812312855221e+02
1.814529581127478082e+02
1.899600114319639488e+02
1.867817037333890937e+02
1.679205021818720240e+02
1.352348215751190992e+02
9.602919227575654304e+01
5.949013631473993513e+01
3.194617676982438326e+01
1.480120516402059394e+01
5.916161748945457433e+00
2.027851268458872092e+00
5.974931754017511754e-01
1.553977507614612563e-01
3.746416554127517118e-02
9.514683368700741287e-03
4.138296069218580162e-03
3.156433952288822172e-03
2.902724879470790654e-03
2.817557315157862095e-03
2.855711183546426248e-03
2.598286091613319360e-03
2.553130920214151649e-03
2.380337812222809140e-03
2.180167388544889621e-03
2.426958704531062289e-03
2.300510788520431643e-03
2.175799668329277299e-03
2.016263908444529147e-03
2.155919726905865426e-03
2.001177350519128730e-03
1.820516802772657481e-03
1.613146007735512082e-03
1.667933456349945378e-03
1.689814757227971285e-03
1.522815937172286452e-03
1.451138914606836267e-03
1.462128952949712235e-03
1.349396881168096491e-03
1.383080193063122854e-03
