2.127176015430736200e+00
2.662611505100655584e+00
2.998231022169310478e+00
3.278846838796571461e+00
3.531608090888311402e+00
3.762955888813043881e+00
4.000143622578947067e+00
4.229281999333383446e+00
4.485529546461386907e+00
4.760114464311408611e+00
5.059833026295894598e+00
5.411616335898403740e+00
5.819244758876926937e+00
6.283276994705647489e+00
6.826196801279260207e+00
7.476529813530587099e+00
8.225983619562668991e+00
9.107123715489091609e+00
1.013698244722786157e+01
1.132804700160949096e+01
1.269964591669665843e+01
1.427328312571562030e+01
1.605464125642145845e+01
1.807117273358048593e+01
2.031249370897387507e+01
2.278825454369862769e+01
2.548834744208091863e+01
2.841967917372498320e+01
3.156346943871548660e+01
3.488550773468337241e+01
3.839556626630076863e+01
4.203801394332961650e+01
4.577754129696732832e+01
4.960440841172672322e+01
5.347807370160570173e+01
5.736972085955261491e+01
6.121009601917193521e+01
6.502791435291193523e+01
6.875327993938927307e+01
7.237063109765941249e+01
7.587061633740634647e+01
7.922915120672064404e+01
8.241760423550685744e+01
8.545433396954884131e+01
8.828212450094763142e+01
9.092262368709289433e+01
9.339421042559018815e+01
9.568285487132888534e+01
9.779296158691757057e+01
9.971949034380497778e+01
1.015016824168874194e+02
1.031035225619983891e+02
1.045452833308446827e+02
1.058134306224449972e+02
1.069786905626332185e+02
1.079971935438798027e+02
1.089263605734503813e+02
1.097801259393893361e+02
1.104926460292191166e+02
1.111198491786000346e+02
1.117095626813783156e+02
1.122100521463616190e+02
1.126614653855678796e+02
1.130477899773405710e+02
1.134111164241102756e+02
1.137295592014102823e+02
1.140201325096828668e+02
1.142827416190639980e+02
1.145526317709024653e+02
1.148273022072723109e+02
1.150949202227148049e+02
1.153091807281135601e+02
1.155545185451462231e+02
1.157668987877477775e+02
1.160158556048199330e+02
1.162769084416362375e+02
1.165272867000893200e+02
1.168134696845143168e+02
1.171127464907125528e+02
1.174158362267668565e+02
1.177317274661897812e+02
1.180915348289214819e+02
1.184457404314212141e+02
1.188594117122146940e+02
1.193137073818318896e+02
1.197859836429181968e+02
1.203063082145405076e+02
1.208524743687009675e+02
1.215092265593167298e+02
1.221981715692264174e+02
1.229653136797098369e+02
1.237907913787857268e+02
1.247457838455671464e+02
1.257762528066535310e+02
1.269621257067882425e+02
1.282803172168440256e+02
1.297761651427699121e+02
1.313778674530374531e+02
1.331336115342840571e+02
1.351224198649977950e+02
1.373532629000290513e+02
1.399241376243416823e+02
1.429034152767244734e+02
1.464089848835333498e+02
1.506073071384176956e+02
1.557313655428919219e+02
1.621674355538740429e+02
1.705421359899975187e+02
1.815391592176024460e+02
1.958257429416190121e+02
2.129262281169545474e+02
2.296484379744489104e+02
2.396303128188552023e+02
2.351165752512611107e+02
2.110931168106610869e+02
1.697513283075129209e+02
1.204433434679681909e+02
7.457987638684453202e+01
4.001497037780637100e+01
1.851816997814985655e+01
7.385073336893906770e+00
2.531712926749911219e+00
7.512072852331919126e-01
1.929447563360016937e-01
4.511269090026659434e-02
1.156038288754209463e-02
4.342276946551490782e-03
3.297085188415324088e-03
2.914052099691390434e-03
3.251510374540664532e-03
2.742952086736100397e-03
3.095055417965470162e-03
2.761177154659234280e-03
2.493776609965595460e-03
2.122738596652979075e-03
2.349091646274352376e-03
2.241563050706077594e-03
2.371128080943911854e-03
2.001846030142816462e-03
2.020106345467486027e-03
1.880167460946809447e-03
1.815915286980365664e-03
1.599624970132511011e-03
1.724470913766006520e-03
1.707359463895871243e-03
1.583563766288146723e-03
1.539003482602469431e-03
1.507737209088100012e-03
1.423094456604743130e-03
1.271873965004503794e-03
