5.165748057453023456e-01
5.179289448987366429e-01
5.212079458427503198e-01
5.273223559638479108e-01
5.368774736368152611e-01
5.503787928180131628e-01
5.683754054382058607e-01
5.910469575564889499e-01
6.185766858933403611e-01
6.509758821008022611e-01
6.884014735363338522e-01
7.305785859457204490e-01
7.772504212527339140e-01
8.285606051290625995e-01
8.837978550132707944e-01
9.433214705695770474e-01
1.006983117509153924e+00
1.073794223756304067e+00
1.143887549326908060e+00
1.217358501701429452e+00
1.294268144526894648e+00
1.374547033836504228e+00
1.456244614429828443e+00
1.541066434813751496e+00
1.628812732094200744e+00
1.719930256864832918e+00
1.812195088104784135e+00
1.907037326886834139e+00
2.003997368150296055e+00
2.103551722840308891e+00
2.208694127182766476e+00
2.309614740655511866e+00
2.417555921854876999e+00
2.528707922810850217e+00
2.636995889147166316e+00
2.748859165838886121e+00
2.868368300624552614e+00
2.989641303219475965e+00
3.108861757189058217e+00
3.230851448471077525e+00
3.354106299031560212e+00
3.478056671646631237e+00
3.608747138580254088e+00
3.741880370449215398e+00
3.883392634046971992e+00
4.017147990611936059e+00
4.158542300168811323e+00
4.315821898474048623e+00
4.444606752457755938e+00
4.597760919679375391e+00
4.738116502465198998e+00
4.895503092609319928e+00
5.029466408091477270e+00
5.198421499200358120e+00
5.324942354906749387e+00
5.546462019495442597e+00
5.612392298499816690e+00
5.911196792132797029e+00
6.145224046426734255e+00
6.234406776418302876e+00
6.315572024843023158e+00
6.315039133509810831e+00
6.492985138206439188e+00
6.893180533395597109e+00
7.289939173154990293e+00
7.332932527812164203e+00
7.263933209146645531e+00
7.356276254356802546e+00
7.769961906916602601e+00
7.738416390826713176e+00
8.136254946236624264e+00
8.455775483110988588e+00
8.522296152097171174e+00
9.208775118367732659e+00
9.156329861651673951e+00
9.631025471490955780e+00
9.343618909302884745e+00
9.819421609266949957e+00
1.008230930371287570e+01
1.029407168888607593e+01
9.850610573811779958e+00
1.078349702860085380e+01
1.104010482198228438e+01
1.130437174729953043e+01
1.157736813881233040e+01
9.828946521963365157e+00
8.224044816785921697e+00
