2.206397532201650847e+03
1.149683489573628094e+03
8.772119383481599471e+02
7.716999505436069740e+02
6.993400909542892805e+02
6.583525394390774181e+02
6.296387374861037642e+02
5.973959922018942734e+02
5.778304666739556978e+02
5.581561077616935336e+02
5.316647774799635044e+02
5.168583061286128668e+02
5.000905016743797091e+02
4.894166935890135619e+02
4.698032558873579774e+02
4.543355544963199009e+02
4.305062657237228336e+02
4.247593765486847701e+02
4.064861990372041305e+02
3.914077193975136879e+02
3.790593314594305525e+02
3.625478767649069596e+02
3.520488395642617547e+02
3.322723081498335773e+02
3.216225920124448407e+02
3.076049013903578384e+02
2.899873351257210174e+02
2.774926676392065019e+02
2.632030774147026477e+02
2.470156721795600276e+02
2.355819143347434874e+02
2.188267793457829100e+02
2.062163334739575191e+02
1.930311020459840847e+02
1.779634354485599204e+02
1.662716710103258890e+02
1.517580782590511603e+02
1.392083511201801684e+02
1.257349564006807725e+02
1.131989514112809729e+02
1.007320264311166227e+02
9.005078551936352937e+01
7.928736654800528072e+01
6.929454536740040282e+01
6.028097718101648184e+01
5.244895198858943530e+01
4.520501825442266863e+01
3.898763873619284226e+01
3.357940934383535136e+01
2.889364518388854819e+01
2.481620759743604765e+01
2.132204261659449784e+01
1.837606176953340764e+01
1.590774737950368767e+01
1.383506865779894746e+01
1.205605890743866837e+01
1.052115133687641269e+01
9.231786361667627006e+00
8.132059698129506131e+00
7.184065108689457801e+00
6.384215051386888717e+00
5.706741836957247571e+00
5.116954862774574231e+00
4.604266278085118458e+00
4.165752535653639121e+00
3.786652770433048598e+00
3.458630525000847555e+00
3.178551128151244409e+00
2.924337703480375694e+00
2.703580833441163733e+00
2.509950438374108028e+00
2.338747086464980640e+00
2.188047761306912697e+00
2.056685239306928370e+00
1.937906833559950748e+00
1.833633771021885961e+00
1.742149909758345938e+00
1.660843898292277965e+00
1.587455237228467819e+00
1.521944813801406227e+00
1.464591868553931420e+00
1.414452926754353967e+00
1.368001104637758258e+00
1.329084486119619379e+00
1.292849444985105123e+00
1.261274783441280078e+00
1.230428424991957481e+00
1.205815005726049272e+00
1.183022807761152873e+00
1.164428777107021196e+00
1.146712696558104261e+00
1.131707083916646317e+00
1.119163419227459322e+00
1.108796650881873846e+00
1.097230893834546528e+00
1.090636699468872095e+00
1.083843550736263150e+00
1.079417335982770343e+00
1.075049957436237991e+00
1.070288364353444877e+00
1.066892962609773177e+00
1.065151963021133463e+00
1.063105568778219157e+00
1.064234866543099622e+00
1.063606035514004233e+00
1.063746957993546571e+00
1.064076349425331358e+00
1.063153914859609417e+00
1.065061428899670037e+00
1.067065310814415025e+00
1.069803776215824120e+00
1.072698907362976461e+00
1.074583594230414274e+00
1.078130652855975757e+00
1.080606522366957645e+00
1.083053438225387355e+00
1.085813513222416260e+00
1.087483492709353516e+00
1.091597548725458999e+00
1.093233748000335792e+00
1.094723269797987175e+00
1.098055394460714762e+00
1.099073025011265692e+00
1.101781546587832672e+00
1.103023555978452253e+00
1.105669368699440103e+00
1.106404492348814772e+00
1.107402586958891710e+00
1.109429929042620167e+00
1.112538087926373098e+00
1.114840560307615913e+00
1.116821018896582585e+00
1.118665387783086995e+00
1.119301376014573579e+00
1.120637471802473417e+00
1.119493148664866045e+00
1.119441447792256294e+00
1.120059092100323506e+00
1.120336147914146929e+00
1.121395742202028201e+00
1.122088723919289599e+00
1.121362489131922491e+00
1.122666144059700777e+00
1.121112880247727928e+00
1.122453116884954305e+00
1.123906471409216845e+00
1.126114699204568970e+00
1.125676139900946282e+00
1.124716182320418589e+00
1.124448002062073959e+00
1.124866263617066542e+00
1.122259438789587227e+00
1.124021996606049845e+00
1.122648267129167765e+00
1.123721228242845038e+00
1.123016730371211525e+00
1.122660359193049517e+00
1.119077952821308397e+00
1.117828415462249314e+00
1.116907964307726875e+00
1.117075926487914650e+00
1.115953774845724888e+00
1.114143853926861327e+00
1.114012415007054058e+00
1.113925094078402456e+00
1.112799778196166711e+00
1.113673453563590598e+00
1.111509201292947946e+00
1.110568586138624747e+00
1.108439946701132550e+00
1.108384460022443507e+00
1.106884087389671034e+00
1.107154677233859852e+00
1.105839469035199585e+00
1.104997849221897477e+00
1.102643522858266278e+00
1.103177048222312884e+00
1.102737919712688752e+00
1.102253338441380626e+00
1.100585616970236824e+00
1.097904853325268215e+00
1.096675826138548526e+00
1.096917167802877069e+00
1.096189226588133669e+00
1.095465206407345571e+00
1.095173246823809121e+00
1.094576231986050807e+00
1.093184467898062451e+00
1.089016917359222347e+00
1.088843240041853733e+00
1.087354010212775446e+00
1.088476790412264084e+00
1.087411155097685489e+00
1.087540941939587391e+00
1.087003806230796288e+00
1.085618312754002224e+00
1.084480292309093485e+00
1.083236455353417060e+00
1.081402820386705654e+00
1.079255557819842837e+00
1.079504926163223022e+00
1.077244646464665667e+00
1.077974870137529795e+00
1.076794979489968940e+00
1.076569410703429375e+00
1.075167603724544341e+00
1.075777620960124192e+00
1.074083942380853030e+00
1.074558645824777114e+00
1.073997154502599249e+00
1.072609614607779038e+00
1.069699804440537472e+00
1.068956145992277174e+00
1.068316459907161953e+00
1.066385983977126362e+00
1.065373781393194497e+00
1.065491556034972032e+00
1.065144305673928260e+00
1.064918795324163447e+00
1.063171097911687291e+00
1.062465817110874511e+00
1.060146078167917061e+00
1.060650964436113952e+00
1.059830920666524845e+00
1.056127249411986879e+00
1.056895711863463649e+00
1.056145634112202414e+00
1.055857037548948663e+00
1.054243820205098991e+00
1.054743950097962291e+00
1.053505760810488523e+00
1.051953176987025174e+00
1.052709459891884469e+00
1.051972961536185025e+00
1.049321859492733600e+00
1.046699822303741811e+00
1.044369483318356773e+00
1.047482705384098489e+00
1.048346007457448881e+00
1.048688855782994755e+00
1.046753889063776644e+00
1.046510310551494349e+00
1.044424502985914271e+00
1.043622939852359766e+00
1.043481449526763249e+00
1.041402646145171529e+00
1.044762264638604332e+00
1.045298464464635257e+00
1.045838279428787487e+00
1.041384025811479042e+00
1.041115743150023976e+00
1.039487699287893863e+00
1.035081574082907352e+00
1.033342515042170451e+00
1.030872234993998937e+00
1.034965329187813365e+00
1.038909607109606670e+00
1.037063634405531953e+00
1.039015299660731362e+00
1.044236126080157145e+00
1.038884817971161612e+00
1.038958268775618032e+00
1.037693993839194695e+00
1.033987657036728791e+00
1.030318748029364073e+00
1.020808649380053224e+00
1.030508218060720571e+00
1.036202557626943355e+00
1.040757401126724435e+00
1.042035819717326728e+00
1.026805544585912777e+00
1.041604588838033418e+00
1.060724553721858365e+00
1.086199171523312135e+00
1.109503212014258500e+00
1.125491066802425166e+00
1.062833233948958567e+00
1.147159291005920512e+00
1.037143492671414036e+00
1.016452404229130302e+00
1.210843881977435421e+00
1.029802536646050815e+00
1.081697642042821483e+00
1.880667435949197941e+00
1.080768638207713517e+00
1.489477084290240727e+00
1.540122557937305459e+00
9.490673119514345668e-01
4.341571439771422791e-01
2.673983876145350269e+00
1.713651764888761697e+00
1.316369756547420389e+00
6.785686250802728248e-01
1.259200129297786352e+00
7.235689457992245943e-01
2.088373383685498297e+00
3.512561974197919934e+00
6.206498420938817429e-01
7.151651298089825026e-01
1.317989290396897273e+00
