3.549535416987127689e+01
3.127176916439057663e+01
3.058669182383129836e+01
3.006533557914276855e+01
2.958780559275253452e+01
2.911833476830079448e+01
2.852999763270135603e+01
2.788636677177918699e+01
2.708188730067692518e+01
2.620137277976521517e+01
2.528065209265458790e+01
2.420348464012465328e+01
2.309156107651881129e+01
2.190676090297113632e+01
2.064168871718948850e+01
1.933377781639348925e+01
1.801449634845119618e+01
1.670656258342388512e+01
1.539712201743658149e+01
1.414043911702714951e+01
1.292572743576095462e+01
1.177571151569308761e+01
1.067544646370983763e+01
9.672679233740517191e+00
8.732231645406312026e+00
7.875774265560182563e+00
7.106614029853997039e+00
6.396951374663814249e+00
5.767835944522113678e+00
5.195777799665068031e+00
4.689739384804243905e+00
4.241639372277666631e+00
3.841269937942283885e+00
3.486829932899393469e+00
3.175613773878282586e+00
2.901432956256943196e+00
2.659594556443544366e+00
2.446842519027792484e+00
2.260871990487567373e+00
2.099150409600441414e+00
1.954534903809311608e+00
1.829603029862773456e+00
1.718948319342906927e+00
1.621796726575167602e+00
1.538139453623335928e+00
1.463879785882775897e+00
1.400098964243689403e+00
1.344570273973612728e+00
1.296336159386122011e+00
1.254419086316410414e+00
1.219455583361166662e+00
1.189267972435467335e+00
1.163302912455062899e+00
1.141718500800435132e+00
1.123569856915507925e+00
1.108452317062875059e+00
1.096442128344505829e+00
1.086854299024048398e+00
1.079689948971717106e+00
1.074545234023152052e+00
1.070550063140006891e+00
1.068511224467656229e+00
1.067294593416070025e+00
1.066904141808426187e+00
1.067524641335448221e+00
1.069621746059967293e+00
1.071737900977001168e+00
1.073474339791898213e+00
1.077286233348631495e+00
1.080643718755840421e+00
1.084153250467610574e+00
1.087234076704536534e+00
1.091305083898038930e+00
1.095562366077757810e+00
1.098764094369812705e+00
1.102533945109697155e+00
1.105780035983514820e+00
1.109026305850058902e+00
1.111996486279448915e+00
1.114509551150387745e+00
1.117413098957196427e+00
1.119362579850048611e+00
1.121798363795658782e+00
1.124366325306167314e+00
1.125305264132738348e+00
1.127704251385398981e+00
1.128392428039846962e+00
1.130279267526296483e+00
1.131403162141819463e+00
1.131673154516410928e+00
1.132019742677717655e+00
1.132120242147270694e+00
1.131987933212328379e+00
1.132195244851151417e+00
1.131130251089142336e+00
1.132305513689129128e+00
1.130813926471749165e+00
1.130399367097689289e+00
1.129056705244224634e+00
1.129025424852680537e+00
1.127814679371665463e+00
1.126755341103790276e+00
1.125536043836169453e+00
1.124902615529344008e+00
1.123035784546799754e+00
1.121884164147042728e+00
1.121169416572294963e+00
1.119481469293268416e+00
1.118119979341432479e+00
1.116223628696636272e+00
1.114909077739054455e+00
1.112953954708694848e+00
1.111926460664262706e+00
1.110914031381904366e+00
1.109773169704582951e+00
1.107633027818002658e+00
1.105060838008052215e+00
1.103119643592413102e+00
1.102497834279696498e+00
1.100078064566230474e+00
1.098515538282163195e+00
1.097288932545972484e+00
1.095964118179268088e+00
1.094293136318495119e+00
1.093963881787601178e+00
1.091480910353599842e+00
1.090015864255291067e+00
1.089266935229675104e+00
1.086800851124512857e+00
1.085519073133773382e+00
1.083566781907077559e+00
1.082018811978172623e+00
1.079983574817319658e+00
1.078749692515954761e+00
1.077640516492051281e+00
1.076382302535815016e+00
1.075012240572117861e+00
1.073491718876890433e+00
1.071924601589097081e+00
1.070445027695984042e+00
1.069022243767132174e+00
1.067639987866008777e+00
1.066682103381330737e+00
1.064891713259880301e+00
1.064001776253153952e+00
1.064268854827967514e+00
1.061940796076775939e+00
1.061444329627262873e+00
1.059595725650283038e+00
1.058199306240465543e+00
1.057471340310272012e+00
1.057166955230076866e+00
1.056417612201956402e+00
1.055245840380472311e+00
1.053795857080040532e+00
1.053979958740605571e+00
1.052084781301811711e+00
1.052112046759285491e+00
1.051783545524966890e+00
1.051478144140666204e+00
1.050171791510717378e+00
1.048122805678475489e+00
1.046643530483209572e+00
1.047205310771346820e+00
1.045240048120504195e+00
1.044367018445680584e+00
1.044574378455329633e+00
1.044949546911730920e+00
1.043374745506356005e+00
1.043022579877291411e+00
1.043215615303177524e+00
1.041327745334085897e+00
1.040193939972634318e+00
1.037802432133816621e+00
1.037591038928810105e+00
1.037845262363846333e+00
1.035440116822159862e+00
1.035701823547087397e+00
1.035015423684001457e+00
1.034818807299645815e+00
1.033999253131116181e+00
1.033609358178948945e+00
1.034253705043682192e+00
1.032191521223433606e+00
1.032357438304683628e+00
1.032800965220929790e+00
1.031640487322514232e+00
1.030306597450838080e+00
1.030940525729689972e+00
1.030748531806650936e+00
1.028517692273103412e+00
1.029204354353277395e+00
1.028846036955748389e+00
1.028165405531402232e+00
1.027103727947065615e+00
1.027815857918513043e+00
1.026170052672975785e+00
1.025444981841080239e+00
1.026213535074653738e+00
1.026562126714158252e+00
1.027041560836908340e+00
1.026591980731303533e+00
1.026385639659232796e+00
1.022538032678524944e+00
1.021860954043919412e+00
1.021698786669155368e+00
1.022625426596360798e+00
1.022428431295007600e+00
1.021536128733608662e+00
1.022074955082035386e+00
1.021656071934140542e+00
1.024006426277389359e+00
1.023872606183986234e+00
1.020494086992200344e+00
1.020614539703818879e+00
1.020087112556635534e+00
1.020012100959736046e+00
1.020148864276900991e+00
1.020777818304510642e+00
1.018678375675740266e+00
1.017565793909890104e+00
1.016816479809199203e+00
1.014977517287632747e+00
1.016238634094942750e+00
1.015654841752285487e+00
1.017606927930385874e+00
1.016817709890875054e+00
1.016522282159069812e+00
1.017218518027482421e+00
1.016328089738805174e+00
1.013390722502169217e+00
1.015034088649150013e+00
1.014760822014412200e+00
1.013509868794151947e+00
1.012369877540393315e+00
1.012610513830995318e+00
1.014982896234178478e+00
1.015767481567347641e+00
1.015188099281309597e+00
1.015483163232237418e+00
1.016290060312443622e+00
1.013695406889500772e+00
1.011565118561788212e+00
1.013066226904084655e+00
1.014830325032958225e+00
1.016661837171869864e+00
1.016160536503394773e+00
1.015106907983817752e+00
1.014836615319423263e+00
1.012232539475527826e+00
1.012308286801491652e+00
1.012798434349345023e+00
1.013031988168494379e+00
1.008989167325360592e+00
1.011097963375692688e+00
1.009356396729653271e+00
1.008143918674351935e+00
1.011037634830798337e+00
1.013996957500734375e+00
1.010257291311502881e+00
1.009748806334673343e+00
1.009374369222032941e+00
1.004321704797241033e+00
1.009148372108491287e+00
1.012732759748499412e+00
1.006462282799544861e+00
1.004051737720285331e+00
1.008364260537783830e+00
1.002074327197356896e+00
9.941980243300199138e-01
1.011458057826041035e+00
1.023854164097032227e+00
1.025080123904861029e+00
1.016190679752269066e+00
9.931695379674725377e-01
9.978499087999272987e-01
1.024349982923362212e+00
1.020469434759270877e+00
1.241853784242666681e+00
9.960894013338539299e-01
8.819574202050247669e-01
8.239658111246018768e-01
1.176539790836324872e+00
7.496953903432241884e-01
1.032619184366285525e+00
6.440817999522124859e-01
8.395124988453371850e-01
1.299548701470480294e+00
5.977274843496613865e-01
7.836410318387837526e-01
1.092426167913284063e+00
1.891613712357244292e+00
1.254420488435231462e+00
2.480900428990989171e-01
6.793815445655886354e-01
8.480290862049231215e-01
7.718365705410061839e-01
1.823377305081542055e+00
2.402640285568339529e+00
9.419419738991657853e-01
