1.791584457800646248e+02
1.818966457457364641e+02
1.820784062353869217e+02
1.821550965596262586e+02
1.820990468308311563e+02
1.819378975180547116e+02
1.816559097561991223e+02
1.812513203923751917e+02
1.807729034819676883e+02
1.801440994780832057e+02
1.794061966639558250e+02
1.785300741032044129e+02
1.775079270096606479e+02
1.763883780921721041e+02
1.751385256983099055e+02
1.737340264108311487e+02
1.722191058893977527e+02
1.705793270298268567e+02
1.688341278366605422e+02
1.669543454922467163e+02
1.649984617140487728e+02
1.629249516488532095e+02
1.607472962357546464e+02
1.584833410377097209e+02
1.561638475696722992e+02
1.537499524751482056e+02
1.513254059961903408e+02
1.488003647436471795e+02
1.462823611033180100e+02
1.437116345046084120e+02
1.411196529024965400e+02
1.385591952225140346e+02
1.359685075225527555e+02
1.333731716044046891e+02
1.307938647887858394e+02
1.282300764002483788e+02
1.256899211633701583e+02
1.231660367878132973e+02
1.206696871049563669e+02
1.182294963078521022e+02
1.157990399380204707e+02
1.134333824123116443e+02
1.111034157491427123e+02
1.087961879827113449e+02
1.065599101658364276e+02
1.043592427170456460e+02
1.022343195859462384e+02
1.001466652831853423e+02
9.807491840637325708e+01
9.608898159533251260e+01
9.416472658737913548e+01
9.226538341484754824e+01
9.043847523898537588e+01
8.864697172397389124e+01
8.690069601393926746e+01
8.523004641544406468e+01
8.360336188841569083e+01
8.199636423699006116e+01
8.045088345717800848e+01
7.897076452633137933e+01
7.753986346592590451e+01
7.616013175390156675e+01
7.482162175363833967e+01
7.352989202392302559e+01
7.230607480554560595e+01
7.112746558453019929e+01
6.999555569667397492e+01
6.890425578554392416e+01
6.788153047946860852e+01
6.687895677913374470e+01
6.595603747197414179e+01
6.506668798855446312e+01
6.421410690666311893e+01
6.345064033988639096e+01
6.270026304502538039e+01
6.200550656463101973e+01
6.134490834857530928e+01
6.073236425767419178e+01
6.016777209037866214e+01
5.964695708754842940e+01
5.915565455513832660e+01
5.870821377938828078e+01
5.829930383603185362e+01
5.791857432764097524e+01
5.758132714340903391e+01
5.727350734194847348e+01
5.696164108612830290e+01
5.671563301766340714e+01
5.648220863910071188e+01
5.629219584060957970e+01
5.610945046981223783e+01
5.594073826286624751e+01
5.579553950474563351e+01
5.566365904568593237e+01
5.555058971527530787e+01
5.547345213912249307e+01
5.538235232237320815e+01
5.530816492709816856e+01
5.523602268966742912e+01
5.517144199060982146e+01
5.511925758489502414e+01
5.508043691567252154e+01
5.504531035153545560e+01
5.501371587619062353e+01
5.498497845644740778e+01
5.496329982893341537e+01
5.494980088926148909e+01
5.491865564591692106e+01
5.491144290740598422e+01
5.489825717038208808e+01
5.487379595581504788e+01
5.485460053832638039e+01
5.484047842456570265e+01
5.481117148743955170e+01
5.477931523592770446e+01
5.473673345518582778e+01
5.470548388764863290e+01
5.466004335363201250e+01
5.463238971023085355e+01
5.457578926677490472e+01
5.454237153589293285e+01
5.447966669143545460e+01
5.441272080638318442e+01
5.434959292003571818e+01
5.430325250645178414e+01
5.422257739315174518e+01
5.414341005969433951e+01
5.407718538984114076e+01
5.400227945196689916e+01
5.393000824565456952e+01
5.382465954487773274e+01
5.373327226658086175e+01
5.363492467490899429e+01
5.353430953142080995e+01
5.342683308024612643e+01
5.331726235411622383e+01
5.320949857940595251e+01
5.308983193069447992e+01
5.295377656102642305e+01
5.283982569448052402e+01
5.269930940384858076e+01
5.257894880584552055e+01
5.243441435277438956e+01
5.231031085987453366e+01
5.218188941868586994e+01
5.203007562116406604e+01
5.189353922432331956e+01
5.176122663993457707e+01
5.161068386616143044e+01
5.146500653219067090e+01
5.132731188653386312e+01
5.115634832777045915e+01
5.101740442949356691e+01
5.087019465969532206e+01
5.073090749905258434e+01
5.058624908006632381e+01
5.043135705416749914e+01
5.028180763160987254e+01
5.012688595650417511e+01
4.995667458732054200e+01
4.981187364186092026e+01
4.965111529516946831e+01
4.950666831262906697e+01
4.935714140917011150e+01
4.919477917729981442e+01
4.904250747382780418e+01
4.889501437363567504e+01
4.874154948231665685e+01
4.858306151277725604e+01
4.844327668627562389e+01
4.829088390571315870e+01
4.813046070783785524e+01
4.798079620695508396e+01
4.783662165891017537e+01
4.768887854854700237e+01
4.755413216312408053e+01
4.740757391564046230e+01
4.727433140174802872e+01
4.713900358299970605e+01
4.700537355036063047e+01
4.687346598114363871e+01
4.674205874099001079e+01
4.660863452214387337e+01
4.648194326259805820e+01
4.633854889135538713e+01
4.621013000959294459e+01
4.607617196945631832e+01
4.595233306370747783e+01
4.583954687996149602e+01
4.571196382965710825e+01
4.560602235387553804e+01
4.548192657495598468e+01
4.536755037153518799e+01
4.528222370343224412e+01
4.518760663936636490e+01
4.508512095490240768e+01
4.498975188966194594e+01
4.490265468853191777e+01
4.480625327539467406e+01
4.472324837519129659e+01
4.463629175629402823e+01
4.456472032958378549e+01
4.448461501081900593e+01
4.440200115127425562e+01
4.435366231733721065e+01
4.429996534224652294e+01
4.422300698612699676e+01
4.417115904140226235e+01
4.412944467455560726e+01
4.408440813381366041e+01
4.404650901508097149e+01
4.402303043804481320e+01
4.398742503341082255e+01
4.397903278557469520e+01
4.397475088237339946e+01
4.396979461417545565e+01
4.397152123188755013e+01
4.398380053404170553e+01
4.400566333566132471e+01
4.403013835913831286e+01
4.408410477932769567e+01
4.415468300635902210e+01
4.421988610410532061e+01
4.429969647134681310e+01
4.438959806813249287e+01
4.449398134313263853e+01
4.460289210406276084e+01
4.474032209914698655e+01
4.490053628026797128e+01
4.506826559335718940e+01
4.525562771877736168e+01
4.547677481227496799e+01
4.572437979968494659e+01
4.599467651029911508e+01
4.629717258694427784e+01
4.663105806785323892e+01
4.700781704139575368e+01
4.743615496535777964e+01
4.790107788657073939e+01
4.843709915220179596e+01
4.903299497060606882e+01
4.972475217196814867e+01
5.049770967826780321e+01
5.141134814568758316e+01
5.242351226987677393e+01
5.363245947296481120e+01
5.499586722111759940e+01
5.656203101311024284e+01
5.828941576864055207e+01
6.018742562219304659e+01
6.223276517239257544e+01
6.425942180177003138e+01
6.615288178367340777e+01
6.772157505163798419e+01
6.874977938497531227e+01
6.903906505238542479e+01
6.833279905667046705e+01
6.651178498920668858e+01
6.350378964984944474e+01
5.934524631538353390e+01
5.417355146940684563e+01
4.821091971763152628e+01
4.185105857412029451e+01
3.532760781178901510e+01
2.897662590036638974e+01
2.307674503276122735e+01
1.781422633183757753e+01
1.335923061995720040e+01
9.698937003842232230e+00
6.829768510503672729e+00
4.662697651658581854e+00
3.092354954452738891e+00
1.984422257970341441e+00
1.237989336235585380e+00
7.465642570490745866e-01
4.340497553559627963e-01
2.425379162378065168e-01
1.355628478923542046e-01
7.188611753694576501e-02
3.769266806974649886e-02
2.059899847558185892e-02
1.129006274264288470e-02
6.587949101187227062e-03
4.018416078793841592e-03
3.001642055354605126e-03
2.355124756899868409e-03
2.542860242822938491e-03
2.329592249523021723e-03
1.963551174076193142e-03
1.945854682107446814e-03
1.987557230148377391e-03
1.908351845527936916e-03
2.007925637541498574e-03
1.890760833579003142e-03
1.577390218263748133e-03
1.652480244294792086e-03
1.522809028770985562e-03
1.569327848822990330e-03
1.691644842856125999e-03
1.408019194699864675e-03
