1.791313215392696918e+02
1.818423458585349977e+02
1.820077890426555882e+02
1.820701938627531433e+02
1.820101203647940054e+02
1.818456313703679825e+02
1.815609057415402390e+02
1.811539430684400429e+02
1.806722540721632697e+02
1.800407508346853831e+02
1.792977665002660785e+02
1.784216418042398402e+02
1.773963293075462957e+02
1.762723372968648619e+02
1.750242586614137679e+02
1.736188816579405056e+02
1.720972426580793524e+02
1.704582972517443409e+02
1.687109594053609101e+02
1.668314170427214265e+02
1.648742361774800145e+02
1.627980441092508386e+02
1.606177189065922732e+02
1.583510974472892769e+02
1.560319839816654053e+02
1.536179744518319694e+02
1.511906354491820821e+02
1.486658827273312227e+02
1.461496710142507141e+02
1.435786611632072720e+02
1.409819479087167053e+02
1.384198349910255104e+02
1.358283461677911816e+02
1.332307564741068688e+02
1.306497552205070178e+02
1.280870208471823446e+02
1.255453756019154241e+02
1.230181615161626212e+02
1.205179405404161770e+02
1.180782166396006829e+02
1.156442274726655626e+02
1.132779025352791393e+02
1.109417785662510738e+02
1.086348409555396586e+02
1.063943384801855956e+02
1.041849735505919057e+02
1.020524562511301525e+02
9.995551864691158528e+01
9.788450800124481077e+01
9.588791099101486282e+01
9.395124824263209007e+01
9.203581117345292739e+01
9.019909158120962900e+01
8.839079984011206648e+01
8.662470899034174465e+01
8.493462770601313139e+01
8.327669270138332536e+01
8.164177847927983578e+01
8.005903198508835317e+01
7.853706497629990224e+01
7.705880893945747800e+01
7.562191003395702182e+01
7.421820339722243887e+01
7.285364537434169563e+01
7.154689527276464389e+01
7.027789577185370717e+01
6.904604227231298808e+01
6.784789974261121870e+01
6.669781053639502488e+01
6.557390425317802851e+01
6.450944870044853019e+01
6.347138579587273455e+01
6.246580520130697778e+01
6.153154999329508712e+01
6.061452435768474345e+01
5.973129690426640792e+01
5.888784841971555295e+01
5.807315595597581392e+01
5.730838502961373848e+01
5.658623966728497834e+01
5.588444523169595612e+01
5.522260600425446597e+01
5.459542770585018445e+01
5.401101143655651526e+01
5.345835117024623884e+01
5.295078501977755536e+01
5.243701552993564263e+01
5.199122526215332130e+01
5.156577564586569906e+01
5.118449309347571585e+01
5.082038728521958859e+01
5.047936257143609851e+01
5.016057613156471717e+01
4.986430401566334325e+01
4.959931747982490435e+01
4.937441903884352712e+01
4.914582313421600901e+01
4.895015374376554718e+01
4.875757040063359682e+01
4.859108930589808750e+01
4.843876284972451174e+01
4.830663672845012968e+01
4.820144604394985066e+01
4.810938091523363624e+01
4.801085368527945008e+01
4.793993730606623416e+01
4.788302050732490756e+01
4.782140548620613174e+01
4.777985347803657135e+01
4.774925469761159746e+01
4.771750876312729872e+01
4.768521806268124408e+01
4.767153034526251076e+01
4.765572428785880987e+01
4.763803484267805288e+01
4.761504252057858366e+01
4.759905779165519135e+01
4.759067183610857654e+01
4.759015548507706228e+01
4.758461768782400725e+01
4.759329075026355582e+01
4.757507477042507560e+01
4.758447824671106474e+01
4.759614644673120409e+01
4.760176703380977870e+01
4.758931542896736744e+01
4.757700958368603494e+01
4.758271155658667340e+01
4.756986872722961124e+01
4.755523482762020393e+01
4.753496794126414926e+01
4.752107407094276681e+01
4.749094585505802968e+01
4.748385449765124378e+01
4.744753003462292185e+01
4.742203788328622949e+01
4.739343370198048433e+01
4.737701383392693799e+01
4.733389806110709230e+01
4.729891099731944593e+01
4.725626069527897499e+01
4.720945907340792047e+01
4.715496684274481254e+01
4.711791179273335928e+01
4.707216114935371820e+01
4.700517889227828050e+01
4.695773504886983574e+01
4.687906388494612742e+01
4.680841841806779513e+01
4.675807430223346017e+01
4.669366738175538956e+01
4.661744498814593385e+01
4.654711759359570777e+01
4.648443146709503537e+01
4.640788374850610865e+01
4.634284606117152805e+01
4.626034476675519613e+01
4.618005650084120361e+01
4.609880937490498809e+01
4.600276976325528011e+01
4.592223793088823669e+01
4.582713146899297385e+01
4.575192212733416142e+01
4.567642382704175930e+01
4.557322242311850857e+01
4.549038141188550100e+01
4.540626945531682424e+01
4.532684406464618121e+01
4.522440804043516493e+01
4.514131580115687825e+01
4.504198396777358937e+01
4.495729811819976618e+01
4.486825895985651158e+01
4.478467793196313806e+01
4.469128276642496189e+01
4.460233834245298112e+01
4.450570525110529019e+01
4.442443201701983924e+01
4.433235483722148018e+01
4.423793546798658127e+01
4.414939491688140549e+01
4.406805178813107915e+01
4.398158255629913072e+01
4.390408570569547919e+01
4.382870627213290504e+01
4.374715950259646036e+01
4.367747599643047351e+01
4.358529776734132355e+01
4.352098403393914339e+01
4.344282949219742562e+01
4.336734451708937144e+01
4.329417632692103268e+01
4.322493341084791041e+01
4.314890243651075252e+01
4.308098109191291769e+01
4.302350723414006950e+01
4.295732881734834052e+01
4.289351572842767268e+01
4.283431236934129771e+01
4.279041820123882189e+01
4.273140558916998799e+01
4.267735598970082123e+01
4.263267366313121443e+01
4.259899727337909781e+01
4.256899320460902914e+01
4.254260449143448142e+01
4.249856660182476276e+01
4.248336903787445351e+01
4.246165894614670577e+01
4.244735169197524272e+01
4.243615190152167571e+01
4.243182555048950633e+01
4.242782179711397816e+01
4.245167632928492196e+01
4.246649507093585640e+01
4.248821790182085323e+01
4.251656398188102060e+01
4.254807990159132203e+01
4.258990423683404458e+01
4.264429069108722814e+01
4.270649360764497970e+01
4.278679082924760024e+01
4.285554530608690271e+01
4.295782829421737148e+01
4.305867049260090340e+01
4.318182066893880489e+01
4.331488156839934334e+01
4.346235346072124628e+01
4.363932959842986037e+01
4.381946646042754878e+01
4.401214993504076034e+01
4.424903413860779722e+01
4.450480021189373758e+01
4.479507705133057271e+01
4.510722831744058681e+01
4.545299564164282913e+01
4.585019971525429128e+01
4.627926753626502432e+01
4.677401314429560131e+01
4.730925301160171159e+01
4.790750095508509787e+01
4.858775327147831291e+01
4.935213466059619947e+01
5.024685910310444115e+01
5.126155186348679393e+01
5.246499297324803734e+01
5.382626188699955350e+01
5.536065511979014531e+01
5.709387936944848008e+01
5.899242855882149428e+01
6.103071076947384199e+01
6.304214343324826331e+01
6.489137138692630913e+01
6.645304861617216829e+01
6.748086099461147569e+01
6.775310137252647280e+01
6.706193987945820822e+01
6.528172148825635190e+01
6.234287714520242218e+01
5.826827538344436874e+01
5.321672747627306421e+01
4.739785091529483907e+01
4.112999359258405008e+01
3.468139176584958250e+01
2.843709298618231784e+01
2.265622804347096064e+01
1.750053955967378272e+01
1.312180473149039628e+01
9.528139702722524973e+00
6.721523525031019908e+00
4.582220943325291174e+00
3.030266564376089988e+00
1.943371787034670950e+00
1.208252454454583180e+00
7.293504546509186337e-01
4.252468350189320123e-01
2.395173334286823108e-01
1.310695641438220649e-01
7.091258857609264443e-02
3.840820085516434557e-02
2.022967868908267033e-02
1.081038020420037327e-02
5.729522768751352420e-03
3.942785874187704730e-03
2.924064495236383676e-03
2.457501278116720582e-03
2.393948706765050907e-03
2.064787768528705738e-03
2.106718870170474784e-03
1.896167581852764789e-03
1.898769797999359105e-03
1.910326900468182392e-03
1.663203960270016098e-03
1.767629177251430926e-03
1.772323914919710650e-03
1.772057415887167645e-03
1.478497118632960067e-03
1.465805886124364570e-03
1.725863275321261672e-03
1.461840892278759400e-03
