1.791382507522845344e+02
1.818554053691866841e+02
1.820253329376199929e+02
1.820922566039740218e+02
1.820350393327196059e+02
1.818690727652681574e+02
1.815859348852680455e+02
1.811791969691135478e+02
1.806995674505780585e+02
1.800682863176780302e+02
1.793250797323978531e+02
1.784486323326038359e+02
1.774265579908701795e+02
1.763037255004902875e+02
1.750534210977714054e+02
1.736472816642287569e+02
1.721287335811695982e+02
1.704892590180952539e+02
1.687433581527993169e+02
1.668644283519374767e+02
1.649068959132919190e+02
1.628322305975870563e+02
1.606516506145131871e+02
1.583853393763946542e+02
1.560677797376003753e+02
1.536499150629359747e+02
1.512249557261865789e+02
1.487021481207870863e+02
1.461828296555678719e+02
1.436107591968605561e+02
1.410188202442309091e+02
1.384544917413420819e+02
1.358646643708459862e+02
1.332674102263102043e+02
1.306872531180465558e+02
1.281248600602843339e+02
1.255845161895500581e+02
1.230550478925939615e+02
1.205564705307678111e+02
1.181189308349712093e+02
1.156831157097812479e+02
1.133163722584143756e+02
1.109822512100547840e+02
1.086758846275182577e+02
1.064369750617165948e+02
1.042308751758877321e+02
1.020959875581141318e+02
1.000010833703013589e+02
9.793118838150971328e+01
9.593285374756143824e+01
9.399970734011562001e+01
9.208939968773923113e+01
9.025140055052681021e+01
8.844563991919926593e+01
8.668454168340136334e+01
8.499541926183462692e+01
8.334332747235274041e+01
8.171418749777926394e+01
8.013454715881222512e+01
7.861993543561020203e+01
7.714840721492041098e+01
7.572171551154171709e+01
7.432684061635005435e+01
7.297243125917486850e+01
7.168126308742675690e+01
7.042477584337311214e+01
6.921395234971049604e+01
6.802815256794187349e+01
6.690653266735490945e+01
6.580781982593262569e+01
6.476974863322332965e+01
6.376142581673715881e+01
6.278589420129387833e+01
6.188558850958147417e+01
6.100145791703555176e+01
6.015981605504915564e+01
5.935399637983209686e+01
5.858202305596525861e+01
5.786607968210640252e+01
5.718645256263586418e+01
5.653146305790613013e+01
5.591692608338853887e+01
5.534565387182152563e+01
5.481344599208334500e+01
5.431205405268516273e+01
5.385458802589378280e+01
5.339340449880246098e+01
5.300478543199143644e+01
5.264046226380626337e+01
5.230827792673181165e+01
5.199678621840975268e+01
5.169841765402358646e+01
5.141933635254840596e+01
5.117170388375582490e+01
5.095581510512255363e+01
5.078015982301977260e+01
5.059806468134212309e+01
5.043797822786207519e+01
5.027886590601129058e+01
5.014907796802634010e+01
5.003833008000358973e+01
4.993867893406829239e+01
4.986645882547262687e+01
4.979536458924798126e+01
4.972629352293664340e+01
4.966784665633110052e+01
4.963901439866619825e+01
4.959934746006587147e+01
4.957418088487398933e+01
4.956117366308713912e+01
4.952959121258040653e+01
4.950666003621215339e+01
4.949575046185378824e+01
4.948525692077533478e+01
4.946866848034485287e+01
4.944924461590709086e+01
4.943244187963421865e+01
4.943840974145927447e+01
4.943331502615745165e+01
4.942705096869646297e+01
4.942440473987995375e+01
4.941068312837494858e+01
4.940148376059914170e+01
4.939931283365677928e+01
4.939195584189929633e+01
4.936388710047047823e+01
4.933966511569573044e+01
4.933093880741147785e+01
4.931707643384208239e+01
4.927939571115516770e+01
4.922615372568741066e+01
4.920263632140738252e+01
4.916050216380084947e+01
4.913153949096557938e+01
4.908242928700419583e+01
4.904910476483374282e+01
4.900721984565039691e+01
4.895177480327949837e+01
4.889375342929724866e+01
4.883968858482334952e+01
4.877153097712900376e+01
4.871503133649383699e+01
4.863910836025829099e+01
4.856995473126700347e+01
4.849935199750436254e+01
4.840481074165017361e+01
4.833748710232961088e+01
4.825828763187615777e+01
4.817534359824174572e+01
4.809769108796992043e+01
4.801375133232772185e+01
4.791058542796957198e+01
4.782485277115503663e+01
4.771937133071961057e+01
4.763333961741497546e+01
4.755418226707229223e+01
4.744403172059078599e+01
4.734058125327658217e+01
4.724448987697824265e+01
4.713679931028435277e+01
4.703920035121132770e+01
4.691885477967022666e+01
4.681968758638312522e+01
4.672126123772835626e+01
4.659976918693092784e+01
4.650280861970303903e+01
4.640371544519401681e+01
4.630681577490987166e+01
4.619000334030700827e+01
4.609352003982471047e+01
4.597454131725077531e+01
4.586716636315814100e+01
4.576388327928986399e+01
4.565342510029854139e+01
4.554847562680922124e+01
4.544050035278691269e+01
4.532968076220597453e+01
4.523736250013203630e+01
4.513809878246151897e+01
4.503966119446624106e+01
4.494243127249249881e+01
4.484024522673200153e+01
4.474510541318350931e+01
4.466286369755783880e+01
4.456906834342395030e+01
4.447395891669889778e+01
4.438331174338114948e+01
4.428737967743732185e+01
4.420710630642587091e+01
4.411418130451573916e+01
4.401864383628593913e+01
4.393424998498517908e+01
4.384483506502506600e+01
4.377122048070723537e+01
4.369024120570877301e+01
4.362533480932405183e+01
4.354659845128362150e+01
4.347418322859658701e+01
4.340931759506933929e+01
4.334305419257071179e+01
4.328470534012891591e+01
4.322666512648844162e+01
4.316719663027438258e+01
4.313142983974313438e+01
4.309089210759455568e+01
4.305446011797184980e+01
4.300384181374312220e+01
4.298634821111058812e+01
4.296583897386977213e+01
4.295556151117566657e+01
4.293660555039959803e+01
4.291946391307877917e+01
4.291351020070912625e+01
4.291428061740167976e+01
4.292289686199762855e+01
4.293613006334635429e+01
4.296103224573236190e+01
4.298383182399091851e+01
4.301659897408695343e+01
4.306909298870303360e+01
4.311959937255917197e+01
4.319189790568199783e+01
4.325086809215075334e+01
4.334256239997985460e+01
4.344144511020036958e+01
4.357007741454897598e+01
4.369819630130849930e+01
4.385216702524645171e+01
4.402003269502215943e+01
4.419442166137942962e+01
4.439115297146131667e+01
4.462593596381554306e+01
4.487606473820289210e+01
4.514960145399285096e+01
4.547362920831641731e+01
4.581367517909443166e+01
4.620561044655594429e+01
4.663541307032573968e+01
4.711284390965285240e+01
4.763929316038800010e+01
4.823945018851070898e+01
4.892410336354851097e+01
4.969461715124612056e+01
5.059899711571326009e+01
5.162023700429192274e+01
5.282594343747265953e+01
5.418263325558531562e+01
5.572675174713843660e+01
5.745203361383224916e+01
5.935393977040643421e+01
6.138984208591626412e+01
6.340860025675450373e+01
6.527589701038951375e+01
6.684684451249664505e+01
6.785035382074072174e+01
6.814691007156298497e+01
6.745632777165265281e+01
6.565102451343716439e+01
6.269180338539156594e+01
5.860745146783301607e+01
5.352016883335733866e+01
4.766585858324934577e+01
4.135034954087254278e+01
3.485185985972088218e+01
2.859435504413032092e+01
2.278445976746375479e+01
1.759438619610764221e+01
1.319332740507541679e+01
9.593731324201824506e+00
6.761588592450330282e+00
4.610417286468282860e+00
3.048032020090375216e+00
1.961109354525600867e+00
1.215370183062455256e+00
7.342059453330804786e-01
4.292181483958991128e-01
2.430151621400123696e-01
1.318103590277713566e-01
7.043885441073449716e-02
3.793738242760592849e-02
2.054029845108447383e-02
1.069596324327121324e-02
5.948580256876018907e-03
3.852522143398217930e-03
2.970021456348651348e-03
2.491132269194966300e-03
2.445593226772647347e-03
2.231071194024715834e-03
2.000493323077149558e-03
1.971529445281070339e-03
1.712363270362343357e-03
1.759873931772126159e-03
1.641647843888751181e-03
1.775461822291610333e-03
1.866354167611944479e-03
1.707764256449739336e-03
1.518297944330899334e-03
1.522434886797900113e-03
1.649262589269817917e-03
1.571979178608956876e-03
