1.292356451159179755e+02
1.305539434527925380e+02
1.304681808994232028e+02
1.303434901515999229e+02
1.300536358271241966e+02
1.296663275779331741e+02
1.291795238164033606e+02
1.284782348664440406e+02
1.276650684371812190e+02
1.267088119379412916e+02
1.255898537163722892e+02
1.243124323119999559e+02
1.228240484324738304e+02
1.212039421449598109e+02
1.194459653797918435e+02
1.174885416575594377e+02
1.153555324578111225e+02
1.131275704962592670e+02
1.107822442470755391e+02
1.082560543613362825e+02
1.056694892035504552e+02
1.029934584308939520e+02
1.001865131652512986e+02
9.735612409349090512e+01
9.446680539963966794e+01
9.153684402099558781e+01
8.861274041838542814e+01
8.566023064855350810e+01
8.273318466692742845e+01
7.982193892773001664e+01
7.692619158500262699e+01
7.408335454273199616e+01
7.128599577511744201e+01
6.855800358878332190e+01
6.588863438423464913e+01
6.329977685307191138e+01
6.073656618779770611e+01
5.830089253113611392e+01
5.592276562217092817e+01
5.364151888667321089e+01
5.141589363239472732e+01
4.929684313524921890e+01
4.723545454651563347e+01
4.525970882679717278e+01
4.338968114561349410e+01
4.157495428685959382e+01
3.985313630387989292e+01
3.821624186259739986e+01
3.661561038101596210e+01
3.510613299977072899e+01
3.366767671491187741e+01
3.228860759445039008e+01
3.098420204853432125e+01
2.974607433221859054e+01
2.855231770709441719e+01
2.741436769715478050e+01
2.633514537439946679e+01
2.531048549313952023e+01
2.434531321284723404e+01
2.341948045086206065e+01
2.253096791969114321e+01
2.171965618995050562e+01
2.093860658173636935e+01
2.018708835430313897e+01
1.949833720462306275e+01
1.883907584271704039e+01
1.822288386092986912e+01
1.763892785174539313e+01
1.708933408399914455e+01
1.656824831503520912e+01
1.609385684436872666e+01
1.563471189981404130e+01
1.521322438645680997e+01
1.482201197945202331e+01
1.446277833814060187e+01
1.412242967561016727e+01
1.380409731807109530e+01
1.351468810753754468e+01
1.325194619266161133e+01
1.300053402548009096e+01
1.278105635158458853e+01
1.257242493431678909e+01
1.238068929898953563e+01
1.221561725089041950e+01
1.204574874105552773e+01
1.191863709236107205e+01
1.177036712033441290e+01
1.165801515920449916e+01
1.155323768788689875e+01
1.145964049692783071e+01
1.137694961441835950e+01
1.130032937546881477e+01
1.123556959052156223e+01
1.117448121280823337e+01
1.110251478456322971e+01
1.106676506000157012e+01
1.101460263277921392e+01
1.098055446582535843e+01
1.094435132670009381e+01
1.091268710613561232e+01
1.086962104037714560e+01
1.084762530238367617e+01
1.082562621517313772e+01
1.080587639144828671e+01
1.078180507001363608e+01
1.075697853550728844e+01
1.074161792073088328e+01
1.071264944634296867e+01
1.069910064086111134e+01
1.067940053017809987e+01
1.066442704371487160e+01
1.064949348693092723e+01
1.063052994514712069e+01
1.061109509070714374e+01
1.059142341992507319e+01
1.056287495346946770e+01
1.054346245537615445e+01
1.050748180980897573e+01
1.049295836345603128e+01
1.045616258147897071e+01
1.041698350726316313e+01
1.038605149742215872e+01
1.035114899608823968e+01
1.031910985547842330e+01
1.028671693419002864e+01
1.024336064705211236e+01
1.019892091500676301e+01
1.015005369142939706e+01
1.010758225630140927e+01
1.006692918038202578e+01
1.002088423538953066e+01
9.976564486718011437e+00
9.923332231429716543e+00
9.866855828298461972e+00
9.820784316812124715e+00
9.752854180211821600e+00
9.693184796824223071e+00
9.634468405197063490e+00
9.567516468879249558e+00
9.504308809008863435e+00
9.449857427117725805e+00
9.379968831936517759e+00
9.322102561075654492e+00
9.249140297476616368e+00
9.196423245283463999e+00
9.140476673634516658e+00
9.081048001845678286e+00
9.013403265736997128e+00
8.945888133305642143e+00
8.874805483035743237e+00
8.811064412403437629e+00
8.735265251662996278e+00
8.671583104982143908e+00
8.607379413623776898e+00
8.545259319349295168e+00
8.480202381188670202e+00
8.409644187428057194e+00
8.335856371352242888e+00
8.267921187500986591e+00
8.195098474828732549e+00
8.130653632597791614e+00
8.056412413405874773e+00
7.981213518625332348e+00
7.922699775857229731e+00
7.852536735642287269e+00
7.782162177583409779e+00
7.727554467403226823e+00
7.653597281210952730e+00
7.590605391603377328e+00
7.519037354013158314e+00
7.458569087708990075e+00
7.387430701818731293e+00
7.327257147990167141e+00
7.258700529527333245e+00
7.199541334890657396e+00
7.134772762345771291e+00
7.069357233639392391e+00
7.008701592062910102e+00
6.949182595954173536e+00
6.884811368253496155e+00
6.817004985382987492e+00
6.754998622772593997e+00
6.702673912462261185e+00
6.642207491418553822e+00
6.585887067123419314e+00
6.537496572567357056e+00
6.476121883942848712e+00
6.415569246850079566e+00
6.352846126899951429e+00
6.304900121564666726e+00
6.248200221608082749e+00
6.204411643039849267e+00
6.152496975846588612e+00
6.109131795457667380e+00
6.058124364353716373e+00
6.004701293901437253e+00
5.956158003148932956e+00
5.910528422022859552e+00
5.860249700749085910e+00
5.806763353757560253e+00
5.767568608021570675e+00
5.721022830241256685e+00
5.679455288789338141e+00
5.631050330379770763e+00
5.590342104641927712e+00
5.548950300758911602e+00
5.516937225643131271e+00
5.479141367599368095e+00
5.445855831727385521e+00
5.403096170630306005e+00
5.367323491722345352e+00
5.329733551376396150e+00
5.297624238921950557e+00
5.260637890133592620e+00
5.223834116839700670e+00
5.190037670441800088e+00
5.165605475194752216e+00
5.138671056936598092e+00
5.114138291786527901e+00
5.088345763066576488e+00
5.063278493885364995e+00
5.029540674295276403e+00
5.011060045514669881e+00
4.992384476431955598e+00
4.966082712273216515e+00
4.957910747784707084e+00
4.943261584060059555e+00
4.926718493457883596e+00
4.915458322761373289e+00
4.909808453689846530e+00
4.901114723748630553e+00
4.897037955932319164e+00
4.897093074137552016e+00
4.899833226835148103e+00
4.897168573509487643e+00
4.898927521633191340e+00
4.911063443144990437e+00
4.935639544959283143e+00
4.962450025810135834e+00
4.989834109321236610e+00
5.026706717701421745e+00
5.069933122023940086e+00
5.115575709328469500e+00
5.176454807942111991e+00
5.258925764252328605e+00
5.346091742989504070e+00
5.468958873819145694e+00
5.595436644843882590e+00
5.742296703263289004e+00
5.885767152843375705e+00
6.057041050969726115e+00
6.223647723388340935e+00
6.361774499114188686e+00
6.490171280482576854e+00
6.553872835201521418e+00
6.564900677651166916e+00
6.491552528821760149e+00
6.299438571246962049e+00
6.010596165485265985e+00
5.621220229141828284e+00
5.117820338087363474e+00
4.552511252307643197e+00
3.923657435509893432e+00
3.303562037284589525e+00
2.706809579058446769e+00
2.145991752907219663e+00
1.660858613814020224e+00
1.252194277314831350e+00
9.063644299328896814e-01
6.376227056736953891e-01
4.335703362492293045e-01
2.917073437794830415e-01
1.871837699053162940e-01
1.191945288775774353e-01
7.072299381563904030e-02
4.215812940634549449e-02
2.368949430340712772e-02
1.392699567212200666e-02
7.406067589500254719e-03
3.560646881751357903e-03
1.885840286549165211e-03
1.082027451745962848e-03
5.959509058546502269e-04
3.089925426026991122e-04
1.570224703876120693e-04
1.624645429822351784e-04
1.966239194701242159e-04
1.710455421047835751e-04
1.031617113167907716e-04
1.193696147774290123e-04
1.367063539307188276e-04
1.782470287620236901e-04
5.450327692130582891e-05
1.150338276223954967e-04
9.521349016555152400e-05
1.104772567079358934e-04
8.553336725015804154e-05
5.916891533649012292e-05
9.183432197239061834e-05
5.136148265430826265e-05
