1.293641678299209161e+02
1.307903173991686003e+02
1.307427794273470454e+02
1.306268388700393359e+02
1.303437844182610377e+02
1.299666156649182085e+02
1.294876749351743683e+02
1.287919726465899828e+02
1.279810527617066498e+02
1.270346956323483028e+02
1.259202737642238645e+02
1.246496634740065588e+02
1.231659231358628119e+02
1.215527919776666579e+02
1.197953852751880817e+02
1.178454760644817725e+02
1.157218309137291072e+02
1.134994123568402671e+02
1.111619300040409968e+02
1.086402349230969122e+02
1.060664467412764935e+02
1.034020270108303521e+02
1.006105739911468504e+02
9.779921174649562943e+01
9.493198827673849394e+01
9.202688201560198422e+01
8.913716533189936797e+01
8.622715122733886517e+01
8.334258217729318119e+01
8.049430218780051405e+01
7.766140061514063575e+01
7.490008165409219032e+01
7.219555818753239862e+01
6.958100613116727118e+01
6.704406005329737184e+01
6.461004574420965696e+01
6.221832170519175520e+01
5.998173400127173949e+01
5.782332782205453015e+01
5.579464147924833384e+01
5.385371933798564470e+01
5.204640862946527591e+01
5.033102810776714620e+01
4.873348453711433592e+01
4.726355073677970609e+01
4.587998457286610687e+01
4.462573374132625759e+01
4.348201885545212519e+01
4.239491939477415627e+01
4.141969906371863175e+01
4.055965441561097151e+01
3.976524684099584306e+01
3.904365229130618786e+01
3.841263592703681695e+01
3.783946493128314614e+01
3.732626257536725944e+01
3.688612029610926157e+01
3.648388416532220191e+01
3.613946330428330356e+01
3.583287316638355691e+01
3.555045830691233277e+01
3.533281407593231904e+01
3.513777126014853280e+01
3.494732207178862637e+01
3.478887848002422345e+01
3.465534490776352072e+01
3.452421271511249756e+01
3.438473591425766784e+01
3.427581840091281151e+01
3.415272568362868810e+01
3.406066449421147269e+01
3.394803704217903828e+01
3.382526467295570427e+01
3.373487642945514864e+01
3.360174147598445415e+01
3.346548690688278782e+01
3.332695798513790209e+01
3.318470834713015449e+01
3.303410029349227983e+01
3.286694782392846292e+01
3.269612528611388313e+01
3.251343785288432997e+01
3.232458509152962023e+01
3.213511531282630074e+01
3.189400091146429261e+01
3.169142107686234766e+01
3.144764934004181001e+01
3.120516720352073392e+01
3.095331116558777040e+01
3.068502235867910954e+01
3.041929822373721493e+01
3.013822596478793514e+01
2.986382525414228439e+01
2.958263619782196230e+01
2.928035687944955257e+01
2.899462351761758327e+01
2.867133572407894704e+01
2.834724012720916164e+01
2.801044647995796311e+01
2.770556703271965304e+01
2.735883212130930531e+01
2.704899046528670681e+01
2.672079132104085630e+01
2.639422140932745364e+01
2.605647760050164408e+01
2.571860530165334424e+01
2.538814156109260267e+01
2.503698142452372366e+01
2.470350492828422162e+01
2.437017029275496682e+01
2.405290582569109148e+01
2.372733825010557851e+01
2.340240813626183325e+01
2.307072242784003535e+01
2.275455782314141473e+01
2.242484465841617691e+01
2.211144570095671469e+01
2.178131706578036031e+01
2.146834993424515048e+01
2.115189682257672033e+01
2.083663438612388319e+01
2.051783477597766492e+01
2.020629928240345663e+01
1.990991726766030112e+01
1.960534371539122489e+01
1.931051747935513774e+01
1.902509445924725640e+01
1.874692238453361881e+01
1.846684409574502084e+01
1.818899925901657966e+01
1.790335518307983875e+01
1.764440112457507226e+01
1.736326917778286827e+01
1.710895922986997419e+01
1.683991348350213713e+01
1.657968059616784373e+01
1.632642876046399394e+01
1.608958119112584484e+01
1.583516162840856367e+01
1.560245222370657636e+01
1.534719109245472524e+01
1.511012242879304601e+01
1.487962212641206072e+01
1.465076012723147869e+01
1.443370055117540929e+01
1.421741729540129562e+01
1.401412218312422375e+01
1.380378164495858861e+01
1.359361658886902902e+01
1.339754622201952650e+01
1.319119090110891435e+01
1.299019780548082537e+01
1.279395351310571094e+01
1.261159094319575402e+01
1.242255805039571470e+01
1.223951970910032649e+01
1.205943999460173899e+01
1.188083803012139228e+01
1.170952537159124951e+01
1.153737764805555344e+01
1.137091427110135555e+01
1.120496586047940824e+01
1.104603244136604978e+01
1.089405819815066145e+01
1.074339912728303048e+01
1.059624389952255541e+01
1.044836679597695728e+01
1.031123254282606894e+01
1.016422051812211613e+01
1.003030015600638336e+01
9.881961463226211606e+00
9.736371110503872828e+00
9.614415422081947327e+00
9.482200006436970696e+00
9.365046209034820990e+00
9.239407586244245962e+00
9.112353510430288850e+00
8.998426199580231710e+00
8.876108003469804331e+00
8.766161418209472700e+00
8.651140719341734453e+00
8.538648186251521111e+00
8.432558175797263189e+00
8.319396988074812427e+00
8.227277429567443789e+00
8.127006770835983218e+00
8.026678478448754817e+00
7.928961084017323024e+00
7.828226548619568348e+00
7.737145451000994711e+00
7.644427778923676975e+00
7.556570870594845779e+00
7.466031774671541221e+00
7.384320248125328057e+00
7.298009213370581172e+00
7.208625097138186000e+00
7.127296405120028489e+00
7.053842230079074405e+00
6.977029925626185403e+00
6.890391431127985022e+00
6.816444801787535646e+00
6.750017719446784525e+00
6.675414419319066539e+00
6.609628369824753769e+00
6.538281570188701153e+00
6.474775331301821701e+00
6.415629458613693714e+00
6.348999009571141272e+00
6.288373585893875628e+00
6.230053389755387805e+00
6.170993142864769965e+00
6.127465634503298730e+00
6.078742255974146858e+00
6.022696914358271592e+00
5.973579097125265136e+00
5.928167808076573841e+00
5.880855402391818032e+00
5.842078588385549054e+00
5.798276366769439250e+00
5.751472198093931176e+00
5.719798511515061357e+00
5.682687585449053280e+00
5.640495343444247744e+00
5.601698397348324754e+00
5.577347591105434432e+00
5.555905031247271531e+00
5.531039631718562610e+00
5.503026213600403338e+00
5.482612478650278121e+00
5.463488726255794070e+00
5.446498647125230796e+00
5.432792982190019160e+00
5.407073539681732655e+00
5.408331942020191185e+00
5.403037854263351925e+00
5.401609412601424687e+00
5.412614926695823669e+00
5.424644276706708901e+00
5.442779042861527472e+00
5.469749926899869941e+00
5.500496494790746205e+00
5.539308436421884529e+00
5.588929266461895473e+00
5.653883948922157288e+00
5.732286656689312920e+00
5.822350419850812919e+00
5.941098473138278990e+00
6.062081170992718704e+00
6.195744350138637557e+00
6.361487050023344025e+00
6.544521559857660264e+00
6.718755183534489639e+00
6.889913295809593663e+00
7.012847541520993211e+00
7.087849210844272108e+00
7.089166837640934915e+00
6.996906559914350510e+00
6.772487659214271538e+00
6.433668864890933037e+00
6.003299975715991721e+00
5.478982564682762124e+00
4.857454362532330983e+00
4.201800238185872338e+00
3.542114504845812917e+00
2.905164700699970126e+00
2.309164637311672319e+00
1.783510448087731071e+00
1.340264904759048248e+00
9.734687334728531205e-01
6.857542611741299643e-01
4.639458667571147998e-01
3.080708896888622039e-01
1.946180938137216099e-01
1.199742932561573550e-01
7.276941397316204208e-02
4.373585436371114910e-02
2.537161061677444332e-02
1.417332921390229011e-02
7.874445269183287521e-03
3.226966006482853699e-03
1.621980765817089727e-03
8.531307393017723744e-04
2.956740889085525056e-04
2.953756025020225131e-04
1.328783567178510965e-04
1.599572383892781393e-04
1.979818711930727746e-04
1.216741197096841558e-04
1.414725505285592533e-04
5.424651951750604983e-05
6.375411812876291551e-05
2.064199690562743830e-04
9.971050995217855357e-05
8.936872121470231444e-05
9.633201882914338898e-05
1.321005717889319430e-04
7.856103079936571166e-05
8.326471404725606384e-05
7.967182223141578302e-05
7.841658568786947603e-05
