1.294487615403579355e+02
1.309272157190522705e+02
1.308833570589728481e+02
1.307701420675051338e+02
1.304914163818854433e+02
1.301165584363948824e+02
1.296404313083136515e+02
1.289462291553144269e+02
1.281402837044151966e+02
1.271911276719992117e+02
1.260823934066575021e+02
1.248133689223581655e+02
1.233331360709885871e+02
1.217241035748156719e+02
1.199748226007860552e+02
1.180301452589111335e+02
1.159178316137662819e+02
1.137038028796216338e+02
1.113801242302805719e+02
1.088734743903882531e+02
1.063182122675870147e+02
1.036771641410757923e+02
1.009083484703053983e+02
9.813416386472009378e+01
9.530402073667694651e+01
9.244345586867873976e+01
8.961070199301077821e+01
8.675822192131050770e+01
8.394742570463697007e+01
8.118173019566003745e+01
7.844032684782804665e+01
7.578320442153683700e+01
7.320536951966479933e+01
7.072393182010597457e+01
6.833306397100548679e+01
6.605390497812510375e+01
6.384448755504045891e+01
6.178792464164629195e+01
5.983161732122405851e+01
5.801515640663112094e+01
5.628935175739590591e+01
5.471193662305207539e+01
5.323180378437973559e+01
5.186021824226352805e+01
5.064791268119329715e+01
4.950083857481109106e+01
4.848352357377815736e+01
4.757492104271013034e+01
4.672142802478952461e+01
4.596984811574738217e+01
4.532051963809256989e+01
4.472391800719520205e+01
4.421369524897696834e+01
4.375803831773292529e+01
4.335342830460932362e+01
4.299880042341020214e+01
4.270283710304647684e+01
4.242906365528082091e+01
4.220309361427401740e+01
4.200097127858963120e+01
4.179189648054953921e+01
4.163872717031173920e+01
4.147889314467708033e+01
4.131611871026042593e+01
4.117822420286635321e+01
4.105051910773747181e+01
4.091765297038687521e+01
4.074498532505499071e+01
4.062015908335646230e+01
4.045201502347158140e+01
4.029790157928235317e+01
4.010438807246585924e+01
3.991676640821000177e+01
3.973184364309741312e+01
3.951056251488626003e+01
3.929367911381026346e+01
3.904488438740372658e+01
3.878515166333980346e+01
3.852244266536500561e+01
3.823800230957567692e+01
3.795902819310625631e+01
3.763868200344344217e+01
3.732247008341882122e+01
3.700152975175943482e+01
3.663137305817670608e+01
3.630954173993733036e+01
3.592643578391935932e+01
3.556346678733825684e+01
3.518758048117160797e+01
3.478996167456110555e+01
3.440056167170405388e+01
3.399309145369463181e+01
3.358915263952480501e+01
3.317375987354252231e+01
3.274910457059741020e+01
3.234881935392817098e+01
3.191179378786020848e+01
3.148092950425214198e+01
3.105379115334815410e+01
3.063644873185290152e+01
3.020647956513696286e+01
2.978272756023539358e+01
2.936384472168154147e+01
2.892988657371865457e+01
2.849884504659308249e+01
2.807542864026294893e+01
2.766914060380723583e+01
2.724637352426846704e+01
2.683479231927130115e+01
2.641590515813893703e+01
2.601510583526558307e+01
2.560367708322074520e+01
2.520586236152384174e+01
2.481053463204039389e+01
2.443028732140858850e+01
2.402807916452487191e+01
2.364255550917651760e+01
2.325818915002875897e+01
2.289820620790123940e+01
2.252240457758307457e+01
2.215898291932212061e+01
2.179587716609239578e+01
2.144685635839899263e+01
2.110407677003079030e+01
2.077048260387446987e+01
2.043369103202389425e+01
2.009397296317749593e+01
1.977687475768228254e+01
1.945283774369292829e+01
1.913664829461938766e+01
1.881164529360830784e+01
1.851482203313046071e+01
1.819962705816659820e+01
1.790927544732888421e+01
1.762119226778547088e+01
1.733222161088552582e+01
1.706034666299819946e+01
1.678176333486205962e+01
1.650461131189432251e+01
1.623615175444219005e+01
1.597062462340626432e+01
1.571788038934270482e+01
1.546334057073626234e+01
1.522074845619499683e+01
1.498592595549093431e+01
1.475498098341955000e+01
1.451059979697068592e+01
1.428956717666652487e+01
1.406002024685343166e+01
1.383741286459068398e+01
1.362168345890111354e+01
1.341273845897780603e+01
1.320670664910641001e+01
1.300544292293488979e+01
1.280788200141655153e+01
1.261808806781967540e+01
1.241196316397852328e+01
1.223172669154074477e+01
1.205601994341446215e+01
1.187938757116595845e+01
1.169715367216202928e+01
1.151642802564634138e+01
1.134751381642288592e+01
1.119484095109833532e+01
1.102229411424034211e+01
1.086656202582849318e+01
1.071239773556590080e+01
1.055978207103908062e+01
1.040242688688966943e+01
1.026238957978785038e+01
1.011984220188525008e+01
9.963192430842253700e+00
9.825810068390435248e+00
9.680896025151014328e+00
9.553183413421114878e+00
9.428887633917232947e+00
9.295657450747158990e+00
9.174102568585011497e+00
9.051997538242074981e+00
8.926373171516591043e+00
8.809516426900195540e+00
8.691528891420198022e+00
8.584421391184958949e+00
8.465393612678679958e+00
8.366050660299757524e+00
8.264288253564801678e+00
8.160565542574557796e+00
8.052448267324102460e+00
7.962224211543798447e+00
7.862848445876604586e+00
7.759680325475831530e+00
7.667617282623218067e+00
7.567873834218415752e+00
7.487427685513264208e+00
7.393431931009723179e+00
7.310615313653316960e+00
7.226542875688108936e+00
7.151464752438995376e+00
7.076070886001819105e+00
6.997868457809090614e+00
6.927764474828210339e+00
6.853273312871654532e+00
6.771947092790570721e+00
6.697960343108409376e+00
6.622954810452130303e+00
6.557577765857179664e+00
6.490001659840345383e+00
6.436358615238633618e+00
6.372620052968462012e+00
6.314611436385247245e+00
6.255165444997449420e+00
6.211958963320487470e+00
6.154440145629147985e+00
6.092250477626091509e+00
6.041843925913174651e+00
5.988425967800948158e+00
5.942401071182555228e+00
5.895654509671860666e+00
5.858341264641946822e+00
5.813325435337093339e+00
5.772613448090851307e+00
5.727721675195628137e+00
5.689456931729283795e+00
5.659436678306923874e+00
5.625405576183563738e+00
5.602628512825402751e+00
5.573893407670159839e+00
5.543908631946477428e+00
5.527112804663677714e+00
5.512675105076697335e+00
5.488188587336076729e+00
5.480293958965274825e+00
5.465981291503542394e+00
5.451883135777380929e+00
5.448236756233705513e+00
5.450325803624259002e+00
5.465275322707991101e+00
5.474523077304992213e+00
5.492467826335794001e+00
5.514729854857756131e+00
5.545420557570953868e+00
5.579296040348708630e+00
5.619710490107536316e+00
5.684181408025324345e+00
5.772184628475871548e+00
5.872566937261985309e+00
5.979802756984200940e+00
6.101844084552592307e+00
6.247213887878590555e+00
6.396285324771371350e+00
6.584744953032997117e+00
6.763252500341170759e+00
6.922819313593208790e+00
7.032718590460717678e+00
7.113165517544580929e+00
7.105889266253345937e+00
7.020901046900285714e+00
6.820366960639755227e+00
6.498517187415725260e+00
6.036049234577351541e+00
5.496977963588303595e+00
4.891959212979094751e+00
4.217109006622599132e+00
3.563562036388450149e+00
2.924093786652924187e+00
2.321084823808632791e+00
1.782465575819110803e+00
1.345476622240514342e+00
9.710800940229091793e-01
6.772457437567394045e-01
4.698531649596083826e-01
3.115793874720098611e-01
1.974770548224401567e-01
1.230833450701438181e-01
7.280463127688995006e-02
4.266184942093641241e-02
2.509821006142780309e-02
1.349535686518709386e-02
7.896796845509444773e-03
3.740382842916385123e-03
1.720860248374650979e-03
9.394698641599562262e-04
5.105079814855602478e-04
2.828195311655204935e-04
1.859774144559918905e-04
7.888842856868589126e-05
1.534018090292669503e-04
1.550367551409013859e-04
1.274341175464952967e-04
6.571608135614944346e-05
8.557144722804505466e-05
1.494686469835699487e-04
1.497130122350883439e-04
4.605732420366592388e-05
6.878948801430300830e-05
1.128683010644948581e-04
4.622596350139741909e-05
1.175305756837059004e-04
9.557043981474795679e-05
6.511617840941773716e-05
