1.793682816836188181e+02
1.822889184142321426e+02
1.825400063604868990e+02
1.826451043340127001e+02
1.826059939383851258e+02
1.824620557426642904e+02
1.821992123950860503e+02
1.818075243382877773e+02
1.813361853287043175e+02
1.807239305024920100e+02
1.799921101422600884e+02
1.791282875498398823e+02
1.781171536016580603e+02
1.770043060170642946e+02
1.757622316200186390e+02
1.743670820736131191e+02
1.728612997838791614e+02
1.712302173109252124e+02
1.694990091654860578e+02
1.676286713381734614e+02
1.656911566336083581e+02
1.636334795042771759e+02
1.614732617059390805e+02
1.592350859638758607e+02
1.569386119699379663e+02
1.545536685553819893e+02
1.521617183297400686e+02
1.496886757866272433e+02
1.472252377093778648e+02
1.447198220127809805e+02
1.421990458265009352e+02
1.397342025243773662e+02
1.372482850548291253e+02
1.347932280758976731e+02
1.323640867656488354e+02
1.299829164829974957e+02
1.276610181272606610e+02
1.253728279989251604e+02
1.231663448850739258e+02
1.210461715688837359e+02
1.189840550189964148e+02
1.170308192172480517e+02
1.151647802016287585e+02
1.133656272954796123e+02
1.117021687859730150e+02
1.101090881084950723e+02
1.086565692892401955e+02
1.072956581833005032e+02
1.060039753957052113e+02
1.048357204838586796e+02
1.037862170747495156e+02
1.028060370442072298e+02
1.019317223206792136e+02
1.011367421506423057e+02
1.004144007942358741e+02
9.979794312656048305e+01
9.924235867312361847e+01
9.872591992279596695e+01
9.828205244838886756e+01
9.790314362700330264e+01
9.757147535573342623e+01
9.728535273389033478e+01
9.701725590283531631e+01
9.679397870347041533e+01
9.660352333706723016e+01
9.644471619058990086e+01
9.627597998002936208e+01
9.612177474124582943e+01
9.598786095639553650e+01
9.584716423146116426e+01
9.572181697521691035e+01
9.559166288685304380e+01
9.544058733324963839e+01
9.533445739246965900e+01
9.519466980137661949e+01
9.503101040310866665e+01
9.486009319843599030e+01
9.469414824997888047e+01
9.448989613084583539e+01
9.429542509969387254e+01
9.407925449615316893e+01
9.384209775627903127e+01
9.360667410898483354e+01
9.334117593779512845e+01
9.305642728504440697e+01
9.277246768943592770e+01
9.244553582836272199e+01
9.212493340979247591e+01
9.177959979416681335e+01
9.142856341523975061e+01
9.107803998998294048e+01
9.068891713682246802e+01
9.029893743686452012e+01
8.990280472728011318e+01
8.947355233816550424e+01
8.907153803249964596e+01
8.861682978164881774e+01
8.816253111623753114e+01
8.768863038958375000e+01
8.723316672008857608e+01
8.674785960907706794e+01
8.627618973313580852e+01
8.579754247799465361e+01
8.530230983896821328e+01
8.478944059899187380e+01
8.428619260191460683e+01
8.379238060135264732e+01
8.326852516777768187e+01
8.277434114283950350e+01
8.227205287739806749e+01
8.176394001733109462e+01
8.125133460377971062e+01
8.073279642517131549e+01
8.021213855546155003e+01
7.968163009163005484e+01
7.915558163888152876e+01
7.863251330654762228e+01
7.810803373988439091e+01
7.758853619822708936e+01
7.705559656442893868e+01
7.654307162124094077e+01
7.601804965607783515e+01
7.549483409852204829e+01
7.499780672966130624e+01
7.449232109181362205e+01
7.397628903378566179e+01
7.347089334304450858e+01
7.297819276582636405e+01
7.249297705004586589e+01
7.198843521318117666e+01
7.147822241335811100e+01
7.099281570412850328e+01
7.050143822082448253e+01
7.002575005720616730e+01
6.953553121321775166e+01
6.907722021091188935e+01
6.861469315644170308e+01
6.816535691788548945e+01
6.770222903154585481e+01
6.723969111454502467e+01
6.676760652942996899e+01
6.632203417446032745e+01
6.587741899091787445e+01
6.544408207372075026e+01
6.500395094877308111e+01
6.456437039243326126e+01
6.415168245878105324e+01
6.372945440692262764e+01
6.332032797337194552e+01
6.289744837913064401e+01
6.249722036465967534e+01
6.208423584009827323e+01
6.167766719846976997e+01
6.129400768932395493e+01
6.091322841844095848e+01
6.053446001671449750e+01
6.015235762595029456e+01
5.977505239656158409e+01
5.941174981523177223e+01
5.904873114961863223e+01
5.868690417089516842e+01
5.833892593768631230e+01
5.798435712088986804e+01
5.765468815987367179e+01
5.731475945430702978e+01
5.698247289790752745e+01
5.668181451057982656e+01
5.636196406077908705e+01
5.603673464806224302e+01
5.573368249002996322e+01
5.542168030271077583e+01
5.511016543795751232e+01
5.481049125077678497e+01
5.451014754595094303e+01
5.422601257179971412e+01
5.394957651275235833e+01
5.365772444150827170e+01
5.339041596189719741e+01
5.312558538143834141e+01
5.286572911848647749e+01
5.260300462660337217e+01
5.234742541742268429e+01
5.211277130907322430e+01
5.185592823950867825e+01
5.162107891377295488e+01
5.139146048523952715e+01
5.115944093093937539e+01
5.092433828859454792e+01
5.069810173611895721e+01
5.048846234931512811e+01
5.028026366784343537e+01
5.007682556306600219e+01
4.987248463515221175e+01
4.968172404341414961e+01
4.949504465507458661e+01
4.931738870305444777e+01
4.914621303119719187e+01
4.897161464256401331e+01
4.879896324671366870e+01
4.863572229734811003e+01
4.847934228392191613e+01
4.833366445783955356e+01
4.819053696509606510e+01
4.804311255386303259e+01
4.792249795373616195e+01
4.778858067512846475e+01
4.765696816717110806e+01
4.755241944326778025e+01
4.744434446446462772e+01
4.735554803751067254e+01
4.726191357696114181e+01
4.718507934035614682e+01
4.710624959943073264e+01
4.703142329676300903e+01
4.697228054940530484e+01
4.692544295219466477e+01
4.688218025555548962e+01
4.684969045124270792e+01
4.682408481748064588e+01
4.681346849532125987e+01
4.681583808071445674e+01
4.683908081646520571e+01
4.685908856283933233e+01
4.690052567470731759e+01
4.695914323682568892e+01
4.702715439330761171e+01
4.710299193459773903e+01
4.721554919362083780e+01
4.734718886724930798e+01
4.747717455605231152e+01
4.762890628894275835e+01
4.783166740606989009e+01
4.804967858508809542e+01
4.829331607309627117e+01
4.858377988491157851e+01
4.890122572571967652e+01
4.927778236767930053e+01
4.968205291636027710e+01
5.015065865283106916e+01
5.066645279667451973e+01
5.125230207099797752e+01
5.193275219984074198e+01
5.269421694069550455e+01
5.359796463488162033e+01
5.465269261545138590e+01
5.587780941662865075e+01
5.728572463335537890e+01
5.884997804906971908e+01
6.062854746091560543e+01
6.256986589295351564e+01
6.465617238294294111e+01
6.670993002670715555e+01
6.864050804682034368e+01
7.025089260780929123e+01
7.129350365920478794e+01
7.150807121026171842e+01
7.077331639176092892e+01
6.887211018798575424e+01
6.577151019112191932e+01
6.143120110557603653e+01
5.607137126879328548e+01
4.989080367002970462e+01
4.328245881001015505e+01
3.651188981091148378e+01
2.995181013401456838e+01
2.385912264756389334e+01
1.841116000512073114e+01
1.380302666390706179e+01
1.002269557041493186e+01
7.058385259361750208e+00
4.817179531426732275e+00
3.189796516136288673e+00
2.048572686176923785e+00
1.274983050948883312e+00
7.620199195982432228e-01
4.456804169751618638e-01
2.534540904064340738e-01
1.390849994710317006e-01
7.381915909137266862e-02
3.825078637154909200e-02
2.041824424278254613e-02
1.138331135439526846e-02
6.292570693108364040e-03
3.814288024528713142e-03
2.888685641699143252e-03
2.398368173447879004e-03
2.408770752525873395e-03
2.235352908111585841e-03
2.100830592495084824e-03
1.826967970871151139e-03
1.956204223173257668e-03
1.868387825077983148e-03
1.821032782707910193e-03
1.756531866896073784e-03
1.653547805149164574e-03
1.532032824109301862e-03
1.407343450349546419e-03
1.443062287773417239e-03
1.777657639369098225e-03
1.476288505663808431e-03
