1.791180631574233360e+02
1.818123004399001559e+02
1.819661408061184602e+02
1.820218647673333408e+02
1.819595510448474442e+02
1.817931582378483597e+02
1.815058229894579824e+02
1.810970009633921336e+02
1.806149062562409711e+02
1.799808298433637503e+02
1.792367032910946705e+02
1.783593735834539586e+02
1.773324246275871303e+02
1.762092053085711427e+02
1.749553009778674095e+02
1.735480141682014903e+02
1.720293522619333544e+02
1.703862605912732704e+02
1.686399679059149150e+02
1.667606115859986460e+02
1.648027875948358201e+02
1.627250964917056422e+02
1.605425558420391496e+02
1.582758763794592483e+02
1.559543460791607572e+02
1.535402217351961554e+02
1.511151770316149339e+02
1.485875865886709732e+02
1.460671179064295018e+02
1.434979962626620136e+02
1.409054605800560580e+02
1.383379432605960631e+02
1.357472615535123737e+02
1.331462294483247319e+02
1.305672367203163446e+02
1.280029202758131532e+02
1.254627281969963235e+02
1.229313911543650448e+02
1.204327337478888182e+02
1.179940864277418058e+02
1.155579891436703832e+02
1.131895618354615891e+02
1.108535746642475459e+02
1.085453228387061841e+02
1.063028796427318952e+02
1.040913453196710776e+02
1.019600330089569411e+02
9.985907799823452535e+01
9.778734279701299670e+01
9.578585004998524255e+01
9.384860438264642823e+01
9.193340980495945303e+01
9.009280062457209226e+01
8.827888105131287944e+01
8.650962679818005086e+01
8.481372241532483258e+01
8.315224587470669348e+01
8.150771890466626246e+01
7.992136125168134697e+01
7.838807084462435171e+01
7.690279519644600725e+01
7.545464815505116007e+01
7.403993307250298983e+01
7.266104831292658162e+01
7.133549597274833332e+01
7.004726933217868634e+01
6.879360811475447690e+01
6.756220827776070337e+01
6.639227104633445720e+01
6.523110741774634391e+01
6.412670964214542835e+01
6.304854227377311560e+01
6.199418166395615515e+01
6.100947312052572613e+01
6.002884116358676891e+01
5.908807184684651048e+01
5.817830486348731966e+01
5.729217353746119556e+01
5.645119084534086795e+01
5.564982744921505997e+01
5.486413383089134044e+01
5.411406935140754371e+01
5.339916148204875412e+01
5.271503904605580004e+01
5.206493928046415931e+01
5.145510610922603689e+01
5.083325196124398104e+01
5.027855553569874303e+01
4.974708308779887744e+01
4.925512851377342116e+01
4.877689892365089719e+01
4.832103518885899263e+01
4.789462142588728000e+01
4.749522914274042762e+01
4.711968010817343355e+01
4.678967054691038641e+01
4.645635876483508753e+01
4.615930860285638460e+01
4.587496893182207458e+01
4.560571004051308819e+01
4.537503820822894340e+01
4.515289756846394198e+01
4.495872566159334127e+01
4.478235155712842896e+01
4.461183255204329612e+01
4.446787429508633949e+01
4.434433636983028748e+01
4.421777109301454800e+01
4.411629440500698252e+01
4.404077742774439486e+01
4.395843065381741610e+01
4.388289532274129101e+01
4.383304149505389802e+01
4.377050682779234592e+01
4.372434229176008103e+01
4.368614188102849027e+01
4.364896601287943412e+01
4.362249224192743213e+01
4.361128928482912670e+01
4.359194184524753979e+01
4.359571106005553531e+01
4.358276783990099545e+01
4.357504461183596334e+01
4.358816615777218573e+01
4.358507273177307439e+01
4.358554963408422367e+01
4.359191365683022212e+01
4.360307006191926149e+01
4.360793880465007533e+01
4.362318844688729769e+01
4.361777597800568884e+01
4.363990359649202588e+01
4.364601488792562378e+01
4.365787709509785230e+01
4.366173827046070244e+01
4.367108715238861549e+01
4.367347698475158069e+01
4.368016808201682011e+01
4.367887287946575725e+01
4.367202235249734343e+01
4.366699852917323454e+01
4.366793748492616345e+01
4.365089225226858360e+01
4.365289381887547648e+01
4.364094062732105073e+01
4.362047184056194737e+01
4.361006931479887072e+01
4.359754068673311167e+01
4.356020359189647451e+01
4.355417304322654104e+01
4.352643920898980667e+01
4.349631238141360967e+01
4.346451965932872952e+01
4.344119986443799064e+01
4.341188558971308709e+01
4.337701512000487725e+01
4.334171785202754279e+01
4.329922532942907054e+01
4.325392151837943544e+01
4.321580379315376064e+01
4.318292980096862976e+01
4.313137197450027571e+01
4.309265096535649775e+01
4.305084725033613324e+01
4.299311919760383915e+01
4.295038119923962228e+01
4.291435602482415135e+01
4.286396010365388065e+01
4.280856173896149386e+01
4.276727877095169106e+01
4.271325880422304522e+01
4.265604853224559179e+01
4.260189406799835865e+01
4.254054999792253966e+01
4.248761613223907574e+01
4.243501988971150496e+01
4.237715251078245871e+01
4.232797827307025784e+01
4.228733152676644380e+01
4.223027959113277063e+01
4.217133617301957571e+01
4.210676319963096859e+01
4.206166323870682078e+01
4.201131724062899053e+01
4.196011595118439175e+01
4.190138690267118449e+01
4.184737790043279659e+01
4.180378852230384013e+01
4.175970497913932888e+01
4.171233400529640534e+01
4.166580230110015037e+01
4.161438168850644104e+01
4.157377058543490733e+01
4.153605032115892470e+01
4.148597262036670230e+01
4.146616709175317084e+01
4.142155658649538452e+01
4.138285933237592928e+01
4.134885378522812971e+01
4.133626638087984873e+01
4.130285459112713653e+01
4.127101633347174925e+01
4.124811395534060665e+01
4.122736893522949231e+01
4.121390334836640079e+01
4.120661752202596517e+01
4.118305420961446828e+01
4.119054755222255437e+01
4.118489437666147523e+01
4.119740657371004033e+01
4.119486487844294942e+01
4.121943196705969825e+01
4.123994308818011234e+01
4.125691566301810553e+01
4.128916288380620614e+01
4.132744813140345741e+01
4.137589336346471214e+01
4.142535527437237164e+01
4.149007524067011587e+01
4.155803414787980188e+01
4.163744745090881594e+01
4.172815107685457292e+01
4.181537802209581400e+01
4.192289378776294484e+01
4.204341902027130828e+01
4.218588487741133974e+01
4.232599889599983811e+01
4.249494016448836931e+01
4.266870142905823116e+01
4.284859116270764190e+01
4.306298718480034182e+01
4.329480329906984082e+01
4.356978848762096135e+01
4.386004757363921414e+01
4.418334398375430538e+01
4.453327304816533427e+01
4.492196525298256660e+01
4.535793916619515898e+01
4.584004757978309641e+01
4.638157112497811596e+01
4.698284580320125059e+01
4.768089688820094807e+01
4.845608166330632827e+01
4.936561313383654692e+01
5.035983747079252737e+01
5.156757174003664090e+01
5.292782511593446060e+01
5.445208406864127682e+01
5.615717855605821285e+01
5.804043733029745056e+01
6.002290080416707241e+01
6.202316294013341036e+01
6.387855736471847479e+01
6.543596563281882084e+01
6.644820890563420335e+01
6.671118947443568459e+01
6.605822324124494571e+01
6.433309806155556032e+01
6.145546458776580323e+01
5.741131081141761427e+01
5.243112025368788665e+01
4.667368846995874776e+01
4.050983734826177596e+01
3.414686047718746664e+01
2.803360506923202777e+01
2.231730855183024076e+01
1.721322114470309828e+01
1.291765538478265363e+01
9.390237495102075727e+00
6.616248811505847094e+00
4.507341126783393825e+00
2.990514119223083966e+00
1.923660629740294281e+00
1.194243032534613835e+00
7.138992162111874595e-01
4.180443898638872557e-01
2.335802817647942842e-01
1.297038790255693463e-01
6.934665956662174058e-02
3.721515550070766953e-02
1.996721122369172347e-02
1.126848048600528202e-02
5.975424135395175120e-03
3.715955164097949157e-03
3.072362630778131907e-03
2.573261908558414565e-03
2.559802559563343488e-03
2.191120753241991310e-03
2.295113862034459540e-03
2.047524831095653454e-03
1.876501110625899537e-03
1.835251484335702820e-03
1.765342000644421839e-03
1.691708409153868005e-03
1.637804828691930047e-03
1.561750089686995448e-03
1.673088600912765820e-03
1.636659355296972993e-03
1.992383509404684148e-03
1.741586255401541975e-03
