1.292666130965562274e+02
1.306129139589316424e+02
1.305437938748267186e+02
1.304230023355711410e+02
1.301370000806346070e+02
1.297520296712205550e+02
1.292672892343915692e+02
1.285682075322143305e+02
1.277536620760300963e+02
1.268048999354877111e+02
1.256848564297381188e+02
1.244138200482217798e+02
1.229278210192246092e+02
1.213065576025029344e+02
1.195507416940785674e+02
1.175928602484604539e+02
1.154645193601738526e+02
1.132371078563996321e+02
1.108944108041210370e+02
1.083650157897856019e+02
1.057840268913924859e+02
1.031070219150440437e+02
1.003002995318933586e+02
9.746959289534586901e+01
9.458510529652185994e+01
9.165290496309171431e+01
8.873422366435664799e+01
8.578405852658195840e+01
8.285690639583562245e+01
7.995113955251872540e+01
7.705524154802293424e+01
7.421656225688315089e+01
7.142220339313887223e+01
6.870065006509281602e+01
6.603794966604456818e+01
6.345760399343109270e+01
6.090031942557025957e+01
5.847544931978659832e+01
5.611234462592337024e+01
5.384580500603705389e+01
5.163643837909007317e+01
4.953661225081628317e+01
4.750018412472369533e+01
4.555711740577761759e+01
4.372192043999934441e+01
4.195182599496264686e+01
4.027543554102562240e+01
3.870068700965364883e+01
3.717045955435282423e+01
3.573461025982719974e+01
3.438762244009154045e+01
3.310273244546907279e+01
3.190828629366781755e+01
3.078709139272622508e+01
2.972559571223812114e+01
2.873614027229875134e+01
2.781101468171497615e+01
2.695773024738041812e+01
2.616523684428668517e+01
2.542015739072424552e+01
2.472988614583543310e+01
2.412216912994497520e+01
2.355265222157403571e+01
2.302063771518361079e+01
2.254376478627091274e+01
2.211826794164436194e+01
2.173061509379961720e+01
2.136901286880796036e+01
2.104718988871253771e+01
2.074711423016722378e+01
2.049740493910697481e+01
2.026581419554228702e+01
2.005640306339288870e+01
1.987708614686400566e+01
1.971709835066253191e+01
1.956396049822473771e+01
1.943329984146273759e+01
1.931958398401426891e+01
1.922630975726578129e+01
1.912086814171117055e+01
1.905149370437074197e+01
1.898232266995021078e+01
1.891883396093423286e+01
1.886541640644686169e+01
1.880164813379653665e+01
1.877583743166178465e+01
1.869390957781838125e+01
1.864527786533451703e+01
1.860640163078076270e+01
1.856617730436846614e+01
1.853213902676684910e+01
1.847689619722465793e+01
1.843319898554020497e+01
1.837497188140534732e+01
1.831119005516585219e+01
1.826859169111897430e+01
1.820889172433978942e+01
1.813942150243868312e+01
1.807244046022080752e+01
1.799612786455286795e+01
1.789970201429807517e+01
1.782734852863682562e+01
1.774362532753083599e+01
1.765494523797597992e+01
1.755807628089355177e+01
1.746973263255010167e+01
1.737178655206743372e+01
1.726194060448970902e+01
1.716134074226849648e+01
1.702659616143339250e+01
1.691514125890616072e+01
1.679486324172466993e+01
1.667167259442309657e+01
1.653876240944696718e+01
1.642316280243297300e+01
1.629236493590805424e+01
1.616497482152448839e+01
1.602808042450083548e+01
1.589488272161947435e+01
1.576477502721051316e+01
1.563043276779353619e+01
1.548012422232164198e+01
1.533109922872649378e+01
1.517785740623043722e+01
1.504260115304754919e+01
1.489520031337936778e+01
1.474779890539745431e+01
1.460937137860390855e+01
1.446334527577790929e+01
1.431501708241800408e+01
1.415845893406205747e+01
1.401186917784313302e+01
1.385963773561848456e+01
1.370495690881378081e+01
1.355730173136625005e+01
1.340791198218034452e+01
1.326727630011737347e+01
1.312291472798420244e+01
1.296278482944601151e+01
1.281933555234637545e+01
1.266876258204380612e+01
1.252667054596046547e+01
1.238197339574495892e+01
1.223612681031227112e+01
1.210477199984921270e+01
1.196195953587690930e+01
1.182547384666072077e+01
1.167783511202368452e+01
1.154096116022103402e+01
1.140072296373546124e+01
1.125963617374913639e+01
1.112790007226996991e+01
1.098679155866718915e+01
1.086190653261211203e+01
1.074203559125049168e+01
1.060848320689466284e+01
1.047677551934288687e+01
1.035659621645593020e+01
1.023539250302645875e+01
1.011708620821850246e+01
9.992900183631313382e+00
9.858426840251517831e+00
9.753314549517300591e+00
9.641947523173358903e+00
9.528023397446506948e+00
9.421761478400892287e+00
9.314796004754802183e+00
9.193459966737362876e+00
9.087289717979729176e+00
8.986305613277686177e+00
8.869693265193038911e+00
8.758295688778162003e+00
8.657703785536190466e+00
8.554767375708454580e+00
8.461230844259262085e+00
8.364161261771288380e+00
8.269766739362644614e+00
8.176867663860321045e+00
8.096406424625051557e+00
7.994284700602293015e+00
7.903364306833180919e+00
7.813197970183359153e+00
7.721210708738201589e+00
7.638912163053949378e+00
7.552623160390390389e+00
7.467570646459029682e+00
7.388527927195860379e+00
7.306033988586730032e+00
7.225135934849579833e+00
7.154236887892087005e+00
7.074306955354081161e+00
6.997919540127946370e+00
6.921489470017452739e+00
6.860302352243000001e+00
6.792408199359972976e+00
6.726698869321909413e+00
6.655231963429185882e+00
6.589592086979084939e+00
6.527953146025538445e+00
6.461520364921954140e+00
6.398313942572309010e+00
6.334295931789609924e+00
6.280055137454635172e+00
6.224300677888095379e+00
6.169412723018063538e+00
6.112682485952973366e+00
6.060445009420315721e+00
6.007688368463681705e+00
5.964465565876000852e+00
5.912400624714791775e+00
5.861984835316737197e+00
5.815936942067411408e+00
5.763019989037679203e+00
5.720864281161791354e+00
5.680113755890892513e+00
5.632268030299908190e+00
5.591586473915311828e+00
5.556327782364355095e+00
5.525137666095462308e+00
5.487858843161827593e+00
5.461051972893376849e+00
5.428607277054753766e+00
5.395818111176292398e+00
5.367747725091046362e+00
5.340818176046013832e+00
5.320063331267899542e+00
5.295261492745743759e+00
5.274791956620497935e+00
5.256687525659799576e+00
5.244429106410178676e+00
5.226911329353849389e+00
5.218221633488105304e+00
5.215173250271214478e+00
5.208001633226457372e+00
5.205579730319893628e+00
5.212890534868670933e+00
5.233199106270654433e+00
5.244063791611956127e+00
5.263175808928078681e+00
5.289153003237313300e+00
5.319506525786386497e+00
5.370297023302151196e+00
5.421194602010978691e+00
5.471563876710003882e+00
5.545198333139221170e+00
5.640561301778587833e+00
5.749879107500116326e+00
5.876344630494713783e+00
6.012547660308579900e+00
6.175213100492126017e+00
6.351917330486078761e+00
6.517805090691480174e+00
6.671985873849028081e+00
6.806629695619146325e+00
6.866423993785348401e+00
6.863021887217958472e+00
6.793468025512993336e+00
6.604363756461276047e+00
6.285537308081984520e+00
5.874281674468268655e+00
5.347979159197873145e+00
4.752713897679415211e+00
4.108478255725155570e+00
3.460017852045388587e+00
2.830834904711486466e+00
2.244123473659985546e+00
1.728027469168106789e+00
1.295549445125895316e+00
9.393069130763049834e-01
6.635627996575850229e-01
4.528469616092883898e-01
3.005964149457314161e-01
1.938088653456018495e-01
1.210827355323310095e-01
7.295072752441347785e-02
4.446048229710153343e-02
2.507885771881547543e-02
1.316108117673863570e-02
7.217710694112715666e-03
3.420891128917945018e-03
1.725408051769746799e-03
8.131763321319586358e-04
4.695607200611032965e-04
2.935910533453442027e-04
1.411703391845160098e-04
2.240051350981864297e-04
1.368129628462725104e-04
1.012943597473214331e-04
1.471102775360324513e-04
1.018378893454669474e-04
1.343832873462679997e-04
1.090644350014158270e-04
6.037432529620738507e-05
6.370860390813982521e-05
8.185513279003310094e-05
2.094971659963739037e-04
5.146560483766668219e-05
5.127332417094638845e-05
1.492966234293996452e-04
6.405218505226017989e-05
