1.792725202346352944e+02
1.821180887938576802e+02
1.823511047104160241e+02
1.824470213154920657e+02
1.824060486057534831e+02
1.822548005966203561e+02
1.819846053870545006e+02
1.815891263137772285e+02
1.811187349975268148e+02
1.804980174961241914e+02
1.797673929979881677e+02
1.789015325057172277e+02
1.778852594176616435e+02
1.767703703301031339e+02
1.755249777680251668e+02
1.741279757855043329e+02
1.726135287875163158e+02
1.709805146453872453e+02
1.692407802962574124e+02
1.673664402208246145e+02
1.654209129944063648e+02
1.633485306304248468e+02
1.611759341984029277e+02
1.589205777627202565e+02
1.566037311566755079e+02
1.541977769698609109e+02
1.517840465414003290e+02
1.492692233659994940e+02
1.467657073192122255e+02
1.442160047736534523e+02
1.416323349090562829e+02
1.390929692919655736e+02
1.365256145320392136e+02
1.339599137492169518e+02
1.314154715015015711e+02
1.288971071277580052e+02
1.264083342506991698e+02
1.239414184415173850e+02
1.215216391111310656e+02
1.191691946120293011e+02
1.168436076306154945e+02
1.145975341904754856e+02
1.124129418243436476e+02
1.102696434056784796e+02
1.082237239659111054e+02
1.062407551194168605e+02
1.043601555717879137e+02
1.025540428569426155e+02
1.008111550811840118e+02
9.917482608968980173e+01
9.763943971323153903e+01
9.616515137140206093e+01
9.480529896535514922e+01
9.352299988981519618e+01
9.231312978781879508e+01
9.122781812378408972e+01
9.021345243383186130e+01
8.924393236557187947e+01
8.837999870743588815e+01
8.760774097794596571e+01
8.690285828381804833e+01
8.626529972643085387e+01
8.568289490132411856e+01
8.516299550987983480e+01
8.470163418097408226e+01
8.429207816234341522e+01
8.393273227533482839e+01
8.361419786712085056e+01
8.334125114286507596e+01
8.309186018630776971e+01
8.288806257989709536e+01
8.269243825765346401e+01
8.251698463310600573e+01
8.241046997500313864e+01
8.227974444878560689e+01
8.215258857103054879e+01
8.204650385620146835e+01
8.194095916734899276e+01
8.185445285733868559e+01
8.176909246148862564e+01
8.166449782363649490e+01
8.157305616857425434e+01
8.147954497915222305e+01
8.137655591099149888e+01
8.127205087795620386e+01
8.118920059299469472e+01
8.103007894032676006e+01
8.092394406901237858e+01
8.079016790191971609e+01
8.064468280782482168e+01
8.050450019655073675e+01
8.032113346777673257e+01
8.013986369487591332e+01
7.995459108208498833e+01
7.974222152715272216e+01
7.953833458226462483e+01
7.931650088752031991e+01
7.910043083022733867e+01
7.883394117278457713e+01
7.858503120131429398e+01
7.830958025281825030e+01
7.804916094976488239e+01
7.776574544134209077e+01
7.747122401515957790e+01
7.716860263846959356e+01
7.687158000734235941e+01
7.656184359003685813e+01
7.625026785912442051e+01
7.593301092153154741e+01
7.560274665390998905e+01
7.525877665170084185e+01
7.490534951822341725e+01
7.455632981563631745e+01
7.419949988479091019e+01
7.384250488231251097e+01
7.345685649179637267e+01
7.309106251739751769e+01
7.271279205270477064e+01
7.233216866730954564e+01
7.194664820303653130e+01
7.158619613490103006e+01
7.119813255631501647e+01
7.080290773689732475e+01
7.043004564102318454e+01
7.004919167557945059e+01
6.964674064809112508e+01
6.926435089786166088e+01
6.888294205772982082e+01
6.849806802792463145e+01
6.811883227780541006e+01
6.770222869271965749e+01
6.732428476780263793e+01
6.694112846294113695e+01
6.656039824762436297e+01
6.616210035743542051e+01
6.578604225483465484e+01
6.540134699027251486e+01
6.503325087379964486e+01
6.464712469158141062e+01
6.427429413850833839e+01
6.389456437807253053e+01
6.351697980746767769e+01
6.314890727836341711e+01
6.277953828439097350e+01
6.243221130608466041e+01
6.205813374182891096e+01
6.168547715289253119e+01
6.133620033489802381e+01
6.096989249870554772e+01
6.062745162052836889e+01
6.028053482111025119e+01
5.992558708526002675e+01
5.958174998766349972e+01
5.924799926365467684e+01
5.891942637482195977e+01
5.858960739840792797e+01
5.826375601103644897e+01
5.793676978571296132e+01
5.761803120259342137e+01
5.729270338823078390e+01
5.698195572987916080e+01
5.666539188133663885e+01
5.635796976454664531e+01
5.606975786472450807e+01
5.576290127393713902e+01
5.546826082076304942e+01
5.517563707009252028e+01
5.490313494537682715e+01
5.460675722051364289e+01
5.433825242367956321e+01
5.404867572416964805e+01
5.376599974666105197e+01
5.351140588849757762e+01
5.324803979139586829e+01
5.299384653503836518e+01
5.274920087854501816e+01
5.248481636837086484e+01
5.225425945451762288e+01
5.201909008720481609e+01
5.178201445042648743e+01
5.154161668186115719e+01
5.130831616281002994e+01
5.108792003633402601e+01
5.086410790558931438e+01
5.064181823245861835e+01
5.042734362506951129e+01
5.020933462465358588e+01
5.000451427793070280e+01
4.981577157742625417e+01
4.961466042410880561e+01
4.942726486422937171e+01
4.923926796488783708e+01
4.904932812314777379e+01
4.887599325799356365e+01
4.869419486279078058e+01
4.855493440043496634e+01
4.837598441836264840e+01
4.822823912742696706e+01
4.806749940082217876e+01
4.793253491700627222e+01
4.777985995283027876e+01
4.764537359095526625e+01
4.751036713880323958e+01
4.737282211768144435e+01
4.726421529812325417e+01
4.715416173610417871e+01
4.705320749796511137e+01
4.694803362919198975e+01
4.685632234335052004e+01
4.676426432347559370e+01
4.669034043423620517e+01
4.661171497971596978e+01
4.654446183262605530e+01
4.648435476772956321e+01
4.643624419727126451e+01
4.639113334678074807e+01
4.636406015475679965e+01
4.633910070064128917e+01
4.632158778280738431e+01
4.631177050786181582e+01
4.633166250969262023e+01
4.635129431006461687e+01
4.638066974012944144e+01
4.642984920992067543e+01
4.650536601439035422e+01
4.658224919726819735e+01
4.666069019697741993e+01
4.676588085522335803e+01
4.689395358645099066e+01
4.703460066158081787e+01
4.720797397794513728e+01
4.740886111911122924e+01
4.762752266617586372e+01
4.788645252789577000e+01
4.817377092873545052e+01
4.849545805504653373e+01
4.885840428553674997e+01
4.929045673001355254e+01
4.975376317633862300e+01
5.027015499414513044e+01
5.085695838094535048e+01
5.152594856882164720e+01
5.230856906561914599e+01
5.323256979008009893e+01
5.426146501058466498e+01
5.548528183815611214e+01
5.687481576884597700e+01
5.844296441436964784e+01
6.020887650887748066e+01
6.216210392625883685e+01
6.424914034091575843e+01
6.630903739551318665e+01
6.824007063538734030e+01
6.983218681896852331e+01
7.083910873732287428e+01
7.109906842765462898e+01
7.039631020263497874e+01
6.847057561023649441e+01
6.536902987372178586e+01
6.109067709738283725e+01
5.577669680570164701e+01
4.963456201536303780e+01
4.307337641263466566e+01
3.632972095718950811e+01
2.978612896219227579e+01
2.370969798527571371e+01
1.830932236288619563e+01
1.372193043518461764e+01
9.967400616208164976e+00
7.019179881349716155e+00
4.784135250939359985e+00
3.161785433165827275e+00
2.029734986767798954e+00
1.264657528233088524e+00
7.611046072514725536e-01
4.402381030971828646e-01
2.454354681670128380e-01
1.376109371907583978e-01
7.394723959271962133e-02
3.976090613713355315e-02
2.110402199552645006e-02
1.159792011953714695e-02
6.438462461955464164e-03
3.946342807244087800e-03
3.259845768989564230e-03
2.681048727673720437e-03
2.568688818956800773e-03
2.221858221885024409e-03
2.016522324037613775e-03
1.889274118367371925e-03
1.954166967678238557e-03
1.831930291220244160e-03
1.689087061083202872e-03
1.686348148098532626e-03
1.692383011644376213e-03
1.557885277775242217e-03
1.665043683874585165e-03
1.512077443886928859e-03
1.627596103893343398e-03
1.484349609689664248e-03
