1.791234872945800305e+02
1.818235880176026171e+02
1.819817223577975938e+02
1.820398148377647374e+02
1.819777330569145022e+02
1.818137880836399631e+02
1.815263064748279191e+02
1.811187967721043037e+02
1.806373890390633221e+02
1.800026254265124521e+02
1.792583904224154026e+02
1.783834023078628093e+02
1.773569386754154777e+02
1.762339028946328483e+02
1.749809473506861366e+02
1.735766002925922180e+02
1.720556232995745347e+02
1.704137117909748156e+02
1.686672190765762025e+02
1.667877718977696873e+02
1.648302798706886847e+02
1.627531556036206268e+02
1.605720700230014586e+02
1.583060569914447910e+02
1.559840963715121802e+02
1.535710439697137133e+02
1.511431369090190913e+02
1.486170410559569461e+02
1.460978298333833436e+02
1.435297156923741966e+02
1.409353650403048448e+02
1.383669543525469692e+02
1.357769756593409625e+02
1.331794068382461944e+02
1.305988536330571606e+02
1.280359236282785673e+02
1.254931824276058023e+02
1.229647975386318848e+02
1.204682683494311277e+02
1.180254252158595563e+02
1.155898045474844054e+02
1.132224422450226911e+02
1.108869973813452532e+02
1.085800493967566069e+02
1.063377605167742672e+02
1.041270216635137587e+02
1.019971410622641059e+02
9.989440335863906739e+01
9.782329445858310635e+01
9.582441657282092251e+01
9.388560162853976010e+01
9.197347710593992076e+01
9.013201048956571526e+01
8.832035403216515590e+01
8.655073724639491672e+01
8.485746107683611683e+01
8.319784105269845043e+01
8.155816479447801726e+01
7.996829512968182030e+01
7.843945226147265259e+01
7.695566738963346154e+01
7.551272979598742552e+01
7.409826937136664071e+01
7.272864923564888784e+01
7.140601209832352936e+01
7.012431607282881885e+01
6.887626713781801868e+01
6.765433687056344070e+01
6.649016227640061061e+01
6.534120481137247793e+01
6.424636226971369979e+01
6.318203470471620875e+01
6.213903819620171021e+01
6.117087319921106570e+01
6.021029837949726726e+01
5.928930155039292060e+01
5.839958408408313062e+01
5.754249521063098882e+01
5.672399022233383192e+01
5.594832672326563738e+01
5.518595894665471491e+01
5.446872244858985823e+01
5.378491320894121230e+01
5.313730254705723866e+01
5.251895215105855641e+01
5.194148021787227520e+01
5.136005973350813747e+01
5.084552103660493572e+01
5.035373268214658538e+01
4.990072057779828185e+01
4.946501106996112185e+01
4.904960112406320150e+01
4.866223646726659524e+01
4.830566309304986561e+01
4.797265493954655113e+01
4.768111933437257477e+01
4.739273224001867391e+01
4.713223930098325809e+01
4.688933580631426423e+01
4.665784361414991821e+01
4.645945805073354506e+01
4.626912710514728388e+01
4.610896860584050927e+01
4.596903324161237236e+01
4.582582300091372929e+01
4.571409447769110557e+01
4.562160321214058456e+01
4.552508821838338804e+01
4.545444673711049433e+01
4.539808220720892251e+01
4.533452459719575955e+01
4.528504388517373513e+01
4.524930091450055158e+01
4.520315490107594769e+01
4.517478144540524454e+01
4.514686558663210292e+01
4.512763652127548397e+01
4.510729793525407416e+01
4.510440662822301050e+01
4.509243629242558171e+01
4.510110393231224890e+01
4.508669983711152440e+01
4.508362695193360992e+01
4.510019329767790452e+01
4.509676958298489069e+01
4.509877372168026000e+01
4.509975197745595921e+01
4.511469054452038563e+01
4.511898671155887541e+01
4.513642664799163384e+01
4.511874466651054405e+01
4.513236113252116866e+01
4.513264925554351237e+01
4.513158209014829936e+01
4.512550214758958589e+01
4.512901664750325637e+01
4.512488085896978163e+01
4.511660064196886566e+01
4.509427498221410957e+01
4.507358297025875515e+01
4.505538255165174633e+01
4.504754065178537559e+01
4.501794730080425211e+01
4.499853731920905631e+01
4.498314547118769013e+01
4.494305687054446707e+01
4.491855665258423613e+01
4.489146643287669747e+01
4.484779487880926041e+01
4.480695815463563036e+01
4.476633743452978820e+01
4.471991290021224330e+01
4.467707412727183680e+01
4.463401731537084061e+01
4.459369999353525316e+01
4.453870869875370886e+01
4.449066474886244293e+01
4.444237271079567364e+01
4.437851701014188421e+01
4.432239513647063234e+01
4.428389086687348453e+01
4.420700215404143307e+01
4.415357914336822631e+01
4.410120743370132601e+01
4.401831622836900948e+01
4.396436544687583137e+01
4.390668673617286544e+01
4.384509084071447660e+01
4.377136348090535733e+01
4.371530092882455421e+01
4.364096268834886416e+01
4.355801687239266329e+01
4.350276618886366720e+01
4.343635602133122120e+01
4.336462790000234691e+01
4.329992045321566252e+01
4.323407930914547137e+01
4.317710150277244452e+01
4.310612309509404838e+01
4.304545720061146596e+01
4.297491527491177976e+01
4.290004958678871105e+01
4.283955263057639939e+01
4.276996261085373874e+01
4.270614077691419652e+01
4.264300766544567267e+01
4.258385924112587873e+01
4.252169935008570434e+01
4.246228332407631711e+01
4.240473190621425204e+01
4.234863533841270566e+01
4.228940048987960409e+01
4.223570024186687277e+01
4.218478414927925257e+01
4.213276987165680509e+01
4.209383236408119444e+01
4.204191300010371179e+01
4.199785438715105101e+01
4.195418640559062595e+01
4.191501634117987862e+01
4.187553805647068117e+01
4.184227764564357699e+01
4.181388622442845104e+01
4.177712878140113162e+01
4.176480640905352004e+01
4.174961726541446438e+01
4.172584655239271001e+01
4.172158828208358727e+01
4.170874774240090943e+01
4.170996853955615080e+01
4.170820402547478523e+01
4.171167823752558945e+01
4.171979603287585547e+01
4.173853051789541269e+01
4.177143143132080638e+01
4.180132172616112740e+01
4.184000595443283288e+01
4.187991817161499597e+01
4.193044543861130791e+01
4.199700505577374798e+01
4.206069497650166511e+01
4.213731377690231739e+01
4.223046172418596456e+01
4.233479728681171395e+01
4.246082088407992927e+01
4.260021558907080674e+01
4.273230965177066309e+01
4.287430684888468591e+01
4.305255907156421102e+01
4.322977465984438084e+01
4.345513395099196430e+01
4.367945279218801602e+01
4.395332858800842502e+01
4.422798241880860104e+01
4.455755842152731105e+01
4.491046089306620104e+01
4.529480889869312676e+01
4.573785342679907728e+01
4.621832758138167208e+01
4.676391036304610083e+01
4.737190151136824312e+01
4.805645735037832367e+01
4.883054838877620796e+01
4.973522473298343982e+01
5.074746350670649520e+01
5.195930728071724758e+01
5.331157067774556424e+01
5.484535587826522374e+01
5.655294542374827671e+01
5.843441028338813226e+01
6.044280097689940590e+01
6.245362563928517119e+01
6.432762981271707758e+01
6.588027066886446903e+01
6.689347557520125065e+01
6.717346287049417697e+01
6.651037614931991016e+01
6.473395842508743669e+01
6.180114729807173291e+01
5.775577133791938422e+01
5.274086379729641294e+01
4.697128273442214663e+01
4.076500252211512532e+01
3.436548899017100922e+01
2.820360472531855223e+01
2.244104923011959229e+01
1.732459257207494474e+01
1.299922070013112574e+01
9.449916569459391624e+00
6.663764058572135163e+00
4.546631441208232260e+00
3.006030655977799171e+00
1.930359192290529657e+00
1.199611335001318446e+00
7.218357686769208970e-01
4.241353253258256517e-01
2.376850857825797692e-01
1.330447173496125957e-01
7.016881969764629523e-02
3.656837423828663419e-02
1.998552790262984880e-02
1.110975035636757938e-02
5.825312453739669126e-03
3.696649421438327580e-03
2.833616853957208505e-03
2.488811277924791315e-03
2.608374112248844010e-03
2.175392318037275719e-03
2.237931294230552110e-03
1.998780933550205370e-03
1.902292607831122329e-03
1.852488626691934682e-03
1.874022455611233998e-03
1.804677802970270544e-03
1.577271219193411350e-03
1.666762447282945292e-03
1.565415486323750707e-03
1.573863269565360917e-03
1.959948436503057643e-03
1.463866297663153973e-03
