1.791015479671260380e+02
1.817781478852038219e+02
1.819175786093705653e+02
1.819633783703410472e+02
1.818917103866029379e+02
1.817234634374768234e+02
1.814348447754042581e+02
1.810227596193969646e+02
1.805387920812488005e+02
1.799032016144554404e+02
1.791549911903436225e+02
1.782770535911184027e+02
1.772496217114772321e+02
1.761231477419235034e+02
1.748667903132158301e+02
1.734610393987290990e+02
1.719389313147890732e+02
1.702973677785160476e+02
1.685459991306598795e+02
1.666628576959489862e+02
1.647071922660037728e+02
1.626268880770849421e+02
1.604442517297763402e+02
1.581760105702702788e+02
1.558542078997682268e+02
1.534370346893008161e+02
1.510109820606861319e+02
1.484853669886826140e+02
1.459634165762222722e+02
1.433952963261223772e+02
1.407961951561069611e+02
1.382306281296169175e+02
1.356384571905260543e+02
1.330419216098504762e+02
1.304581270668610955e+02
1.278932433923835532e+02
1.253490054587671665e+02
1.228196550917492971e+02
1.203205190250645416e+02
1.178772893001672912e+02
1.154431361432010874e+02
1.130771798675991704e+02
1.107376041361067820e+02
1.084262500351634628e+02
1.061850293452318681e+02
1.039732215137553766e+02
1.018402684871797135e+02
9.974077303271234030e+01
9.766521978941388227e+01
9.565932246961220642e+01
9.372296687663987313e+01
9.180323416145677129e+01
8.996178513388319686e+01
8.814942640220901637e+01
8.637442740887185266e+01
8.467664365442438168e+01
8.301365785307787348e+01
8.136480240029429467e+01
7.977379399971511020e+01
7.823771084010824950e+01
7.674418808594046482e+01
7.528993435269683232e+01
7.386956647263339448e+01
7.248385494089933445e+01
7.115219038466824486e+01
6.985287537537949731e+01
6.858831863836749676e+01
6.734358913371173117e+01
6.615525106313165793e+01
6.497704819630301643e+01
6.385166324318769426e+01
6.274941519013076885e+01
6.166803284421276032e+01
6.065657190588693481e+01
5.964433460213785310e+01
5.866148342299329954e+01
5.770726168418638480e+01
5.677560084756549230e+01
5.588404859294075067e+01
5.502222251098228156e+01
5.416954594521897803e+01
5.335591916964360593e+01
5.256782755574140964e+01
5.180459489868535172e+01
5.106730395436068903e+01
5.036461945316315791e+01
4.964768790152238154e+01
4.900189497341967382e+01
4.836446119567638391e+01
4.776059955127363565e+01
4.717136068490640355e+01
4.660378713227127179e+01
4.604804835795852114e+01
4.553364907183873811e+01
4.503818984609344511e+01
4.457503716901593549e+01
4.411454999806600341e+01
4.368309947991556186e+01
4.326451385371011327e+01
4.286875546561644512e+01
4.250172375844726247e+01
4.215665224801774258e+01
4.183439114723292107e+01
4.153280610046090260e+01
4.124039434653909098e+01
4.097799270170233399e+01
4.074061181352536920e+01
4.050143866038119000e+01
4.029900076160203781e+01
4.010635220460762440e+01
3.991746614982400132e+01
3.975096563403850070e+01
3.959671243258262052e+01
3.944761555258235575e+01
3.931529840286562205e+01
3.919464109862163781e+01
3.909108094888433982e+01
3.900200261179814021e+01
3.892262653678125872e+01
3.883681170937503424e+01
3.878667033872090997e+01
3.872198584725882853e+01
3.867175632080394365e+01
3.863985202398072971e+01
3.861637409072562122e+01
3.859068456289184468e+01
3.856631107038843709e+01
3.856252121145396217e+01
3.855111686270252136e+01
3.854996366620131454e+01
3.853045752247335543e+01
3.854480842721778089e+01
3.855604424272832631e+01
3.856477093742851281e+01
3.856799849550971970e+01
3.858578112723320430e+01
3.860399571343192093e+01
3.863036073561725914e+01
3.862679940476953533e+01
3.864331141773046596e+01
3.867234884549659313e+01
3.869200559277902585e+01
3.871306308494682469e+01
3.873808692057827585e+01
3.876771007667722557e+01
3.877050863775856726e+01
3.878854322744444261e+01
3.881343142303878579e+01
3.883225262085014862e+01
3.885796094418156343e+01
3.888436487997377355e+01
3.888440615253780663e+01
3.889482992449652698e+01
3.891997077601226351e+01
3.894128266477396494e+01
3.895755421061441837e+01
3.897001743776627336e+01
3.897124731650937690e+01
3.898673897505896235e+01
3.898806009311843468e+01
3.899791594157613872e+01
3.900666628334524688e+01
3.900967619624488236e+01
3.902245996682612628e+01
3.901900063067497371e+01
3.901439001561632125e+01
3.903129206627247072e+01
3.903112585011797364e+01
3.903110232952518999e+01
3.903748509699124725e+01
3.903216952087778679e+01
3.902101377814786076e+01
3.901470627464653518e+01
3.902107721253835138e+01
3.901223277058397088e+01
3.901204830211978702e+01
3.899618525735073860e+01
3.899340758295065257e+01
3.898737740172777677e+01
3.898336691993432623e+01
3.897201176600298567e+01
3.897586650869299518e+01
3.896549442817050846e+01
3.895223999581629215e+01
3.893635949377845407e+01
3.892837178627201666e+01
3.892950815996854175e+01
3.892100139229584954e+01
3.892491376344289478e+01
3.891302014557054889e+01
3.889676795024656997e+01
3.889034011773620847e+01
3.888463516150989108e+01
3.889158780496885726e+01
3.888389389090604453e+01
3.890065125505303456e+01
3.888463286658581808e+01
3.890028941130820783e+01
3.890095959418425764e+01
3.890751738010727934e+01
3.892057420999165629e+01
3.891777835569624244e+01
3.891901223747104410e+01
3.892309763455192950e+01
3.893943900847075668e+01
3.896242407845036126e+01
3.897290831964579638e+01
3.900997018041490350e+01
3.903442907783865934e+01
3.908043312361062505e+01
3.911059535294226919e+01
3.915603928560870628e+01
3.920242514399684808e+01
3.925834865900572623e+01
3.931974214328364781e+01
3.938180248443467235e+01
3.944891445054817325e+01
3.951293282070002988e+01
3.959683979446553082e+01
3.969727661520703776e+01
3.980296402038019465e+01
3.990572973765272025e+01
4.002695486796456237e+01
4.016072884551313393e+01
4.030988548902659829e+01
4.046809582506729441e+01
4.062277712550071840e+01
4.079138303296422663e+01
4.099726129279331843e+01
4.119325789347812616e+01
4.142124827502252771e+01
4.168474118178005483e+01
4.194800542126964160e+01
4.225347566259047483e+01
4.258911383564751674e+01
4.293979167484359039e+01
4.334232348764648890e+01
4.380707187520313539e+01
4.428784575686700720e+01
4.482909355618359371e+01
4.543744363376406881e+01
4.611852060474049608e+01
4.690697221247074111e+01
4.779934951078084993e+01
4.880094338582686930e+01
4.999298889806922830e+01
5.132651866348965797e+01
5.282423089640602853e+01
5.449361522756802145e+01
5.634401129678941800e+01
5.832785479278697238e+01
6.028368343196336099e+01
6.209761692610724282e+01
6.363983778394436541e+01
6.464121174771938172e+01
6.491331435581551546e+01
6.428658986396270336e+01
6.257400821134302760e+01
5.977333072956787419e+01
5.587120712537402056e+01
5.104137329198292150e+01
4.544964662081699203e+01
3.944900613664151479e+01
3.328808273765217507e+01
2.731058694800338671e+01
2.175789576371795420e+01
1.679299063181830931e+01
1.259626711848475189e+01
9.156900692216053628e+00
6.458359250024758857e+00
4.401110136467565326e+00
2.918147903106067531e+00
1.871268287827941190e+00
1.162552369966600496e+00
6.998182358232368783e-01
4.060462403843141388e-01
2.286998748219865318e-01
1.273584211229222829e-01
6.783188401130652023e-02
3.624734276632925883e-02
1.957184996542805921e-02
1.047876230283516751e-02
5.834229851561229321e-03
3.512122761948050127e-03
3.241826890010422301e-03
2.599824876397488146e-03
2.538863341003015466e-03
2.161004080243171706e-03
2.122708883683039997e-03
1.892431688802976002e-03
1.928703961594267682e-03
1.938190189767311248e-03
1.822997197906673500e-03
1.821771418005496777e-03
1.697807999641211783e-03
1.702693471208744248e-03
1.394867635493529700e-03
1.664903815364099284e-03
1.790030087371632678e-03
1.518484845763862006e-03
