1.791919589723793820e+02
1.819631140032915653e+02
1.821649856146071329e+02
1.822491461949333882e+02
1.821974893145676333e+02
1.820416224622839820e+02
1.817649998877677717e+02
1.813609541419246511e+02
1.808849658602816248e+02
1.802610862647194665e+02
1.795232973215865968e+02
1.786502505229145470e+02
1.776347486192857730e+02
1.765145075006590503e+02
1.752665747729443524e+02
1.738660213966601589e+02
1.723518142096207555e+02
1.707127862834441885e+02
1.689685296667561829e+02
1.670922030879911802e+02
1.651405735515892559e+02
1.630656501096257784e+02
1.608853201753271946e+02
1.586283397893724327e+02
1.563093588371918372e+02
1.538939171698130508e+02
1.514741914570779784e+02
1.489490317326302034e+02
1.464336401117950004e+02
1.438671826048477840e+02
1.412756762809560485e+02
1.387152981086698844e+02
1.361313506658962353e+02
1.335333289510213319e+02
1.309603516261250604e+02
1.284004498784538839e+02
1.258618518793873591e+02
1.233422883250954527e+02
1.208506931670860780e+02
1.184211516021933903e+02
1.159958524733738159e+02
1.136410850611854073e+02
1.113165878259267743e+02
1.090281993881224594e+02
1.068098944512384634e+02
1.046277628190469784e+02
1.025202784604676935e+02
1.004537731993262071e+02
9.842064425699527419e+01
9.646779517735966181e+01
9.458835778092227997e+01
9.273044297723791374e+01
9.096473443309359652e+01
8.924266256357013560e+01
8.757119786053642940e+01
8.599576795256093931e+01
8.446461433400526175e+01
8.297345377557414281e+01
8.154786956352491245e+01
8.021047486653991143e+01
7.893280010697077387e+01
7.772142962628521445e+01
7.656744412510208520e+01
7.546801864184135411e+01
7.444038581089259310e+01
7.347842743119558406e+01
7.257661147543849722e+01
7.171624391128874265e+01
7.093848755833366226e+01
7.019528410752747050e+01
6.952442374761876920e+01
6.890969574729054159e+01
6.832676397877054342e+01
6.782991527045672342e+01
6.734500337889909360e+01
6.691710281346003342e+01
6.651217485550803588e+01
6.615453908676278161e+01
6.584502523492217563e+01
6.556239922676674325e+01
6.530394092671492956e+01
6.507180286870983821e+01
6.487741763883214219e+01
6.470839041158417615e+01
6.455918390390219486e+01
6.445336782588046276e+01
6.430499751646830475e+01
6.422061631051705888e+01
6.412720301996763794e+01
6.405246517383999105e+01
6.398339395330376789e+01
6.391454666025212816e+01
6.385887839525375398e+01
6.380296433489542807e+01
6.376485403293466447e+01
6.374897326461267966e+01
6.369248353580454136e+01
6.364905779093702165e+01
6.358579528644744983e+01
6.354383280446707971e+01
6.350397960185368618e+01
6.344130549497776883e+01
6.339817841782911501e+01
6.333956171268025059e+01
6.326308650239091236e+01
6.319710841914540822e+01
6.314107302601492222e+01
6.305293873372062308e+01
6.298213161752054390e+01
6.288565565516849887e+01
6.280096695831516485e+01
6.270428767844504137e+01
6.260010487609490326e+01
6.247419799149571418e+01
6.235356384854274836e+01
6.222370267084895090e+01
6.209347186205906155e+01
6.195590680322834487e+01
6.183234840123593301e+01
6.167034033103715274e+01
6.152467210164653721e+01
6.136437144089702400e+01
6.119860476839445340e+01
6.102316753963089724e+01
6.084280272487583119e+01
6.067351410898500319e+01
6.047859003808699185e+01
6.029804215266165812e+01
6.010510820257489684e+01
5.992605406356068443e+01
5.969581470843821336e+01
5.951482822866860545e+01
5.930890239585674095e+01
5.909598736815415521e+01
5.888028562146485712e+01
5.868975940027299032e+01
5.847833986454044464e+01
5.825187460734103695e+01
5.802968006788960054e+01
5.780781648661445615e+01
5.758259468133596215e+01
5.737117256454158110e+01
5.713539948440253369e+01
5.691597774147540889e+01
5.669342820431516117e+01
5.646334783488035924e+01
5.623199255780581041e+01
5.599842341097362208e+01
5.575844619749440767e+01
5.552249235520047677e+01
5.530639139822979189e+01
5.505858078450894055e+01
5.484280311763355087e+01
5.460869408077278564e+01
5.439048954661218716e+01
5.416028328196037478e+01
5.393977931281978755e+01
5.371538022198447493e+01
5.349644416009833492e+01
5.326616030249801526e+01
5.304742806532928512e+01
5.281422599197385637e+01
5.259463848208638836e+01
5.239113646077873199e+01
5.217503223602386697e+01
5.196385889030429439e+01
5.176178734845916551e+01
5.155532540316339407e+01
5.132633605793752452e+01
5.113724391248555179e+01
5.092242996660360177e+01
5.071445167571118873e+01
5.053001842186348824e+01
5.033335326683309319e+01
5.013228462413021447e+01
4.995093002808143012e+01
4.975791166000922061e+01
4.956551759476305818e+01
4.937847222279708603e+01
4.919752656842118910e+01
4.901509553156511600e+01
4.883616406071933369e+01
4.866917125018251511e+01
4.850995184851893072e+01
4.833031935437671223e+01
4.817079987669737307e+01
4.800539070223535276e+01
4.784477798443574414e+01
4.769238101224357962e+01
4.754535973742668631e+01
4.739271981470303530e+01
4.724711751472660382e+01
4.709483013075304569e+01
4.696561885984483098e+01
4.683477909224266966e+01
4.669959146761893720e+01
4.657380352734020335e+01
4.644759100410852426e+01
4.632586205183275041e+01
4.622178646045637862e+01
4.609968981901027263e+01
4.599632376223242147e+01
4.589132135945006041e+01
4.578683392454237833e+01
4.570653052051674337e+01
4.562323768002566027e+01
4.554981390748324799e+01
4.547647468757656242e+01
4.541627678337910368e+01
4.535379146253710303e+01
4.528679613348952415e+01
4.524186173606521066e+01
4.520287227767668981e+01
4.518180527895370346e+01
4.514007418512226621e+01
4.511369999903843819e+01
4.509900657770690202e+01
4.510365299922705162e+01
4.510168799734015721e+01
4.511437346051837238e+01
4.514842881390734419e+01
4.517618487987436282e+01
4.522806866024529171e+01
4.529626559536595209e+01
4.537556017363102256e+01
4.547310259963737877e+01
4.558254683325627354e+01
4.570663622113470836e+01
4.585272942737196189e+01
4.600116111993011714e+01
4.617406663880866802e+01
4.638231108762282418e+01
4.661429763771410251e+01
4.687730332714510695e+01
4.718467862365046983e+01
4.750612737755174209e+01
4.788116674986393662e+01
4.831701314172366324e+01
4.877495972004626879e+01
4.929942193160177055e+01
4.988721496976143754e+01
5.057459331552554005e+01
5.135628103421680635e+01
5.226686313394245076e+01
5.330600952317223573e+01
5.451315451810596358e+01
5.589192131750941428e+01
5.745700852686990601e+01
5.921234728595968022e+01
6.115913359310811614e+01
6.322918331856896401e+01
6.527557060092763663e+01
6.715483115435871753e+01
6.872422207548332551e+01
6.975140340711500642e+01
7.002197565209617380e+01
6.932847299765167293e+01
6.745070434886480371e+01
6.437572573234419337e+01
6.013890769672667602e+01
5.490012007130349758e+01
4.889563387558164465e+01
4.242206489781496970e+01
3.579659247642345576e+01
2.934665976339931248e+01
2.334102937347359585e+01
1.803528656279857501e+01
1.353030680654162055e+01
9.838219339203877922e+00
6.920037114748907037e+00
4.723975129026449338e+00
3.122486582696321733e+00
2.007501922669821859e+00
1.247203871054404889e+00
7.471063571579176221e-01
4.374951956726768065e-01
2.459626775964865175e-01
1.358720361813607613e-01
7.143207822875209667e-02
3.929359180037842597e-02
2.100612059469059156e-02
1.114243340661372553e-02
6.100467570830498364e-03
3.658782849644768784e-03
3.098044328593036346e-03
2.472083103787959049e-03
2.281022963849264461e-03
2.161317000819960258e-03
2.241259265527118308e-03
1.913366184402376510e-03
1.803017395420011262e-03
1.763300811329232510e-03
1.647678662157374147e-03
1.646465021282913100e-03
1.641029172707995053e-03
1.567164730599579330e-03
1.607600853707035664e-03
1.643510090144614799e-03
1.576427114805712933e-03
1.723341167475321784e-03
