1.292420800895604032e+02
1.305658726158342517e+02
1.304836597580781188e+02
1.303601325924076662e+02
1.300723399226068580e+02
1.296850704074774114e+02
1.291990083686638684e+02
1.284982236996891345e+02
1.276842058378121436e+02
1.267287062212457727e+02
1.256099720308791632e+02
1.243338738493055473e+02
1.228481025045928448e+02
1.212278181259316625e+02
1.194680736894208337e+02
1.175139239851673096e+02
1.153781044759347765e+02
1.131534746169022014e+02
1.108065365820705921e+02
1.082809140752538610e+02
1.056962295236638312e+02
1.030185748716386200e+02
1.002122812533440737e+02
9.738050747090245807e+01
9.449242833809370268e+01
9.156180872999701137e+01
8.863897874365567020e+01
8.568566721429266408e+01
8.275954971149297990e+01
7.984944976700029429e+01
7.695452624058978586e+01
7.410848417459540372e+01
7.131378333770811651e+01
6.858599030084184278e+01
6.591830646899406076e+01
6.333118115812411020e+01
6.076640554188634269e+01
5.833073983411304653e+01
5.595703139345440036e+01
5.367671591565886047e+01
5.145180570526604669e+01
4.933285928254513664e+01
4.727179704373379110e+01
4.530118636445614300e+01
4.343074880835612817e+01
4.162245973186347214e+01
3.990115348315319466e+01
3.827153630947577767e+01
3.667568483966655180e+01
3.516933257126462564e+01
3.374066327069400728e+01
3.237241253239335492e+01
3.107711373466493754e+01
2.984923630095565628e+01
2.866826113949031907e+01
2.754752294015876757e+01
2.648578066032819578e+01
2.548395996903774119e+01
2.453862476229551248e+01
2.363946675441628997e+01
2.277990770748712990e+01
2.199752859007437777e+01
2.125246571568034781e+01
2.053852151452317898e+01
1.988262772974040615e+01
1.926639881214941852e+01
1.869286855742555176e+01
1.814636856515426189e+01
1.764471983500859764e+01
1.716798142286845419e+01
1.674082113545349060e+01
1.633411487671158469e+01
1.595925090434159088e+01
1.561648450388262610e+01
1.530644677566467848e+01
1.501738154451595619e+01
1.474961189424437968e+01
1.451876251447376731e+01
1.429310752009041607e+01
1.408858001528359516e+01
1.391184259976984805e+01
1.374531757519839203e+01
1.359045160843783862e+01
1.346658585985036005e+01
1.333796196723253402e+01
1.325295935921733204e+01
1.313219577753140221e+01
1.304942299531669292e+01
1.297718685328598198e+01
1.290839048537115197e+01
1.285195406534088214e+01
1.279252233255344073e+01
1.274299912661727952e+01
1.270322553099443574e+01
1.265828505393842107e+01
1.262968084780085398e+01
1.258549282870565911e+01
1.255896667297929525e+01
1.253676883679711196e+01
1.250385869128836447e+01
1.247302585245213535e+01
1.244549183925199820e+01
1.241705308109521866e+01
1.240707619250234650e+01
1.238237594854500578e+01
1.235876399718431884e+01
1.234689782259778923e+01
1.230791883030906320e+01
1.227486425964161754e+01
1.223151800672834177e+01
1.220722608697704104e+01
1.217157272761687636e+01
1.213854582111040692e+01
1.209978250988448600e+01
1.206563977814382937e+01
1.201733209027184301e+01
1.197326821937329200e+01
1.192967832067774481e+01
1.188666639559798810e+01
1.183658318997671266e+01
1.178660485758963539e+01
1.172991760095788294e+01
1.166106147370818569e+01
1.160904696387135360e+01
1.155001647666924569e+01
1.149396394482917216e+01
1.143051016516983509e+01
1.137514579834209627e+01
1.130416975936127955e+01
1.123654075060039759e+01
1.115064782866587301e+01
1.107768195991714855e+01
1.099596912838104679e+01
1.091278543933812095e+01
1.083906975502355152e+01
1.076569695770740509e+01
1.069041201223929782e+01
1.061514584865007116e+01
1.053303092904388905e+01
1.045851945711506659e+01
1.037922313271297270e+01
1.029638866935339259e+01
1.021239145607170151e+01
1.012001764246573110e+01
1.003522772735191637e+01
9.952104958498644294e+00
9.870501330536272988e+00
9.782322584754890471e+00
9.700355159325731336e+00
9.612247429891592532e+00
9.538884069149693445e+00
9.445741311957439379e+00
9.359626438779136137e+00
9.271965273138549790e+00
9.191781494766473770e+00
9.116824936018222303e+00
9.020196766178640857e+00
8.930920177242821723e+00
8.850563568890922994e+00
8.767255045990976825e+00
8.685030609576237737e+00
8.607760446663531795e+00
8.520686776480740576e+00
8.438449519479441108e+00
8.359244699279466673e+00
8.283763563467395841e+00
8.208196026893952890e+00
8.126218534695604845e+00
8.044309381085136934e+00
7.959106255219214887e+00
7.888316376548674569e+00
7.796366172635720737e+00
7.727579662886758349e+00
7.654326549420754411e+00
7.577254793089297280e+00
7.504252736353212327e+00
7.439326677367919416e+00
7.362212336829139225e+00
7.298924551759329304e+00
7.224688483298653097e+00
7.160377689637243748e+00
7.086643917072150245e+00
7.023237207904458046e+00
6.956632461812761292e+00
6.899410530614356496e+00
6.836485996324983105e+00
6.771917559620407090e+00
6.705573498064445026e+00
6.645258287278314135e+00
6.577983037258188226e+00
6.510358734159833460e+00
6.453464832363857262e+00
6.397183873380224206e+00
6.349505809963577718e+00
6.289457907279332183e+00
6.232659005146059528e+00
6.176879886020389065e+00
6.119038487163682483e+00
6.079011348179644614e+00
6.025627834204998479e+00
5.959644176169401675e+00
5.911986160402496360e+00
5.857195910066366196e+00
5.810366984974178806e+00
5.772493563075032696e+00
5.728876716043385997e+00
5.685508385921518304e+00
5.644425469554132491e+00
5.593963582275642388e+00
5.554478868945604830e+00
5.515017847220103242e+00
5.473658309318125248e+00
5.442622405476868153e+00
5.409394336967832118e+00
5.370443314624329112e+00
5.336970218457281590e+00
5.305016348293672301e+00
5.279768305261516304e+00
5.246970119523918896e+00
5.219609964483727715e+00
5.192711749579757452e+00
5.161013095587906108e+00
5.135128740531702540e+00
5.108916696833653681e+00
5.093421693994766741e+00
5.071491641561603814e+00
5.058387617632332578e+00
5.041170133484734528e+00
5.029259633221146331e+00
5.022371893024279110e+00
5.010891407521234520e+00
4.998719675207717650e+00
4.996002697178886898e+00
4.994041242533260316e+00
4.997675042651179567e+00
5.006722423092772267e+00
5.021367510004590251e+00
5.042095811830626495e+00
5.057330416153288155e+00
5.081730054380993344e+00
5.116098346136924491e+00
5.165969508544852040e+00
5.219385222635334998e+00
5.295424584351065889e+00
5.373612068231320649e+00
5.459803867878185279e+00
5.556022512933446400e+00
5.686261536760462754e+00
5.815545510086748138e+00
5.969425437454548344e+00
6.143635288915699988e+00
6.303564556356933579e+00
6.467677253401941329e+00
6.588896855815416842e+00
6.681185602210462093e+00
6.668243421241641045e+00
6.601772567671206460e+00
6.412771874521341786e+00
6.104065878782421350e+00
5.703806106001138687e+00
5.197642867349916429e+00
4.629123407933446899e+00
3.988312140805646777e+00
3.357552996707252380e+00
2.754820654867216945e+00
2.179921905251426928e+00
1.684868030676928585e+00
1.260780556754778292e+00
9.201352294314548708e-01
6.453086579785021204e-01
4.350575402685434856e-01
2.889609495532394212e-01
1.835999329889857479e-01
1.160568574387701168e-01
6.891005180059193991e-02
3.976381952705670270e-02
2.290333776042237368e-02
1.244198722164798106e-02
6.522319675863968470e-03
3.186691335669409545e-03
1.599195720357040598e-03
8.439262102130100276e-04
5.727385408907382765e-04
2.353574932106113256e-04
2.790992040484188328e-04
1.260731540018896477e-04
1.294529103830334242e-04
1.877199040504870151e-04
1.150532908817531439e-04
8.941062212889742944e-05
6.267580976546425564e-05
1.775818673325891921e-04
6.678811576862897503e-05
7.271763604123181049e-05
5.909087861284434304e-05
1.598753578184484514e-04
5.135481536081935172e-05
5.714109614920421317e-05
7.557088390925569476e-05
1.145958398406396830e-04
