1.292576926888453954e+02
1.305959223296316338e+02
1.305219124039382734e+02
1.304006043894138713e+02
1.301139775844154940e+02
1.297284802132506059e+02
1.292455934003002085e+02
1.285428278396656196e+02
1.277287508452136535e+02
1.267776320250656426e+02
1.256586757557443974e+02
1.243850431061226942e+02
1.228990754798837202e+02
1.212785221280080634e+02
1.195214084589905639e+02
1.175659333327154599e+02
1.154345710522385247e+02
1.132079729149748601e+02
1.108633727910960829e+02
1.083362597767910387e+02
1.057526978316519575e+02
1.030771753794138590e+02
1.002691540977264424e+02
9.743864726932467590e+01
9.455280657933326438e+01
9.161995758244626131e+01
8.869926335247711791e+01
8.574922780282213353e+01
8.282101742994079530e+01
7.991575536149321124e+01
7.701861004286264745e+01
7.417464013952930202e+01
7.138281780228781770e+01
6.865708680555528076e+01
6.599284896390034305e+01
6.340848464114888827e+01
6.084700504727920389e+01
5.841649798083300027e+01
5.604740997511867562e+01
5.377236696153866546e+01
5.155462440909145272e+01
4.944445217972194229e+01
4.739541530400876468e+01
4.543458805604799267e+01
4.358157542787052563e+01
4.179063286975724623e+01
4.009030344773135823e+01
3.848684031108536630e+01
3.692265586818879086e+01
3.545632759739399376e+01
3.406710689268786041e+01
3.273930765431659040e+01
3.150131790529768239e+01
3.032786785816036357e+01
2.921179804383427836e+01
2.816799911362532782e+01
2.717914309486837254e+01
2.626317937120458978e+01
2.541218538157409057e+01
2.460336935174483131e+01
2.384656833672650222e+01
2.316835023319193354e+01
2.252669498297230533e+01
2.192331765067582694e+01
2.138027367682015267e+01
2.088314870212020224e+01
2.043304733309842902e+01
2.001069080446096393e+01
1.962391874206433329e+01
1.926892643720687559e+01
1.896344337326526386e+01
1.867014331567204621e+01
1.841208481101784855e+01
1.818658402957953513e+01
1.797776141792483884e+01
1.779370548202293989e+01
1.761371832074494037e+01
1.746805023849528027e+01
1.734074585944310698e+01
1.721404218024367339e+01
1.711189742471712449e+01
1.701260728029430780e+01
1.693261257256381214e+01
1.686419989737785485e+01
1.678832488584642491e+01
1.676394511148747313e+01
1.668829190270561469e+01
1.664579033789535245e+01
1.659889585426491010e+01
1.655188218690454960e+01
1.651399540678701428e+01
1.646852833865624177e+01
1.642971569449744251e+01
1.640301405540149915e+01
1.635755665212248644e+01
1.633236689415450016e+01
1.628539580613788473e+01
1.624551903404709208e+01
1.619714490086253988e+01
1.615733178839501250e+01
1.609234550895376259e+01
1.604110507863677171e+01
1.597256741527881907e+01
1.592011582313312346e+01
1.585400135194261928e+01
1.578797702625807808e+01
1.573392799548390819e+01
1.565083232749667452e+01
1.558745501314600368e+01
1.550007343530240966e+01
1.541983230898363644e+01
1.532863671001460837e+01
1.524284798217316528e+01
1.514289983682748364e+01
1.505522423713571456e+01
1.495564475821124262e+01
1.485334751858479407e+01
1.474517801962792873e+01
1.464445315518726964e+01
1.454200158827006817e+01
1.443713332526385784e+01
1.432593400145156437e+01
1.421120574459847496e+01
1.409123251142187172e+01
1.398109868468923622e+01
1.386412909564872642e+01
1.373769130971696661e+01
1.361574398415783982e+01
1.349213610972381261e+01
1.338915620982233001e+01
1.325508714912252373e+01
1.313965391067581123e+01
1.301813574642356919e+01
1.288709030496991303e+01
1.275723164383735941e+01
1.262058181864106032e+01
1.249780678107506660e+01
1.237194005668991181e+01
1.225035946112540053e+01
1.212523117785652538e+01
1.200309925081415230e+01
1.187238039862778471e+01
1.174116830424302194e+01
1.161359000506086403e+01
1.149956219260477397e+01
1.136706137243244363e+01
1.124694626085046245e+01
1.113236491733955091e+01
1.100808085439105888e+01
1.088827188157786985e+01
1.076333554492642541e+01
1.064198775920602991e+01
1.052885326505121277e+01
1.041373216919600964e+01
1.029920093704842898e+01
1.017956430413242863e+01
1.005981093831360340e+01
9.948847195961409540e+00
9.848809935773411794e+00
9.740137025403479143e+00
9.636040679903494777e+00
9.511171798532208399e+00
9.407713240633407636e+00
9.299002255209618539e+00
9.190855835150513187e+00
9.087766952295270428e+00
8.994723949788344441e+00
8.891572900944286317e+00
8.797922019639777602e+00
8.699109082834588946e+00
8.602042515969110070e+00
8.496140979851285024e+00
8.405979258318742708e+00
8.305882787331938744e+00
8.215409442471960588e+00
8.125123962449530168e+00
8.038464257183173700e+00
7.947186431640552051e+00
7.866514306722415917e+00
7.780569682725602121e+00
7.693191981046563654e+00
7.608586167916655540e+00
7.522252741683688626e+00
7.451642324630585179e+00
7.370959531619316607e+00
7.287099995753830939e+00
7.209885202141271598e+00
7.135207801229423552e+00
7.061459803643326261e+00
6.992366276681423187e+00
6.923861141420072585e+00
6.850435251990954377e+00
6.782331755177842147e+00
6.722523981498347290e+00
6.654221767249206998e+00
6.583829832677212224e+00
6.519658195786178112e+00
6.454127429881030054e+00
6.394273544558220834e+00
6.329129956352214315e+00
6.278096511132186919e+00
6.220905494565765359e+00
6.164183521022398971e+00
6.109683110792603955e+00
6.059150572762721509e+00
6.001004241717358134e+00
5.955327730625867844e+00
5.907076985368298061e+00
5.860910124455888770e+00
5.807011088977257707e+00
5.761938999717433951e+00
5.723244422218865424e+00
5.679092589972747795e+00
5.634314592824214429e+00
5.595045121490127116e+00
5.558326539997425542e+00
5.518580768981741436e+00
5.483023302215668693e+00
5.455033300961884990e+00
5.425081414687964454e+00
5.392007019888195529e+00
5.360916013829410076e+00
5.327018427559071512e+00
5.295184564155836604e+00
5.268724022536641627e+00
5.256611088808211818e+00
5.228579810406598583e+00
5.207669093377059966e+00
5.188405471336510644e+00
5.169337378297415242e+00
5.158038608160698146e+00
5.148838713402962952e+00
5.146483224609659679e+00
5.146655129165285558e+00
5.146198238297882810e+00
5.154383669503861398e+00
5.157716105485127933e+00
5.175943900831043720e+00
5.200608194184799693e+00
5.232592789870169625e+00
5.268299194984138012e+00
5.315756707452237606e+00
5.363325418283541701e+00
5.436387190750489928e+00
5.509368425752553478e+00
5.587771297949883476e+00
5.699017085652384296e+00
5.827811080134576827e+00
5.966110902734929056e+00
6.117104662168356910e+00
6.296735618056522377e+00
6.475492785063882373e+00
6.632890095934271812e+00
6.764152248596979611e+00
6.812079116288158431e+00
6.831254952794147961e+00
6.744719218462705612e+00
6.549490942412780292e+00
6.222427756473836169e+00
5.802285168423420458e+00
5.297005665436801181e+00
4.717147316990627282e+00
4.082782889095445178e+00
3.452150548420225729e+00
2.825501136533501878e+00
2.239923987809258055e+00
1.718297664580556328e+00
1.288967659147197686e+00
9.326905985104126939e-01
6.579832841307506897e-01
4.479153781772361453e-01
3.012189139163928830e-01
1.939998869682681149e-01
1.216324377092733305e-01
7.354852107977243036e-02
4.303675978092671994e-02
2.483481288689272024e-02
1.244435074100199053e-02
6.874813302927058022e-03
3.380521795439295207e-03
1.881553131366509035e-03
7.456310567933598001e-04
3.970564975200518640e-04
2.387080125310497847e-04
1.810360318611604717e-04
1.836213748718722822e-04
1.626313758379425501e-04
1.574504015705641873e-04
1.552205760602835079e-04
1.071222507542379798e-04
1.393065730454327584e-04
9.071876004624396716e-05
7.716805965951280743e-05
6.247581284011094851e-05
7.389192233623820207e-05
1.597708777036663621e-04
1.004736395601679125e-04
9.324161309821733345e-05
1.129974311930566182e-04
1.058116411335093405e-04
