1.794638787508259270e+02
1.824493312602414221e+02
1.827077008311074167e+02
1.828167082546253823e+02
1.827824913220522376e+02
1.826425434073982217e+02
1.823816022246222701e+02
1.819928903793626489e+02
1.815238583477047030e+02
1.809126473570438236e+02
1.801886872971555249e+02
1.793243642971472411e+02
1.783188121981187351e+02
1.772084739633993991e+02
1.759704648635184299e+02
1.745863639647605794e+02
1.730847895520585098e+02
1.714654921444558511e+02
1.697460814338314492e+02
1.678885078506513082e+02
1.659715587791339999e+02
1.639356466586576744e+02
1.617971957498031372e+02
1.595875777489718530e+02
1.573242662517888846e+02
1.549868742446215322e+02
1.526499035114549372e+02
1.502349955087638307e+02
1.478472951723966844e+02
1.454243793710795387e+02
1.430016419793734030e+02
1.406518363926892619e+02
1.383038711586642080e+02
1.359870685558217076e+02
1.337237039812525552e+02
1.315225790456013613e+02
1.294070784892113863e+02
1.273378964906239474e+02
1.253718502903226550e+02
1.235072965387285535e+02
1.217214379636554327e+02
1.200583104447483294e+02
1.184946795350237068e+02
1.170062128202219611e+02
1.156696325011829884e+02
1.144070352349383342e+02
1.132736693271576058e+02
1.122465725172684614e+02
1.112695576595514524e+02
1.104287217343340899e+02
1.096857012790496810e+02
1.090003590265053219e+02
1.084169118686792643e+02
1.078883403396162493e+02
1.074109833210913081e+02
1.070303926563709780e+02
1.066915768188702742e+02
1.063701244618777508e+02
1.060967349997330729e+02
1.058767526894058193e+02
1.056746556155568300e+02
1.054953318229312202e+02
1.053023555601847505e+02
1.051308722095658794e+02
1.049757548245646177e+02
1.048370844497578673e+02
1.046811770050896371e+02
1.044967886977492242e+02
1.043489003341317414e+02
1.041638644734089070e+02
1.039780895908278637e+02
1.037892928663361687e+02
1.035630021761123629e+02
1.033653342213248152e+02
1.031131862938566712e+02
1.028424633595906243e+02
1.025545661025617079e+02
1.022527393441718999e+02
1.019181624789705864e+02
1.015855750020818391e+02
1.012191674564250974e+02
1.008396673323970276e+02
1.004548778442962060e+02
1.000410622781438832e+02
9.960568987713264733e+01
9.916417949920283093e+01
9.868763680671968075e+01
9.822824120578464147e+01
9.772949250104979058e+01
9.724034421664887873e+01
9.673225309636704594e+01
9.619734612772981563e+01
9.565036743160936794e+01
9.511056767137635859e+01
9.453208155539245183e+01
9.400786538274942927e+01
9.340900011647924828e+01
9.282674042870431208e+01
9.222762438082061465e+01
9.163461177030156080e+01
9.102567673588909258e+01
9.042515699085329572e+01
8.982982603164116142e+01
8.922600767332008331e+01
8.860872480521400973e+01
8.799549383867466190e+01
8.739117869184751441e+01
8.676563176421576884e+01
8.617293453107005519e+01
8.556143807483408636e+01
8.494865168399903155e+01
8.434536155239725019e+01
8.373875078099268876e+01
8.310974275773605768e+01
8.250279167493590649e+01
8.188710385569814321e+01
8.127705800569195560e+01
8.066945521465537183e+01
8.007292727988448178e+01
7.948252686539962042e+01
7.890536952690837325e+01
7.830001320791663488e+01
7.771318014589671463e+01
7.716176786366864349e+01
7.659127698478235402e+01
7.601883642035083710e+01
7.545400565463096143e+01
7.489976604298284713e+01
7.434661856161461913e+01
7.379257199287819446e+01
7.322453373777291574e+01
7.269270507091341926e+01
7.216782739820600057e+01
7.164833913846430846e+01
7.112613391875878222e+01
7.062306870317065943e+01
7.010476641936497799e+01
6.961137240045592023e+01
6.909557845638853735e+01
6.859055277693018127e+01
6.809178183840971599e+01
6.760883308172975603e+01
6.714090403119104167e+01
6.666525165610397607e+01
6.619378195373052165e+01
6.572843484257315083e+01
6.526460118138614064e+01
6.481456003836555624e+01
6.436505623912852059e+01
6.392008560276629225e+01
6.349204135320174203e+01
6.305373379294540115e+01
6.263187851428736508e+01
6.222211297124276541e+01
6.181968459106212777e+01
6.142018156332380840e+01
6.102495041949023857e+01
6.062376698811736730e+01
6.024833981192487897e+01
5.985457733343295672e+01
5.947979327700841168e+01
5.910903094385660239e+01
5.874778825952555650e+01
5.839685215649773653e+01
5.803740185629323634e+01
5.768770709095493032e+01
5.734856322780724014e+01
5.701148070867603934e+01
5.667309018419051370e+01
5.635016134034337654e+01
5.601905865526641293e+01
5.569686459568913506e+01
5.538565591418012701e+01
5.507724004311504018e+01
5.478178412235028105e+01
5.450269316215966597e+01
5.419683519210297362e+01
5.391272155472195493e+01
5.363679832533854608e+01
5.335847124765867022e+01
5.309809522629305434e+01
5.282325972163290118e+01
5.256865342710198519e+01
5.230623523782054463e+01
5.205002241316208966e+01
5.181280526357128480e+01
5.157743210348357366e+01
5.133189043500167514e+01
5.110779162115063912e+01
5.089011600930107448e+01
5.067726640013146522e+01
5.046220895484135838e+01
5.024651487632430502e+01
5.004672122767387776e+01
4.984698473537714847e+01
4.966406640627706537e+01
4.948086202462655336e+01
4.929755068965583575e+01
4.912981638035505938e+01
4.895118152873928352e+01
4.878780853450057720e+01
4.862862335689266757e+01
4.848302835189450377e+01
4.833341046179273093e+01
4.820823351019708980e+01
4.807668328447557826e+01
4.795115289804201808e+01
4.784137409984025169e+01
4.772465191850619703e+01
4.762980659002591466e+01
4.752456444018185522e+01
4.744866290234165263e+01
4.735711822698159068e+01
4.728424111424727982e+01
4.721927423409384517e+01
4.716916250163473734e+01
4.712196405326429982e+01
4.708972453772145172e+01
4.706852173240292814e+01
4.705592973794752965e+01
4.705465583103334382e+01
4.706857134286792643e+01
4.708318895227965584e+01
4.712527997561352322e+01
4.718063198801081626e+01
4.724209982594610580e+01
4.732672415987358505e+01
4.743525606905730285e+01
4.756045266969145047e+01
4.769013346354685723e+01
4.783982656747190276e+01
4.803676895370451660e+01
4.824601576083271226e+01
4.847994186768308822e+01
4.876538907139783419e+01
4.907695664053947127e+01
4.943516577034639425e+01
4.984183432801360425e+01
5.030682804095727079e+01
5.082969366014516055e+01
5.142057593678506322e+01
5.209769011435279396e+01
5.288430319887508091e+01
5.379143293998123454e+01
5.482064456649273865e+01
5.604205068619372554e+01
5.741255190453540536e+01
5.900064641425866085e+01
6.078390050650671128e+01
6.273754503149187656e+01
6.484043788169979905e+01
6.691304389213770776e+01
6.886812374535684000e+01
7.048486347507967764e+01
7.150951612896963638e+01
7.175873214663475608e+01
7.097899389532490488e+01
6.904807797510362377e+01
6.595382200294605468e+01
6.159116924073365595e+01
5.621496574072688901e+01
5.001729383631850823e+01
4.340908705412667246e+01
3.659591265569321195e+01
3.002795286025871135e+01
2.391085471722947275e+01
1.845252505631844997e+01
1.383493277736201499e+01
1.005218808803535779e+01
7.081759421334307802e+00
4.825939417387345998e+00
3.193935952519325827e+00
2.042966757354288010e+00
1.270756398348277916e+00
7.668094531350274634e-01
4.477033604421947754e-01
2.521400349711187538e-01
1.407236100440647508e-01
7.426142235677511694e-02
3.833872426353541335e-02
2.013726573759559019e-02
1.173291240060613840e-02
6.383808785202336675e-03
3.802594953585339017e-03
3.043278673952219942e-03
2.246533240267317971e-03
2.363387306421073190e-03
2.257018897264415937e-03
2.184984260674354990e-03
2.004402029808355183e-03
1.984786708365650094e-03
1.917127073191165609e-03
1.781589486261590327e-03
1.744736300284734131e-03
1.599345398428479292e-03
1.534295372793276040e-03
1.547532989140011552e-03
1.550017090165597966e-03
1.712306991991621469e-03
1.633815811205767540e-03
