1.293396308653294398e+02
1.307473987165948301e+02
1.306970566913611549e+02
1.305797698084368506e+02
1.302974456264896048e+02
1.299180734573617713e+02
1.294374776624738104e+02
1.287415272709331475e+02
1.279314065574726555e+02
1.269839547006866098e+02
1.258685141394218761e+02
1.245978846074528263e+02
1.231127242263820420e+02
1.214975945043810839e+02
1.197408642878969403e+02
1.177883367289485079e+02
1.156618505177482632e+02
1.134374675844964173e+02
1.110986398093292422e+02
1.085746894384404442e+02
1.059978043435193200e+02
1.033275074605189729e+02
1.005317816754233888e+02
9.771402282226739544e+01
9.483719129574213014e+01
9.192278900278162723e+01
8.901986467197032482e+01
8.609332602518325928e+01
8.319340041730255564e+01
8.032265048504794436e+01
7.746636340980573721e+01
7.467768439750459208e+01
7.194167968961281190e+01
6.928678823179022572e+01
6.670938867499999958e+01
6.422450517038426199e+01
6.177816703019844624e+01
5.947953840602551168e+01
5.726349583792034537e+01
5.516496989315297839e+01
5.314563616457679984e+01
5.125657122095839924e+01
4.945295584778068587e+01
4.776847855514562013e+01
4.620767715371524531e+01
4.473389520170167089e+01
4.337958147334089887e+01
4.213666326211144764e+01
4.095933359940277541e+01
3.988559290520950640e+01
3.892729972029984253e+01
3.803242577123455703e+01
3.722268001287658024e+01
3.650888091446055483e+01
3.584536628139257175e+01
3.525429383382046211e+01
3.474114820806102699e+01
3.427044701868564403e+01
3.386438139269335323e+01
3.349585986758271616e+01
3.315945090371597814e+01
3.288525277665920044e+01
3.264642992946836841e+01
3.242521351358542603e+01
3.224237132175929332e+01
3.208100283135556197e+01
3.193660001073860499e+01
3.180061695471199101e+01
3.167358637937448052e+01
3.155090078245848417e+01
3.145411032096793136e+01
3.136076065928985557e+01
3.125573331914428366e+01
3.117536642133361724e+01
3.107034555853654822e+01
3.096967809523145476e+01
3.085774585552927363e+01
3.075008115534567210e+01
3.063652263312703994e+01
3.050510450638830662e+01
3.036834923653966811e+01
3.023173684626817703e+01
3.007530971844163048e+01
2.994067213249703130e+01
2.974854523647162807e+01
2.959061047931512078e+01
2.939412628673017025e+01
2.920887508388194931e+01
2.901159929132295900e+01
2.879660838283598423e+01
2.859067679610517132e+01
2.835817688227527711e+01
2.812588020124369237e+01
2.788857584570844850e+01
2.764190479574931913e+01
2.739859575943814463e+01
2.714396884478628635e+01
2.687446851510968315e+01
2.657598599915703019e+01
2.629709658130175498e+01
2.598891601877080149e+01
2.572642021108832466e+01
2.544417710933420551e+01
2.516572133720748994e+01
2.487290343145529548e+01
2.457214191204143816e+01
2.427336379140615463e+01
2.396135557918912795e+01
2.367853061006301019e+01
2.336955279049773893e+01
2.307289622868928802e+01
2.278049994736081985e+01
2.249029193922049430e+01
2.220226892766853055e+01
2.192068277423580369e+01
2.160501310001644981e+01
2.131998401714695746e+01
2.102682557101879013e+01
2.072897291369736195e+01
2.045153698925342667e+01
2.016879258718755352e+01
1.987381718928615371e+01
1.959377811911205569e+01
1.931901964855690679e+01
1.903659749796820932e+01
1.875963601304425055e+01
1.848910648210181051e+01
1.822896047516001516e+01
1.796392477469311899e+01
1.770619491239388665e+01
1.743153802719380963e+01
1.718225577080415434e+01
1.692835307576590154e+01
1.668739907091690355e+01
1.644350829368664080e+01
1.618706806190311909e+01
1.594898280335797125e+01
1.572080804593861103e+01
1.547430670426951593e+01
1.525980495226879974e+01
1.502760562942259881e+01
1.480724911929832643e+01
1.458377649986909574e+01
1.436553590434292893e+01
1.416113467059201625e+01
1.394031244019667248e+01
1.374842817770938019e+01
1.355237293057143688e+01
1.335760540680752939e+01
1.316426370996567918e+01
1.296938243197898011e+01
1.277888649060494330e+01
1.258266720030870722e+01
1.240676760901179598e+01
1.222479862036804299e+01
1.204408757326503654e+01
1.187373247183859348e+01
1.170889551730619615e+01
1.154862457741465853e+01
1.137604735667506795e+01
1.120910672802064134e+01
1.104790187709861371e+01
1.089926565397116853e+01
1.074753533034688857e+01
1.059451671648356630e+01
1.044741787161264135e+01
1.030786912598543736e+01
1.016584219866328809e+01
1.003460822999477386e+01
9.901623914535674587e+00
9.762366425866881414e+00
9.622944819533991279e+00
9.500423340851234855e+00
9.369616147234207659e+00
9.255961156553691893e+00
9.131241823132667079e+00
9.016325274999770656e+00
8.898714775219559669e+00
8.782732283282610908e+00
8.681186901715895132e+00
8.566889131131270929e+00
8.453608849189347296e+00
8.352957536155978246e+00
8.244041904807090759e+00
8.145060254053937854e+00
8.050879894652300806e+00
7.959135216246876254e+00
7.857642396456665068e+00
7.753448451972669631e+00
7.662949419787360661e+00
7.579449633653792873e+00
7.487271218457156152e+00
7.403172913110918074e+00
7.322823508539133996e+00
7.246379422644774415e+00
7.156444857931798964e+00
7.081610666691428690e+00
6.999817971761028268e+00
6.920577130280435085e+00
6.843581997479001977e+00
6.766025155989660256e+00
6.697881026710900798e+00
6.628790338420206041e+00
6.569271350072489746e+00
6.496421547917027972e+00
6.431361646081010797e+00
6.372115853656497464e+00
6.313021503388881683e+00
6.250890259941418670e+00
6.191749735114474795e+00
6.130212844556404583e+00
6.082085802323287993e+00
6.035349458352559537e+00
5.984325422181023590e+00
5.935757030629449815e+00
5.889966260952253840e+00
5.850308764622443647e+00
5.810763103576998212e+00
5.762201843369338050e+00
5.715292869756619432e+00
5.677670640663968094e+00
5.643437012616130843e+00
5.606606958744426272e+00
5.571054962153236367e+00
5.542537513809899785e+00
5.523376065616806052e+00
5.507072976272967324e+00
5.476818888241218097e+00
5.455337929228941896e+00
5.440657250790132515e+00
5.421473569029735096e+00
5.408312955043381720e+00
5.392795911369224093e+00
5.383476585408465631e+00
5.383551187709802122e+00
5.381731454489959710e+00
5.390287406121690772e+00
5.400839852272635966e+00
5.418140685910151966e+00
5.444793004128667846e+00
5.479682032536301151e+00
5.522266862500044837e+00
5.572854386021693252e+00
5.632079136454397172e+00
5.704332785680890083e+00
5.789878179940084912e+00
5.900735905600918763e+00
6.035560583488808639e+00
6.176309328319297798e+00
6.337722837200595372e+00
6.521474907899068363e+00
6.696732565864092379e+00
6.863874284343586929e+00
6.984327192521757155e+00
7.060650975029501453e+00
7.067176777972942858e+00
6.968576807321773536e+00
6.745740216639307008e+00
6.416612332479821212e+00
6.009350395450989701e+00
5.463070397730916739e+00
4.847168991342186928e+00
4.198656009717120163e+00
3.528964899997744098e+00
2.894054338310120933e+00
2.303963695523432609e+00
1.771423355210572481e+00
1.335747543263197334e+00
9.733811633131053132e-01
6.831737912660982293e-01
4.649636678933133371e-01
3.066370845064751993e-01
1.971535906247036396e-01
1.233483672212087184e-01
7.331397664816242943e-02
4.268595284384810867e-02
2.510103876661085726e-02
1.428865659327911014e-02
7.851818226087473387e-03
3.101858823177870358e-03
1.877742426599848281e-03
9.084631257976698944e-04
2.722479365313313108e-04
3.114379619667478156e-04
1.410771110578329379e-04
2.092187719916852875e-04
1.574226297799284819e-04
1.243638084649100102e-04
1.208055420020575401e-04
7.993888383975964623e-05
4.641315789683557799e-05
1.013503187973095927e-04
8.941164682629178912e-05
9.559851837353466420e-05
9.630926836972580429e-05
1.414706352311179095e-04
9.498664793758757757e-05
6.705240160914055037e-05
1.393574240984263811e-04
8.895009655092896161e-05
