1.791130441573779990e+02
1.818028497175395444e+02
1.819534329226840441e+02
1.820054316939618957e+02
1.819413116388989238e+02
1.817740603207229526e+02
1.814859538102772376e+02
1.810773786721058229e+02
1.805936637768552373e+02
1.799596190264630025e+02
1.792149668943309280e+02
1.783376280780194918e+02
1.773084275140473096e+02
1.761857588575783495e+02
1.749316482734020042e+02
1.735250771871834274e+02
1.720057297827254104e+02
1.703623031801112973e+02
1.686135142049367346e+02
1.667339244069949586e+02
1.647770568306274868e+02
1.626967801698277754e+02
1.605169151297274652e+02
1.582471283292930195e+02
1.559295386136070647e+02
1.535112716950136189e+02
1.510874176004837466e+02
1.485599123613652068e+02
1.460386174416867675e+02
1.434687588548346469e+02
1.408745681220505901e+02
1.383092025076416576e+02
1.357178001583332332e+02
1.331178709094947692e+02
1.305370523950450945e+02
1.279731328037549645e+02
1.254305553380664833e+02
1.229000753343739376e+02
1.204008349100399755e+02
1.179628945359886671e+02
1.155279098474309478e+02
1.131612740246000470e+02
1.108221871096540383e+02
1.085104757195047824e+02
1.062711286697175268e+02
1.040594731399271922e+02
1.019266169040490269e+02
9.982623495186246032e+01
9.775432744266333884e+01
9.575173842259201251e+01
9.381431497644256012e+01
9.189640138030225103e+01
9.005551333311511542e+01
8.824334181967351753e+01
8.646959445415076573e+01
8.477598345244179256e+01
8.311120881483664391e+01
8.146591681976330790e+01
7.988011990581071586e+01
7.834592638094460426e+01
7.685496801760554320e+01
7.540609495263235829e+01
7.398916265381070900e+01
7.260753145426022570e+01
7.127776101302019640e+01
6.998781240696020234e+01
6.872667740404446590e+01
6.749279720237514368e+01
6.631299019296602637e+01
6.514810784238359531e+01
6.403398587685026655e+01
6.294821397218445469e+01
6.188160117387892711e+01
6.088732142487044285e+01
5.989644418213386956e+01
5.893977841591489408e+01
5.801169634777665607e+01
5.710627702621651736e+01
5.624887575548001450e+01
5.542524547091023379e+01
5.461389283655243077e+01
5.384486809392950590e+01
5.310237315014712323e+01
5.238909945670719281e+01
5.171477706035086186e+01
5.107127921584372388e+01
5.042395138454569548e+01
4.983762036302145759e+01
4.927074321467095075e+01
4.874414003667733652e+01
4.823215442598561253e+01
4.773623505157896574e+01
4.727470781511142661e+01
4.683578633657109691e+01
4.642690591656972998e+01
4.605726422022403455e+01
4.568470560926281365e+01
4.534933795552597502e+01
4.502375241968391606e+01
4.472313667229894918e+01
4.445441624956438886e+01
4.420403363781985462e+01
4.397547673700915993e+01
4.376555377131494851e+01
4.356257541966365920e+01
4.338723760451236444e+01
4.323601649321355467e+01
4.308147077752917653e+01
4.295406449186022968e+01
4.284465926215875697e+01
4.273971140104580257e+01
4.263695789503202604e+01
4.256637922118089534e+01
4.248946029379070666e+01
4.242336705910954464e+01
4.236747451501482686e+01
4.231340007987665786e+01
4.228257365385520927e+01
4.225672098943855559e+01
4.222013827414483700e+01
4.221731125391050199e+01
4.219697061504125202e+01
4.217907971207250739e+01
4.218792033750852255e+01
4.218107033751718404e+01
4.217980964508256392e+01
4.218169841510765394e+01
4.219496247760667984e+01
4.220108180128614350e+01
4.220529926519494524e+01
4.221581913237223205e+01
4.222939592626254779e+01
4.224602173897397961e+01
4.225993587508357052e+01
4.225926512191741580e+01
4.228389256462791934e+01
4.229507708656353060e+01
4.231238445883546717e+01
4.231281676682928605e+01
4.231507973592923122e+01
4.231526687465667180e+01
4.233040170691189275e+01
4.232580385522176414e+01
4.233839713645250669e+01
4.235206166632468694e+01
4.234055132773422514e+01
4.234314337117415050e+01
4.234415153977518287e+01
4.231692157894607931e+01
4.232177560387065540e+01
4.230563902165417289e+01
4.228822075559799742e+01
4.228077341776864273e+01
4.227406137100410888e+01
4.225796079606923428e+01
4.223474371316731890e+01
4.221622458072035045e+01
4.218488408599328210e+01
4.216150612768634431e+01
4.213568824896085374e+01
4.211099176725149107e+01
4.207333120509984781e+01
4.204349771628628929e+01
4.201772846840005826e+01
4.197170965648426488e+01
4.194615163849909578e+01
4.192428991394834981e+01
4.189664891423268500e+01
4.184817542449354022e+01
4.181787091123496225e+01
4.178033322623719670e+01
4.173284664720521420e+01
4.170393446468596466e+01
4.166355778746426353e+01
4.161918910107829817e+01
4.157916174550899768e+01
4.152776820651053669e+01
4.149167841190235606e+01
4.144861030121326451e+01
4.141689486897386985e+01
4.136103267447775522e+01
4.131837830993928407e+01
4.127777023472695106e+01
4.124714354513899650e+01
4.119967344841226975e+01
4.116358422220888968e+01
4.112167523380380629e+01
4.107508593942374375e+01
4.104382222701480742e+01
4.100112398963330662e+01
4.096752487776721807e+01
4.093170883187266185e+01
4.090522142835184383e+01
4.087890845280348628e+01
4.083770068877268500e+01
4.082454168135358685e+01
4.079109882669737175e+01
4.075781164618458519e+01
4.073724156437015864e+01
4.071411255117242689e+01
4.069624359766812915e+01
4.067177794459323792e+01
4.066695258468135421e+01
4.065811142319811466e+01
4.066209108644846282e+01
4.065411906206350778e+01
4.064320717053858800e+01
4.065586433116513376e+01
4.066177002253385808e+01
4.067659697912034034e+01
4.068164097304282478e+01
4.071252645223600553e+01
4.074128186911602967e+01
4.077525512929369000e+01
4.081673151022537382e+01
4.085854923873621658e+01
4.089978916711954327e+01
4.095335374883042334e+01
4.101818844410441045e+01
4.110258000124523647e+01
4.118621972760583816e+01
4.127960567590833563e+01
4.137313144556757294e+01
4.149103370066060137e+01
4.161886763259204258e+01
4.176082086940160565e+01
4.190312054751738202e+01
4.207908720087650778e+01
4.226459620295641173e+01
4.245943135670759716e+01
4.267520201671740665e+01
4.290939327984929008e+01
4.317803848848704718e+01
4.346553130472511128e+01
4.378372322518320914e+01
4.414233109009570910e+01
4.454103966669341474e+01
4.498521561546521497e+01
4.546417855074590619e+01
4.600169221832967281e+01
4.659036790854433008e+01
4.727912155076229794e+01
4.805156242371347730e+01
4.895677842797218204e+01
4.997847561416715223e+01
5.117786708068279466e+01
5.251773199168602702e+01
5.403973818295261822e+01
5.575630660711073006e+01
5.762511772552429079e+01
5.960864685230109217e+01
6.159544654076467651e+01
6.343489657463351961e+01
6.497962380101378699e+01
6.599028426975358741e+01
6.627334091208879840e+01
6.562618050964786676e+01
6.392655987111864846e+01
6.103523124261420918e+01
5.707752536758766126e+01
5.209553782941053157e+01
4.639491036604323426e+01
4.027727577352874988e+01
3.394515535096411440e+01
2.785853095661525458e+01
2.219893916285715108e+01
1.713625804807579556e+01
1.284454368727677753e+01
9.334865668988989285e+00
6.574400813785322484e+00
4.481122634895237766e+00
2.972929365401255630e+00
1.909395140224649845e+00
1.183945042594324093e+00
7.129405066411765857e-01
4.112208010421887772e-01
2.325270444346271559e-01
1.281623330133409844e-01
6.812299792802160858e-02
3.708069653780041164e-02
1.939841304227594293e-02
1.079966661337272184e-02
5.917958314933277446e-03
3.912612804656438910e-03
2.957676540550087992e-03
2.624139650316833529e-03
2.664710945485316597e-03
2.360100903995849923e-03
2.348299730183991702e-03
1.921623124946595512e-03
1.896986935415575755e-03
1.813964473543723272e-03
1.812019081383867310e-03
1.675323482914904509e-03
1.930643245632734104e-03
1.536786676551535552e-03
1.620684752160478272e-03
1.566486073342727905e-03
1.714060985904030830e-03
1.936222029841233247e-03
