1.791738043028248910e+02
1.819268936939727723e+02
1.821187088349470571e+02
1.821980965508484189e+02
1.821446672201710726e+02
1.819855436443056362e+02
1.817075000735086689e+02
1.813025429764497574e+02
1.808257622216823961e+02
1.801997621594973111e+02
1.794590810330157922e+02
1.785853539600374233e+02
1.775669491587993605e+02
1.764489966160734866e+02
1.751988954154636531e+02
1.737958853337366065e+02
1.722817716826077401e+02
1.706417665386788656e+02
1.688976104605123965e+02
1.670174537280804827e+02
1.650647833719983169e+02
1.629900803446633972e+02
1.608136009430464526e+02
1.585489841379769018e+02
1.562326775817181215e+02
1.538182823460933832e+02
1.513929648236392609e+02
1.488726256816777038e+02
1.463514660978873394e+02
1.437822169444845599e+02
1.411931732252624840e+02
1.386302471343277603e+02
1.360435151990543829e+02
1.334468707298490529e+02
1.308672835016785427e+02
1.283075412815089749e+02
1.257684529011193888e+02
1.232451797423372852e+02
1.207520690886184838e+02
1.183139117528505864e+02
1.158828310417155052e+02
1.135274414268554750e+02
1.111940834194839312e+02
1.088930327989167921e+02
1.066618356998024240e+02
1.044670124411431971e+02
1.023498078595436596e+02
1.002650848243997217e+02
9.820792345913724830e+01
9.623293660846121611e+01
9.432047372428314702e+01
9.243696334837032680e+01
9.062790067990094656e+01
8.886038719774255412e+01
8.713467436655567155e+01
8.549739549952207085e+01
8.390361681182861275e+01
8.233400203197626865e+01
8.083534156425621120e+01
7.940072422633792826e+01
7.803121125641006017e+01
7.670736850084178116e+01
7.544149783964766698e+01
7.422638663428135430e+01
7.307622493268452502e+01
7.198047590931527395e+01
7.094465074755022727e+01
6.995098060399186579e+01
6.902380074425900602e+01
6.813348925503046871e+01
6.731971487400637955e+01
6.654336272955505649e+01
6.580987464503581919e+01
6.516459100975018259e+01
6.453972003430179427e+01
6.396839904427597645e+01
6.342822460842285892e+01
6.294078142565702905e+01
6.249848557215584322e+01
6.209872442373183787e+01
6.172321420369303979e+01
6.137530478553865976e+01
6.107635868619610164e+01
6.080137432253950180e+01
6.056337353482715713e+01
6.035608049034361500e+01
6.013137738107899821e+01
5.997787167257754248e+01
5.983195557790258334e+01
5.971703670254704122e+01
5.961008429453949020e+01
5.950636739082404603e+01
5.940345718203676029e+01
5.932651722332096966e+01
5.926276842669037137e+01
5.921297714561745096e+01
5.914485535902134217e+01
5.910354052509661216e+01
5.905279852369343274e+01
5.901566784188148773e+01
5.898829888310726233e+01
5.894627693021863735e+01
5.892524258127816950e+01
5.888715121891491577e+01
5.885429738897131102e+01
5.883901375759786845e+01
5.881510786903879762e+01
5.876706639416087086e+01
5.873613516630658182e+01
5.870373314168725898e+01
5.865096668715337103e+01
5.860100359004575665e+01
5.854376701652601866e+01
5.847383441830025674e+01
5.841584075902590456e+01
5.833748153144195214e+01
5.826579192116799533e+01
5.818206559501244612e+01
5.810879714005624663e+01
5.800664423821879012e+01
5.793156729273385253e+01
5.783093785984767266e+01
5.772010742857214183e+01
5.761701978499307586e+01
5.751824118993987867e+01
5.739137297471088317e+01
5.727470825628515172e+01
5.714755841768702993e+01
5.702982478359268725e+01
5.688683932730735648e+01
5.671619120383545720e+01
5.658687923827986310e+01
5.643415130220157039e+01
5.627663145216008900e+01
5.611256977605924590e+01
5.596600658353864333e+01
5.580361937769721692e+01
5.564570787514327321e+01
5.547932992554006404e+01
5.531540057739082528e+01
5.514291637785268563e+01
5.496684916121363074e+01
5.478148575665967712e+01
5.461791005219172490e+01
5.444015078569975685e+01
5.425017919242495879e+01
5.405870868033698429e+01
5.387663399541354892e+01
5.369733137836266934e+01
5.351583676665524791e+01
5.333793902559349220e+01
5.314443258574826956e+01
5.294930762322631779e+01
5.276511585534809967e+01
5.258240378360323319e+01
5.239726919227971536e+01
5.220719219751534013e+01
5.200799456667107279e+01
5.182215599248554128e+01
5.163655912627085343e+01
5.145082265204109007e+01
5.125259841501474511e+01
5.107343244036918861e+01
5.088832901134518494e+01
5.070106564804027727e+01
5.051975261821732488e+01
5.034720564326954673e+01
5.016684824892182348e+01
4.997175031514785815e+01
4.979766171133637442e+01
4.962213080320199765e+01
4.943849448423362958e+01
4.927143158728889460e+01
4.911402615894677837e+01
4.893758686697191962e+01
4.877830998257124406e+01
4.860878277106080247e+01
4.843866276639021606e+01
4.828899273425668071e+01
4.812301278602976851e+01
4.796947272400412032e+01
4.781058546923343755e+01
4.765361927814115717e+01
4.751090502779519653e+01
4.735590627413156284e+01
4.720563532447230415e+01
4.706752971912125361e+01
4.692372126282344880e+01
4.678650023436458127e+01
4.665409631575472105e+01
4.652042354801253765e+01
4.638390151146028728e+01
4.626700161118904475e+01
4.614844527132189711e+01
4.602779308204268460e+01
4.592135271726075985e+01
4.580710055400436431e+01
4.569740637732132882e+01
4.559462125965282553e+01
4.549922629555548070e+01
4.538900502485752497e+01
4.528595693062128191e+01
4.519632955740679137e+01
4.510762313577624383e+01
4.504346333468824781e+01
4.496693259561028100e+01
4.490173200433853395e+01
4.483218623151374516e+01
4.477249668069312349e+01
4.473605725207163175e+01
4.468792429317380765e+01
4.465042089067046760e+01
4.461898073243661855e+01
4.459566837251654903e+01
4.458602513350164287e+01
4.457057931197864775e+01
4.456854552619357435e+01
4.457022868012848704e+01
4.458156612623536574e+01
4.461104359105421224e+01
4.464156616419148094e+01
4.468268137454050049e+01
4.473476853862899816e+01
4.480884651849983413e+01
4.489739105308834155e+01
4.498661831860542293e+01
4.509974223328406850e+01
4.523295862625796815e+01
4.538570558784548581e+01
4.554436765302012446e+01
4.573761610385032839e+01
4.594700635490468699e+01
4.617832413455654716e+01
4.642719035731638400e+01
4.674302894023116295e+01
4.706319369073830927e+01
4.744474044991250850e+01
4.788531786355822817e+01
4.835264613307955983e+01
4.888764760320648861e+01
4.949326635601435243e+01
5.016946991578691950e+01
5.093340396304262185e+01
5.183861687529005735e+01
5.287863213241132598e+01
5.407714513169730708e+01
5.546207243505515549e+01
5.702101032180073048e+01
5.877246149926945407e+01
6.070626985044481927e+01
6.275474090102449054e+01
6.479292411659734796e+01
6.671966438884875572e+01
6.830349658267483903e+01
6.929374143968770738e+01
6.954386176465118297e+01
6.885346205969401012e+01
6.700658362648088939e+01
6.398139843262758575e+01
5.974763790949258180e+01
5.454932838947213725e+01
4.855506105007440709e+01
4.215365479222964495e+01
3.557459296816152516e+01
2.917897642781175094e+01
2.323816813990094232e+01
1.792217288664163277e+01
1.342855244982886731e+01
9.751188749883256790e+00
6.872527254689779319e+00
4.694112605114376002e+00
3.112562397352588661e+00
1.995115181072450117e+00
1.243969594433005144e+00
7.429987220556588667e-01
4.348639088398639219e-01
2.461720469002848799e-01
1.360345411012342243e-01
7.238520807392390122e-02
3.847001066993400997e-02
2.057205274073481763e-02
1.076115180936076422e-02
6.317237503651281123e-03
4.428973557969663639e-03
3.181778378483799113e-03
2.263840381029765068e-03
2.422838763986404596e-03
2.228826487476319885e-03
2.114681057131946942e-03
1.864487738045855292e-03
1.774167504287695908e-03
1.791299610465128421e-03
1.685737958928064427e-03
1.655095031785480371e-03
1.657644120162705525e-03
1.539670691869444476e-03
1.523316234201536890e-03
1.550568301406922639e-03
1.627666430881227234e-03
1.684174051690247005e-03
