1.791110482522824157e+02
1.817986336093756279e+02
1.819472749333528157e+02
1.819978243991910176e+02
1.819327142029913773e+02
1.817647668688531439e+02
1.814768326535403844e+02
1.810679146404769142e+02
1.805836243745123681e+02
1.799493776493694952e+02
1.792044174896805941e+02
1.783268353736091285e+02
1.772984661439374179e+02
1.761750201669496221e+02
1.749197809891374789e+02
1.735138763820538088e+02
1.719940227661479923e+02
1.703513130764536925e+02
1.686011923874395961e+02
1.667211004605111668e+02
1.647657620543272117e+02
1.626831987974920821e+02
1.605050685666834340e+02
1.582346139301301378e+02
1.559174099005796563e+02
1.534975902868424669e+02
1.510736770331516254e+02
1.485465780708857437e+02
1.460249781442089443e+02
1.434555901173963264e+02
1.408596120530829978e+02
1.382955538089822767e+02
1.357040620005474807e+02
1.331053913719403567e+02
1.305230572517214398e+02
1.279579236038260177e+02
1.254153413876542658e+02
1.228838579013261239e+02
1.203860242594024470e+02
1.179476747720538583e+02
1.155128539819661597e+02
1.131472436317390304e+02
1.108062085480910497e+02
1.084943324353998264e+02
1.062572003629439052e+02
1.040458390425936699e+02
1.019107838500406018e+02
9.981090796346104810e+01
9.773763844559610448e+01
9.573520043743884855e+01
9.379753856766204478e+01
9.188019485215173177e+01
9.003842502429313299e+01
8.822535924520263961e+01
8.645174519074336672e+01
8.475679569297165017e+01
8.309319121868223590e+01
8.144782990320636884e+01
7.986044626802518565e+01
7.832679168234491840e+01
7.683365902914148649e+01
7.538478542191916176e+01
7.396615634689489127e+01
7.258399593557844298e+01
7.125318612234751470e+01
6.996155533605977439e+01
6.869841209084984257e+01
6.746294467257051508e+01
6.627932848845607339e+01
6.511313914420142623e+01
6.399556402678381772e+01
6.290722726523758723e+01
6.183463596554020114e+01
6.083692019572313114e+01
5.984013759517856812e+01
5.887905930960021550e+01
5.794375147606850618e+01
5.703330990798488642e+01
5.616729365331042345e+01
5.533519973313435258e+01
5.451275831854394482e+01
5.373435187708566474e+01
5.298206558607625993e+01
5.225634423672578777e+01
5.156927014546872101e+01
5.091177433321548307e+01
5.025315100888119701e+01
4.965337569169922460e+01
4.907211380512823951e+01
4.852956880856226007e+01
4.800187354570955023e+01
4.749102702173362189e+01
4.700961235947144701e+01
4.655414486898393989e+01
4.612814659300137521e+01
4.574118759459439332e+01
4.535248207645978624e+01
4.499679892644967083e+01
4.465677691429327467e+01
4.433546420105277264e+01
4.404832210068376952e+01
4.378400467767376369e+01
4.353692814172449488e+01
4.331296732732295851e+01
4.309547468218369204e+01
4.290543426043822706e+01
4.273733841249749332e+01
4.256696971270702079e+01
4.242886391079867536e+01
4.230522434592229786e+01
4.218700965762672439e+01
4.207163571826585979e+01
4.198972247320842399e+01
4.189794104337047287e+01
4.182413313945703237e+01
4.175884195898986917e+01
4.169521746177532862e+01
4.165791781866289512e+01
4.162496133577887036e+01
4.158393173015210209e+01
4.157450021949805574e+01
4.154904650626230023e+01
4.152520033555168055e+01
4.152982726120786339e+01
4.151528336816188158e+01
4.151827297572921083e+01
4.151937448924420693e+01
4.153234744313445503e+01
4.153170763671821675e+01
4.153795748991311854e+01
4.154612514007982327e+01
4.156024248204293770e+01
4.157471795527208513e+01
4.158947401077215034e+01
4.159908852291302850e+01
4.161648522803071870e+01
4.163342753746604785e+01
4.165211179265436670e+01
4.165392828809732606e+01
4.166947722161121703e+01
4.166135570142487410e+01
4.168074714224257349e+01
4.168354050887349160e+01
4.169471392462121884e+01
4.172304007104047940e+01
4.171375735835200516e+01
4.171568951038756978e+01
4.172612400216388551e+01
4.171327645898457348e+01
4.171809014317147302e+01
4.171253843510541515e+01
4.169909538331217647e+01
4.169502354671806188e+01
4.169245877221984387e+01
4.168973896406198776e+01
4.167504528451919299e+01
4.166081731703916802e+01
4.163619848140125157e+01
4.162167663089692837e+01
4.159963760111448039e+01
4.158000009382787709e+01
4.154844871106499937e+01
4.152967516579535356e+01
4.151244082870488228e+01
4.147054295365731491e+01
4.144730360365877431e+01
4.143281129017699271e+01
4.140556582786227580e+01
4.137465889604079905e+01
4.135027532478361678e+01
4.131184701688073346e+01
4.126778859832312207e+01
4.125062653032325244e+01
4.122048942982281972e+01
4.118468577791684737e+01
4.114452819642109915e+01
4.110550523652842259e+01
4.108093322309937179e+01
4.103639357085165784e+01
4.101133802149191609e+01
4.096518177953219464e+01
4.092905713354836195e+01
4.089572564034961744e+01
4.086490674457425598e+01
4.082310629389380807e+01
4.079215466841466764e+01
4.076349625288646905e+01
4.071755299989828103e+01
4.068771802712667096e+01
4.065277709643174120e+01
4.062224381310122823e+01
4.057997835818847676e+01
4.056292648641973386e+01
4.054215766648130881e+01
4.051256709249835808e+01
4.049981795385357231e+01
4.047473747231366303e+01
4.044044839931293467e+01
4.042494938841024066e+01
4.040666314961841721e+01
4.039028960099672361e+01
4.037089859272305858e+01
4.036432820752101946e+01
4.036494943160084148e+01
4.037485495812234859e+01
4.038029380340434926e+01
4.037096362895319857e+01
4.039327341135288663e+01
4.040098255636679170e+01
4.042292376605460191e+01
4.043248639028789171e+01
4.045692492884064251e+01
4.048577549583798429e+01
4.052458666936705356e+01
4.057465714069230245e+01
4.062611123737258367e+01
4.067526764928855698e+01
4.072402714150739911e+01
4.078440717646871150e+01
4.086414694872797781e+01
4.095262362875147488e+01
4.104519260397167102e+01
4.114408460499672060e+01
4.126234430912342077e+01
4.139847055104149121e+01
4.154154206375934422e+01
4.168887365345285900e+01
4.186659336522416908e+01
4.205657118948710149e+01
4.225423446046583820e+01
4.248290197838719706e+01
4.272679977283542740e+01
4.298229877826513956e+01
4.327341894687744173e+01
4.359421341194121169e+01
4.394484483511037354e+01
4.434559068733528875e+01
4.479692414899849950e+01
4.528185197235079329e+01
4.581895309902413516e+01
4.641082579432803357e+01
4.709290989465190336e+01
4.787146829862792430e+01
4.875353575437461728e+01
4.977229254400253922e+01
5.098528696680346428e+01
5.231921672414854640e+01
5.383728902771923686e+01
5.554734937848527920e+01
5.741305146798009673e+01
5.940769473758069097e+01
6.139028030131400016e+01
6.323736445633943504e+01
6.475211748375328114e+01
6.575138558035294523e+01
6.606808121877307372e+01
6.542215740895660758e+01
6.371082434027950825e+01
6.084116268863186860e+01
5.690392883020341941e+01
5.195545291214260430e+01
4.625532724904119419e+01
4.015211445730693640e+01
3.383909182792783099e+01
2.776836529634899264e+01
2.212918944824564704e+01
1.709459940849514581e+01
1.281775307065349345e+01
9.310112814879095922e+00
6.559577349382968769e+00
4.470519479354726933e+00
2.961631506319196472e+00
1.902765408446622786e+00
1.182183780670909456e+00
7.104088707380543655e-01
4.121746493321645222e-01
2.321172830890707306e-01
1.277281312692147008e-01
6.845528905423364785e-02
3.667278444228491002e-02
1.902811050385681130e-02
1.077666575955441540e-02
5.957090194970816356e-03
3.837222530675476594e-03
2.952069797187414045e-03
2.496084981175179275e-03
2.600173134509565272e-03
2.418837045460181263e-03
2.288878794307937833e-03
1.901165416612408000e-03
1.766452383032557664e-03
1.829593020578555371e-03
1.835439907724190209e-03
1.796089051983591756e-03
1.860085199361226566e-03
1.587845061867655585e-03
1.590820822255515363e-03
1.601982384368452273e-03
1.670984099475573536e-03
1.865158021563943346e-03
