1.709119377504469384e+01
1.735405364484353541e+01
1.743094247818882536e+01
1.749293225011597741e+01
1.754937418482981926e+01
1.759660207707698021e+01
1.764467502755007189e+01
1.769055907062084998e+01
1.773306143720134287e+01
1.777611080219492479e+01
1.780823986521924951e+01
1.784324947280975238e+01
1.788014458431236875e+01
1.790811565019508222e+01
1.793447311782747633e+01
1.796040791690770178e+01
1.798449646044549155e+01
1.800351076591603317e+01
1.801929139597000074e+01
1.803514435610631494e+01
1.804356088381291201e+01
1.805002186460568581e+01
1.805261840431937870e+01
1.805267493503638931e+01
1.804977794967848936e+01
1.804122170273686265e+01
1.803181364219595650e+01
1.801784955270049693e+01
1.799909704306874403e+01
1.797764142565092982e+01
1.795289799051001367e+01
1.792069715343201608e+01
1.789041367359105195e+01
1.785378951889368437e+01
1.781261034281206790e+01
1.776712875222594690e+01
1.771817905599896648e+01
1.766658794204067107e+01
1.761210390264617587e+01
1.755379415736150506e+01
1.749424347487103759e+01
1.743203996601248917e+01
1.736429348211475698e+01
1.729267713292989583e+01
1.722113637922381102e+01
1.714590860017539597e+01
1.706896872288520939e+01
1.698747685598009838e+01
1.690581478871672516e+01
1.682279462164669326e+01
1.673377455750782872e+01
1.664487994602880860e+01
1.655667084061388650e+01
1.646439014553615365e+01
1.637419380365652088e+01
1.628155117980345423e+01
1.618353580106208511e+01
1.608943493378475864e+01
1.599255393460233243e+01
1.589875595119148066e+01
1.580570470930057780e+01
1.571035438891576419e+01
1.561572669606632147e+01
1.552240692380303066e+01
1.542958094650619572e+01
1.533656899503588278e+01
1.524887727898297385e+01
1.515569919792715581e+01
1.507036423787223356e+01
1.498331560713341126e+01
1.489968464148581262e+01
1.481868818502555207e+01
1.473865834398101526e+01
1.466346794547040311e+01
1.458950628614515033e+01
1.451838526027160725e+01
1.444954478767508554e+01
1.438703229663991046e+01
1.432689476795650130e+01
1.427405475091773290e+01
1.422024438284705461e+01
1.417543888067901925e+01
1.413147444807332320e+01
1.409644928908758210e+01
1.406530782759705644e+01
1.404320113089867483e+01
1.402647052348031487e+01
1.401665677518031394e+01
1.401276302895307957e+01
1.401997703699807651e+01
1.403505936151436195e+01
1.406039351993479514e+01
1.409728453146660598e+01
1.414746269773319653e+01
1.421400431950264931e+01
1.429840455167608582e+01
1.440033050807252657e+01
1.451873518642291039e+01
1.465630355040477362e+01
1.481895924941692044e+01
1.501001970292946552e+01
1.523476653967157546e+01
1.550924166999269893e+01
1.584125629774877453e+01
1.625240972139139828e+01
1.676782289149314664e+01
1.742501618936861618e+01
1.827956513334529021e+01
1.940900548361393518e+01
2.085484465342911875e+01
2.254184118819215499e+01
2.413988244980352960e+01
2.500710839711320332e+01
2.435800140244073475e+01
2.172813778873251422e+01
1.736745555026238463e+01
1.226272917498921444e+01
7.562475345556057604e+00
4.045450834491916225e+00
1.871862029171362130e+00
7.458951103846033215e-01
2.568523388408519015e-01
7.734839472638904700e-02
2.081208824077538516e-02
5.661714242114372804e-03
2.334232338035264163e-03
1.601648653524336214e-03
1.399765633348499594e-03
1.377033886619145452e-03
1.331446025624117863e-03
1.236957521937006536e-03
1.230878301034736772e-03
1.212136030544094540e-03
1.133760121850708926e-03
1.108691194409392421e-03
1.056932136829228297e-03
1.071713553044808479e-03
1.040601212649640674e-03
9.637028794213146161e-04
9.235407008273965879e-04
9.186777666008054182e-04
8.465588016706354418e-04
8.453785082248745477e-04
8.396085289060904082e-04
7.447272358489540143e-04
7.469011016755607761e-04
7.322630651003872448e-04
6.853782331275379410e-04
7.361820489457860566e-04
7.138107164805283875e-04
