1.709569958903807319e+01
1.736064990498091376e+01
1.744043828407593821e+01
1.750701051389503249e+01
1.756925124732947552e+01
1.762255801377167685e+01
1.767538149853911733e+01
1.772541283473697860e+01
1.777185883871438321e+01
1.781757724316268110e+01
1.785215370083004771e+01
1.788975446316407769e+01
1.792842016138856209e+01
1.795840652618485578e+01
1.798678116554306072e+01
1.801500060351870758e+01
1.804039270619980329e+01
1.806170761384491641e+01
1.807854117526329674e+01
1.809643143005186161e+01
1.810697084438129423e+01
1.811590359257701621e+01
1.812025452738334863e+01
1.812290624258087135e+01
1.812188220485441192e+01
1.811607767020284143e+01
1.810930816148200506e+01
1.809722950436068345e+01
1.808078849784653030e+01
1.806311122369243094e+01
1.803992629977192053e+01
1.801006428077661425e+01
1.798211899739003172e+01
1.794834630348545446e+01
1.791010630202036324e+01
1.786768409618113296e+01
1.782108913321661348e+01
1.777216748901499344e+01
1.772021205390636922e+01
1.766417439282520618e+01
1.760706735909907650e+01
1.754785020592035139e+01
1.748265099921846044e+01
1.741351562298980937e+01
1.734450983880273256e+01
1.727228318546610453e+01
1.719776392518186015e+01
1.711905012805854298e+01
1.703904396002171495e+01
1.695999859692636491e+01
1.687303234724107526e+01
1.678676732025792262e+01
1.670135727262310965e+01
1.661184003141427823e+01
1.652435716677724997e+01
1.643526725384586840e+01
1.633933404465229700e+01
1.624908069160141011e+01
1.615504103785817946e+01
1.606396892707348556e+01
1.597384195213117231e+01
1.588106598427687466e+01
1.578945722106962357e+01
1.569983368206548491e+01
1.561029734304916516e+01
1.552127712253123804e+01
1.543765017644675375e+01
1.534756405387690137e+01
1.526519538608619264e+01
1.518336337470552699e+01
1.510455395965767345e+01
1.502836073137798500e+01
1.495213322448198490e+01
1.488258516118745689e+01
1.481372074633887514e+01
1.474877752475794424e+01
1.468630001094132886e+01
1.463032798770613319e+01
1.457763644297740946e+01
1.453337310143606942e+01
1.448941250130168612e+01
1.445224649771224712e+01
1.441853121682075134e+01
1.439408025017721826e+01
1.437506309207635447e+01
1.436583070885114921e+01
1.436281697663293677e+01
1.437010768219149526e+01
1.438483516899326986e+01
1.441007194026708937e+01
1.444701724119849828e+01
1.449432487857824725e+01
1.455695707315710408e+01
1.463668319959874964e+01
1.473378947533861982e+01
1.485115695736847208e+01
1.499241148979032268e+01
1.515305720726583338e+01
1.533569756117265825e+01
1.554966671645034637e+01
1.579922491862504152e+01
1.608879344025577751e+01
1.643884808634551220e+01
1.685422875016719146e+01
1.736252744815489990e+01
1.799373436066623100e+01
1.879104604706709836e+01
1.981796973912438986e+01
2.116686113104791644e+01
2.288235239655606179e+01
2.488596615738372009e+01
2.679760387895579399e+01
2.788167165503138278e+01
2.725189804374347347e+01
2.436418879405384885e+01
1.951091339192266716e+01
1.379557386274048092e+01
8.516293197173327556e+00
4.558169894481999940e+00
2.110239995413705216e+00
8.406685462322496249e-01
2.896962007621204926e-01
8.738134261065823305e-02
2.338625564133773455e-02
6.374298909348107695e-03
2.480547986127343459e-03
1.696231867886071687e-03
1.535726921572132036e-03
1.415598243285713089e-03
1.303916099218125702e-03
1.330280448134262862e-03
1.282178169083579089e-03
1.219497144266687297e-03
1.192685228209493589e-03
1.184686564773988759e-03
1.052646913360103659e-03
1.062865156142543850e-03
1.014417688624592775e-03
1.022768446863889062e-03
9.227398494402183626e-04
9.006477156412805813e-04
9.131492578902431585e-04
8.692233065463735942e-04
8.430903370023412960e-04
8.090168646832316670e-04
7.899461541851773502e-04
7.476103293795549956e-04
7.782126620242634484e-04
7.164888225054501843e-04
7.547739501984983669e-04
