9.856293320604971042e-02
1.186355706371408913e-01
1.411969210211418690e-01
1.631424221686777198e-01
1.827953988248121886e-01
2.004534242296296120e-01
2.179807120162313427e-01
2.334582896310651023e-01
2.495907322103101678e-01
2.637946073580371698e-01
2.783531299847051277e-01
2.920217487563363523e-01
3.061413526751093350e-01
3.207625019709670622e-01
3.336656134669859219e-01
3.469097825621302311e-01
3.613145075909354742e-01
3.738082944770557137e-01
3.874991426667246941e-01
4.003040595333295371e-01
4.137069646893753450e-01
4.269175711796990846e-01
4.408703755328393648e-01
4.538121008168676251e-01
4.668814957745850980e-01
4.812164206127892974e-01
4.952365527502550213e-01
5.107090519884441848e-01
5.263503659083859088e-01
5.417720640786345410e-01
5.590400922526588268e-01
5.760517435565002398e-01
5.933477009155909698e-01
6.128221478207503958e-01
6.320118485459509383e-01
6.533186044371098733e-01
6.752710112313820012e-01
6.982835857566247473e-01
7.225900078833074058e-01
7.487840025927018361e-01
7.748906889519981966e-01
8.036554705827586575e-01
8.342819519267670181e-01
8.668295204506820673e-01
9.014170832615852058e-01
9.385151328231469137e-01
9.776820378962564062e-01
1.018952838636989711e+00
1.063203936370943570e+00
1.110621779808060205e+00
1.158978936460879572e+00
1.212814949241337592e+00
1.269811775922066843e+00
1.328399535404637399e+00
1.390606083078087529e+00
1.457926631608271073e+00
1.528009631946436242e+00
1.604834310255774943e+00
1.685358436214574596e+00
1.766813766768978944e+00
1.856886021195351955e+00
1.948985766058848323e+00
2.045782773653650022e+00
2.148563505840176191e+00
2.256403045413285735e+00
2.368949088241605327e+00
2.487948767919337278e+00
2.609849129085341168e+00
2.737757470252582426e+00
2.871665039837528077e+00
3.009707799104242465e+00
3.156061046176224405e+00
3.307256569187127848e+00
3.464384611007279791e+00
3.628556872346555995e+00
3.795657067102936377e+00
3.970720393747404486e+00
4.150587473262913107e+00
4.335889012004930265e+00
4.527597507456779802e+00
4.723178515762833207e+00
4.923913110235980994e+00
5.133364694382761328e+00
5.347088051170527656e+00
5.568312443044237448e+00
5.794939273892038223e+00
6.029698261056112507e+00
6.272776334987573144e+00
6.521999082902159905e+00
6.780175243520969453e+00
7.046453573781033874e+00
7.321906068747813023e+00
7.608102947976878028e+00
7.907053325694977097e+00
8.221222165810990745e+00
8.549712643224266273e+00
8.892600946464895628e+00
9.252440118915526313e+00
9.633626840166833460e+00
1.003828889499514077e+01
1.046955735417239097e+01
1.093456793250217984e+01
1.144470794672731806e+01
1.201127107940504324e+01
1.265573910040516203e+01
1.340597840520027972e+01
1.429874844325680527e+01
1.539227715196924429e+01
1.675499626606247716e+01
1.844406613717293908e+01
2.038618557774092110e+01
2.224418988829857113e+01
2.339420594402680109e+01
2.304581172622212293e+01
2.073611130052963958e+01
1.669112217870814874e+01
1.186044938137552762e+01
7.351659035697659661e+00
3.949554013396459951e+00
1.832284275056646372e+00
7.332772279953978511e-01
2.531439869444530588e-01
7.551175289029798954e-02
2.054424587893547913e-02
5.839486738905529280e-03
2.280781236371047255e-03
1.631806817963850917e-03
1.459954497034972928e-03
1.402302488864237305e-03
1.310215420765562574e-03
1.346596123010348253e-03
1.289816297197064971e-03
1.230871456475463250e-03
1.128041127473950866e-03
1.181960876096725026e-03
1.146401081214929764e-03
1.032304266891125250e-03
1.035575733089605030e-03
8.911604866341344636e-04
9.079960957395167903e-04
9.247286348684566207e-04
8.519460147097232582e-04
8.645211608578838016e-04
8.317775615629602109e-04
8.524862565658915346e-04
7.451259536049053460e-04
7.082814556821330357e-04
7.352173366880517110e-04
7.692169520869555823e-04
6.496124694366382573e-04
