1.119955980490143672e-02
1.584631662015405923e-02
2.297050257673632565e-02
3.246607098654871043e-02
4.311679036633441625e-02
5.277014287085925182e-02
6.295426022004295408e-02
7.164773211566348443e-02
8.026396841209877675e-02
8.810969935196857894e-02
9.503770157225718829e-02
1.021102592635671075e-01
1.093284917303668086e-01
1.167237341890014629e-01
1.239582450857036333e-01
1.302633932856381571e-01
1.365696100808241054e-01
1.434820681426770828e-01
1.498095625954890819e-01
1.566657914969280530e-01
1.628227318219906128e-01
1.696899865196150603e-01
1.755062253465514421e-01
1.823659029561679190e-01
1.885355658661457823e-01
1.944421871308154304e-01
2.013085536101043016e-01
2.074400938040585896e-01
2.133497773718353308e-01
2.197951592226995154e-01
2.253001076339495035e-01
2.317711670744981023e-01
2.376634512201453997e-01
2.449352452015679249e-01
2.499834199683717284e-01
2.564809987685710557e-01
2.627574196931866668e-01
2.695484140123754480e-01
2.758582492311726919e-01
2.821170612752818552e-01
2.893051718620967550e-01
2.948504541411893776e-01
3.015245010392800240e-01
3.082560750153202633e-01
3.146134514172868601e-01
3.218627667762305467e-01
3.286911397589014072e-01
3.356612013815930551e-01
3.431718222783871064e-01
3.495388882289413579e-01
3.571637863010597713e-01
3.649580512587992098e-01
3.728504895076386050e-01
3.808019238269013673e-01
3.883918066066207597e-01
3.955310241561247331e-01
4.046560613344640234e-01
4.137467596645207357e-01
4.221628669045354720e-01
4.304990495574846920e-01
4.410507178936785566e-01
4.500868747684662607e-01
4.606242908820538107e-01
4.709697143763255101e-01
4.825497775398905898e-01
4.947698381704613291e-01
5.073443707357362387e-01
5.201380715556500611e-01
5.342078803695291533e-01
5.482294484786812694e-01
5.636789330127556230e-01
5.799920012543767767e-01
5.983775034505024459e-01
6.176837704879840629e-01
6.378765681743016058e-01
6.604918239191978069e-01
6.846222079989480180e-01
7.095544210886567393e-01
7.360264257234624408e-01
7.661455308306223122e-01
7.977147749573142432e-01
8.335003471715787260e-01
8.704634411725918897e-01
9.101474566924485643e-01
9.539691244931040037e-01
1.001321471848490186e+00
1.052723527710875517e+00
1.107247544887975721e+00
1.166345374524184519e+00
1.230527384113395017e+00
1.299739054023069995e+00
1.375313919771605553e+00
1.456552741497867176e+00
1.545870148481797601e+00
1.640824870046345696e+00
1.744033054171574060e+00
1.856538001460539933e+00
1.978442798730130514e+00
2.112152579621407789e+00
2.256338337100292968e+00
2.415479408031536490e+00
2.593015639698744934e+00
2.789533203210337486e+00
3.014723841914813907e+00
3.273309266901936354e+00
3.575123578428473170e+00
3.934116514744349757e+00
4.362666576919394856e+00
4.887396360820445373e+00
5.509690966341298513e+00
6.189629607099939257e+00
6.816562638127487084e+00
7.185403543739016463e+00
7.065805540960014675e+00
6.327847231918705795e+00
5.070403361997976255e+00
3.583905821515353640e+00
2.212112896673770202e+00
1.191337696839291471e+00
5.510752463746234620e-01
2.205768553606733962e-01
7.736146599102990129e-02
2.386801468359597486e-02
7.303719695975412901e-03
2.887296745172266473e-03
1.800157516277838335e-03
1.560652398841764566e-03
1.420291950123268214e-03
1.354947936697131110e-03
1.224792367777890762e-03
1.263543284414015561e-03
1.205475850132747525e-03
1.146746550376281796e-03
1.119557670158626483e-03
1.062300149324802920e-03
1.031147526980232942e-03
9.589967166147938095e-04
1.000102604254590483e-03
1.022879556350339688e-03
9.357893355460066920e-04
8.741458714214247116e-04
8.649141119071421290e-04
8.267911259617642455e-04
8.314309332248617269e-04
7.655438967018557113e-04
7.910059723086926590e-04
7.599141470949113270e-04
7.803962379093836409e-04
6.887961169855224891e-04
6.823087635365747460e-04
