9.053289700737651629e+02
5.957206373911516266e+02
3.947614896150665800e+02
2.953510072921293386e+02
2.381417451772147444e+02
2.034740611309058522e+02
1.783439512013661954e+02
1.597064376073914218e+02
1.471044124354398548e+02
1.359497106520293812e+02
1.273890688380763550e+02
1.200310240659444361e+02
1.143046291973528099e+02
1.091876108712567515e+02
1.048156771284567412e+02
1.010602330804250926e+02
9.758656427667409616e+01
9.439908113574189485e+01
9.140707709415444526e+01
8.901818594022790876e+01
8.684383735760307843e+01
8.464480599847321685e+01
8.259862118981062906e+01
8.055314850193606446e+01
7.883843800247279887e+01
7.727127166683965243e+01
7.586318853586951150e+01
7.422352825770614970e+01
7.273407391067360095e+01
7.144520326562613377e+01
7.005142063639094374e+01
6.880497813187729150e+01
6.761356472029945053e+01
6.653176736708095973e+01
6.532590192404165919e+01
6.426391352637669740e+01
6.317849126291731210e+01
6.212148092646962994e+01
6.109243434006374684e+01
5.998030934704018335e+01
5.899273809788821410e+01
5.802230597887766805e+01
5.709025405689785515e+01
5.608231414068512777e+01
5.530122640118312916e+01
5.437243921313714878e+01
5.350313909303697102e+01
5.260716412171131395e+01
5.163313902218728657e+01
5.079013534260632667e+01
4.991084855676604093e+01
4.907720570665111381e+01
4.822216050093516770e+01
4.728146708187821190e+01
4.640997134527768964e+01
4.563059977967176906e+01
4.478709364046418528e+01
4.397520071384936102e+01
4.316934231184510651e+01
4.233308651411615386e+01
4.153938695130324277e+01
4.061544529149065852e+01
3.978118869497824051e+01
3.893873666693962576e+01
3.811007041898888303e+01
3.721192580669263350e+01
3.634392557376102673e+01
3.550908375569322573e+01
3.460234587352355362e+01
3.378693770414049169e+01
3.285598921334838707e+01
3.208475876718286912e+01
3.116917547035760805e+01
3.030894937286571533e+01
2.939267009812461495e+01
2.852980814352127226e+01
2.761127956418570406e+01
2.673263802891338159e+01
2.586094936778111375e+01
2.496249117811994722e+01
2.407720246224781135e+01
2.319374955103824831e+01
2.228864463089608705e+01
2.142624896394189093e+01
2.056680687839811483e+01
1.972857203115065161e+01
1.887853212667246083e+01
1.806840795226995411e+01
1.727989100487860696e+01
1.648956349152862799e+01
1.573521133265790439e+01
1.501380757244150743e+01
1.431844937362645354e+01
1.364139651342580883e+01
1.299195684879162371e+01
1.235701979974260389e+01
1.177302028698277248e+01
1.118506243592316984e+01
1.063596207315938535e+01
1.011219247215220207e+01
9.621804114875789793e+00
9.147505537238197704e+00
8.696961682728559850e+00
8.276880159790843905e+00
7.876202960136918563e+00
7.497050583087866649e+00
7.135452458248509267e+00
6.802619820095078040e+00
6.477805565109513886e+00
6.177583801097283001e+00
5.893453053942200981e+00
5.625581996648300276e+00
5.372522401166165196e+00
5.137004707752685917e+00
4.913875091943320506e+00
4.702249754836284268e+00
4.506648373814465813e+00
4.320036739309876417e+00
4.141618477372619900e+00
3.975493230114168774e+00
3.819484742919949660e+00
3.670651632634793327e+00
3.531218472877842185e+00
3.397995060099435083e+00
3.273897963348284090e+00
3.156460059650174621e+00
3.045363098404425983e+00
2.939919969594043891e+00
2.841777502983022785e+00
2.748048752538987394e+00
2.658169161691320337e+00
2.574245088884807853e+00
2.493857767507378753e+00
2.417876235932450157e+00
2.347133790690592914e+00
2.279263020111668148e+00
2.215410555328535480e+00
2.153805948575489460e+00
2.095609028999331436e+00
2.040222877600243123e+00
1.987792864578741714e+00
1.937664925038823371e+00
1.890495713264603195e+00
1.844971588954942510e+00
1.802878017550669565e+00
1.761733254702993134e+00
1.723502552280027134e+00
1.686346786273968501e+00
1.650776867277707893e+00
1.618036209435206541e+00
1.585878681689359748e+00
1.555775292724029146e+00
1.526428680600564691e+00
1.499528223301460628e+00
1.473308338847363785e+00
1.448278769334209848e+00
1.424261584743053533e+00
1.401724765028188768e+00
1.380236463439169281e+00
1.360013735755893460e+00
1.340452751113701879e+00
1.322164025958171507e+00
1.304360969353863364e+00
1.287347916826675709e+00
1.271448237297403638e+00
1.256390906810150865e+00
1.241927732418574681e+00
1.228047713330089996e+00
1.214924601302134866e+00
1.202744172835143788e+00
1.191020922506059954e+00
1.180064009171780670e+00
1.169229547866684316e+00
1.159400713002017191e+00
1.149950109822109212e+00
1.141138744464942345e+00
1.132504946104789800e+00
1.124689172446186047e+00
1.117313909420134310e+00
1.110237443725814233e+00
1.103689433813466181e+00
1.097252031809966111e+00
1.091574271454547329e+00
1.085980660378965013e+00
1.080820879471663609e+00
1.076063809394872672e+00
1.071499918505163906e+00
1.067251301328736801e+00
1.063403982793657221e+00
1.059847248432377986e+00
1.056500291931684377e+00
1.053605335169687462e+00
1.050764592543633746e+00
1.047789214098253430e+00
1.045619180549874239e+00
1.043525937419022664e+00
1.041600197105603698e+00
1.039651080110391312e+00
1.038231612181859553e+00
1.037060105987162473e+00
1.035993488904693338e+00
1.035322556818608852e+00
1.034301525456865267e+00
1.033804741470151445e+00
1.033425255514932362e+00
1.032804661542963132e+00
1.032504747026377068e+00
1.032345068126172549e+00
1.032279730372191562e+00
1.031774650129734017e+00
1.031726404848141820e+00
1.030895005396536668e+00
1.029873345417113839e+00
1.031840735805682030e+00
1.032448428444725508e+00
1.031976213202744130e+00
1.032942874411051148e+00
1.031617834595998762e+00
1.038517975344086075e+00
1.033518196451392868e+00
1.020657048773739861e+00
1.026880645637237244e+00
1.033619019670344752e+00
1.015309189588806227e+00
9.617663174088791900e-01
9.995274087266073915e-01
1.042491485739108992e+00
1.041228640982520659e+00
1.027561134255376984e+00
1.020805123841459716e+00
1.004669026644110064e+00
1.006027952789483315e+00
1.016908501110553198e+00
1.107433747968942006e+00
1.067901159744504502e+00
9.978767856946573200e-01
1.048420153596286486e+00
1.062777668327049785e+00
1.029934899014052219e+00
9.558320048341675257e-01
1.055532994437972327e+00
9.895772096849928534e-01
1.008049375423105909e+00
1.017864389943971437e+00
1.060876634492849746e+00
1.033704512204294046e+00
1.000431421412008692e+00
1.007502258981706200e+00
9.117446567872354857e-01
9.375200386045852152e-01
