6.262470774186466542e+02
3.867193352790122276e+02
2.633472535767076010e+02
2.039739949514490718e+02
1.690241829479953424e+02
1.465362649129602346e+02
1.305346801662106486e+02
1.194390902713370508e+02
1.106447214150384042e+02
1.030355409403935312e+02
9.746978824496139282e+01
9.245404149075299927e+01
8.863640826837549014e+01
8.481203262771097684e+01
8.157607906396104624e+01
7.889298425915957580e+01
7.647179605983581041e+01
7.402448699874872773e+01
7.196786660240590550e+01
7.040834744278812707e+01
6.858847946493126813e+01
6.692848155422905165e+01
6.551988525357846527e+01
6.405053556095690226e+01
6.280719519240298609e+01
6.151645567193484965e+01
6.030023819793542117e+01
5.908700438838702240e+01
5.808980666606031917e+01
5.692113154007753195e+01
5.600438611727462757e+01
5.488814587542346146e+01
5.399939675444755949e+01
5.304832231634124895e+01
5.208713761085537897e+01
5.114397685406228078e+01
5.021704952068468231e+01
4.926889515333670033e+01
4.844459234696041250e+01
4.757824309578305844e+01
4.664835933148264502e+01
4.575611228362071614e+01
4.483002414505958200e+01
4.397124629060550660e+01
4.324296225255498172e+01
4.225861933582179830e+01
4.138705242808789109e+01
4.047473669174520694e+01
3.957461124914994599e+01
3.860190049746615415e+01
3.768190531470389715e+01
3.674796503561781691e+01
3.578168743574897093e+01
3.486603616512926607e+01
3.383469179469111054e+01
3.295507885048203178e+01
3.194272757417781960e+01
3.091157922568532257e+01
2.995218196431646973e+01
2.896406012366159288e+01
2.791607458881529880e+01
2.692957838189560960e+01
2.591174327118925191e+01
2.495345408933619069e+01
2.398211524333783018e+01
2.298605755065276668e+01
2.203363626194285985e+01
2.107488291151489079e+01
2.014153590195970267e+01
1.923972400977653763e+01
1.835974675913283249e+01
1.750624947654342023e+01
1.665684267649287520e+01
1.587333472427034309e+01
1.508459336103754822e+01
1.432656162053546112e+01
1.361206962594074632e+01
1.292623423582818454e+01
1.226538507536549183e+01
1.164059806008768483e+01
1.103778916673410393e+01
1.045919563774645411e+01
9.916329711360967636e+00
9.401079972819285757e+00
8.913086824141480236e+00
8.457413598942684629e+00
8.022629218175021393e+00
7.616224609449584015e+00
7.229020265436376214e+00
6.868048916150413241e+00
6.530253326958373350e+00
6.208686617840081468e+00
5.906927928833074048e+00
5.624733384096375133e+00
5.356802872915420011e+00
5.106029606661660836e+00
4.870911060983124763e+00
4.649713857270375783e+00
4.441367113575308778e+00
4.248661623620037631e+00
4.064767959117938645e+00
3.893381430338548999e+00
3.732382622312476084e+00
3.577373809533145099e+00
3.434409667189251891e+00
3.300274738884164005e+00
3.172088401423064141e+00
3.052705602360728410e+00
2.941124535617627878e+00
2.834790633749237898e+00
2.734027336732343105e+00
2.639472779554964621e+00
2.550811775142853399e+00
2.466161682529694588e+00
2.386639879471152081e+00
2.311370904535655413e+00
2.240618069646338917e+00
2.173240729011048256e+00
2.110081063126176826e+00
2.049478125153124886e+00
1.993233549438159891e+00
1.938568803369437488e+00
1.887823179848085564e+00
1.839291075821698929e+00
1.793807445634710618e+00
1.750337044844971546e+00
1.709635547877631723e+00
1.670709337044949283e+00
1.633467541383981869e+00
1.598802351790716170e+00
1.565372514107035595e+00
1.533929339508237844e+00
1.503452444191520465e+00
1.474931753271774060e+00
1.447961681684892810e+00
1.422874120968795841e+00
1.399309647621280295e+00
1.375821709457051734e+00
1.354139478972905541e+00
1.333501005176832566e+00
1.313440434501352394e+00
1.295096541007338731e+00
1.277170980376295839e+00
1.260801520541898757e+00
1.245369462333166810e+00
1.230571799951909684e+00
1.216618385215812115e+00
1.203008222434997387e+00
1.190223028966920227e+00
1.178406808628841951e+00
1.167118966310072059e+00
1.156776030909807407e+00
1.146849907315758976e+00
1.137638151513543638e+00
1.128698831800709623e+00
1.120570551192917375e+00
1.113325035818890862e+00
1.105918739507261828e+00
1.098995766929446782e+00
1.093120513308785346e+00
1.087292696107179601e+00
1.081853288136005009e+00
1.076604642032332970e+00
1.071651810341489153e+00
1.067232738331244546e+00
1.063217603251548127e+00
1.059487720320182458e+00
1.055986755945179878e+00
1.052638538861034867e+00
1.049986872094700097e+00
1.047193915133751263e+00
1.044937496444038549e+00
1.043047864339865516e+00
1.041199881494227375e+00
1.039129671097540175e+00
1.037717123723801205e+00
1.036525899876033163e+00
1.035506976973036952e+00
1.034723892146993673e+00
1.033806631475217452e+00
1.033217106773008487e+00
1.032503103187128346e+00
1.032018663419559390e+00
1.031756439366129374e+00
1.031745766482846438e+00
1.031427180851921754e+00
1.031637904796206540e+00
1.031620690951634556e+00
1.031993039156864356e+00
1.032284987320806424e+00
1.032591303104285485e+00
1.032942348982470948e+00
1.033324060790416610e+00
1.033694274228730503e+00
1.034423716863212661e+00
1.035136304496715454e+00
1.036115501905770842e+00
1.036646645287535362e+00
1.037248498128072294e+00
1.038034984039603703e+00
1.038769309951516728e+00
1.039693525121466955e+00
1.040414628370311956e+00
1.041032379155064191e+00
1.041317528932907299e+00
1.041510927660082464e+00
1.042127162921425709e+00
1.042333895550704881e+00
1.042849729528523506e+00
1.043293424564347927e+00
1.043956062376117488e+00
1.043811535074390617e+00
1.044428405502451085e+00
1.044394216609780601e+00
1.045209979274417167e+00
1.044952235240958593e+00
1.047659846010777107e+00
1.044914484703938662e+00
1.047548212339200369e+00
1.043035591298435483e+00
1.046153566354586895e+00
1.044688451322888012e+00
1.033506618218492434e+00
1.021580235295570738e+00
1.019753433134546361e+00
9.899231695657185748e-01
1.010259152348818912e+00
1.004737835283194602e+00
1.068929770805295387e+00
1.015000996166535607e+00
1.005671552944760627e+00
1.035328118369458705e+00
9.958516483971525668e-01
1.028790073443332398e+00
9.926103525574684339e-01
1.004485709210795941e+00
1.006392542537837054e+00
1.041350109120799061e+00
1.003115958708537203e+00
9.773961674421950407e-01
1.004122987057938676e+00
1.046858828370597294e+00
9.918913561386323297e-01
1.045695501354529044e+00
1.005918643458981299e+00
1.037879679114380949e+00
1.044960187603817481e+00
9.567442293828148925e-01
9.630798058918519367e-01
1.009097602838668895e+00
