2.688277010418688207e+01
2.738572192515637482e+01
2.745765371400355903e+01
2.750679544220708905e+01
2.755217787420142983e+01
2.759127771511719018e+01
2.761686661539492604e+01
2.764235320438769250e+01
2.766686010399767071e+01
2.768356296842583930e+01
2.769420843259150899e+01
2.770099304035359822e+01
2.770331743379598777e+01
2.770118209600715886e+01
2.770010638728373920e+01
2.768787263922730801e+01
2.767446896643136611e+01
2.765268268139696417e+01
2.762717911086401301e+01
2.759513392221607830e+01
2.755720055291147119e+01
2.751979723538160982e+01
2.747478670449273963e+01
2.742378763937119501e+01
2.736717699663423176e+01
2.730150428134898277e+01
2.722984255653776842e+01
2.715653388650206779e+01
2.708144262508777089e+01
2.698968814480983625e+01
2.690115741642257774e+01
2.679859434710096977e+01
2.670122281961527477e+01
2.659113248066978841e+01
2.647697193380139069e+01
2.635606316191351439e+01
2.623084600246176734e+01
2.610545608030004416e+01
2.596757238808180546e+01
2.582559402113715663e+01
2.568347894790716168e+01
2.552936317144257572e+01
2.537324853349834086e+01
2.521258155235911858e+01
2.505448943302381082e+01
2.488244368673339579e+01
2.471244252618553361e+01
2.454051816229555172e+01
2.436307376120963397e+01
2.418034400941186846e+01
2.399441984537083528e+01
2.380699869356176990e+01
2.362222154584662093e+01
2.342513454454969590e+01
2.323137956635582668e+01
2.303823726709016029e+01
2.283694612523820666e+01
2.263952042023296940e+01
2.244044726498565012e+01
2.223833191576509094e+01
2.203905585984196946e+01
2.183221982726141519e+01
2.163309615714209855e+01
2.142998195373525050e+01
2.122465609011799614e+01
2.102345215901691944e+01
2.082050753814835531e+01
2.061920811072343085e+01
2.041465453707406752e+01
2.021528745777037628e+01
2.001867172215045443e+01
1.981441069559376089e+01
1.961815905708182228e+01
1.941918428959852250e+01
1.922512632301907587e+01
1.902835412539100091e+01
1.883746721688133618e+01
1.864693587742506509e+01
1.845872465881589974e+01
1.826804311893574351e+01
1.808275912818541897e+01
1.790274164590574557e+01
1.771929435387240304e+01
1.754086922452115616e+01
1.736156696604616201e+01
1.718705052464117600e+01
1.701274946965034118e+01
1.684218071840680153e+01
1.666966397247961851e+01
1.650610775435789890e+01
1.634111253555544963e+01
1.617899961254191155e+01
1.601952534106261439e+01
1.586024015022781164e+01
1.570478758997769297e+01
1.554910230231975099e+01
1.540056586413204087e+01
1.525174542228662844e+01
1.510553500496588697e+01
1.496370943469581150e+01
1.481988981717203657e+01
1.468084549971588615e+01
1.454348440757821770e+01
1.440723298373562322e+01
1.427623665546838616e+01
1.414403661191649064e+01
1.401407106703769401e+01
1.388909649938323554e+01
1.376692219712559329e+01
1.364629408582613124e+01
1.352659311576975654e+01
1.341021960297902460e+01
1.329400153284575481e+01
1.317772795832212651e+01
1.307026003606550901e+01
1.295940138923538321e+01
1.285562552374069334e+01
1.274739276137723820e+01
1.265075621274380957e+01
1.254821244299261629e+01
1.245264365404317708e+01
1.235183563279632679e+01
1.225969623349002724e+01
1.216764890833751700e+01
1.207949505727116701e+01
1.199212909442540642e+01
1.190768312035778287e+01
1.182288776470045555e+01
1.174216408901254027e+01
1.166783829811417839e+01
1.159120924184307277e+01
1.151819225921120982e+01
1.144449264459843718e+01
1.137453458175299659e+01
1.130901197668842784e+01
1.124618316387692296e+01
1.118377486451439040e+01
1.112355253895299079e+01
1.106625855610251286e+01
1.100894614620448131e+01
1.095520790318920490e+01
1.090524655041932967e+01
1.085577168429238348e+01
1.080914221658047758e+01
1.076749511057997211e+01
1.072702403282465689e+01
1.068940257305514230e+01
1.064925897544373079e+01
1.061429334271685221e+01
1.058550463908817640e+01
1.055967309809419952e+01
1.053652226264410885e+01
1.051514124852716314e+01
1.049810627463467583e+01
1.048141846235362173e+01
1.046917596172744602e+01
1.046123135248952352e+01
1.045461934095974676e+01
1.045306232863959295e+01
1.045618452852883884e+01
1.046285491874223084e+01
1.047041265464433657e+01
1.048388121961156116e+01
1.049950345619141601e+01
1.052132851654472034e+01
1.054980956746648957e+01
1.057971427468442549e+01
1.061111685937421534e+01
1.065023434913354805e+01
1.069511906138050961e+01
1.074439021902908031e+01
1.079850296483379957e+01
1.085917213356566968e+01
1.092464733555339684e+01
1.099601806382378122e+01
1.107745268412591422e+01
1.116670822824855414e+01
1.126463375935584033e+01
1.136665524471595567e+01
1.147987234952271685e+01
1.160377376443657838e+01
1.173678528297837076e+01
1.188338685074226930e+01
1.204378829784835858e+01
1.221966429949314836e+01
1.241122563366960385e+01
1.261799012843393619e+01
1.284717006789268368e+01
1.309990925673008100e+01
1.338104704038273063e+01
1.369480763967055026e+01
1.405046307617987544e+01
1.445764214700445649e+01
1.492654024850586225e+01
1.547689195022976172e+01
1.611082572363719123e+01
1.685009750124870465e+01
1.768283649114298939e+01
1.860007981505185271e+01
1.954281375880388438e+01
2.044274063105490313e+01
2.117922095519789139e+01
2.162352230481070237e+01
2.161967840236406957e+01
2.107187513665817491e+01
1.992214089803567489e+01
1.820944027310210700e+01
1.603860163153413865e+01
1.357173846657809335e+01
1.099209000626547628e+01
8.526516595070399163e+00
6.307901246426069974e+00
4.460390754592149065e+00
3.005448938273998394e+00
1.929935843061930223e+00
1.179407164009704356e+00
6.876030553272876045e-01
3.803522195273852935e-01
2.016006783739866803e-01
1.012793278069511194e-01
4.919169696991296248e-02
2.351209888193016295e-02
1.156449663967766030e-02
6.045399103594431556e-03
3.473402837470522184e-03
2.577124984208520753e-03
2.075387280767839685e-03
2.014319555405472140e-03
1.848889249058307876e-03
1.825600484919110431e-03
1.706524263736149301e-03
1.699192770096642898e-03
1.748647194406876106e-03
1.640271363512815772e-03
1.620417021500636856e-03
1.461165778948494195e-03
1.496701248641252140e-03
1.512479698918525219e-03
1.416790379127420233e-03
1.321291568597520241e-03
1.364727035509853128e-03
1.326385985063733295e-03
1.247455056090499177e-03
1.258039523351546420e-03
1.249384649902864465e-03
1.226230354227392672e-03
1.132363889084203774e-03
1.108733022074243025e-03
1.063571448691416621e-03
1.053856273561089947e-03
