2.689303224604677567e+01
2.740246166727977339e+01
2.748530142461920178e+01
2.754640810023114383e+01
2.760116773120443057e+01
2.764754632123439748e+01
2.767994732129039903e+01
2.771066232130259976e+01
2.773926483495321804e+01
2.775931995266706664e+01
2.777341376867421019e+01
2.778311719333991903e+01
2.778630455998156634e+01
2.778627289241720177e+01
2.778761433706924322e+01
2.777800127428414001e+01
2.776527553133905712e+01
2.774439862539601620e+01
2.772041149371752766e+01
2.769047851205985467e+01
2.765446101050840610e+01
2.761814725831118267e+01
2.757447218869562278e+01
2.752478496528128105e+01
2.747055229909482676e+01
2.740691874544829432e+01
2.733630017151557823e+01
2.726478959345539010e+01
2.719066627715781692e+01
2.710165278315785642e+01
2.701476696886724227e+01
2.691314800172989052e+01
2.681799414237158885e+01
2.671000850801025805e+01
2.659763814597996756e+01
2.647749567704007845e+01
2.635268696671213462e+01
2.622857426895623689e+01
2.609299972476930307e+01
2.595271512963007154e+01
2.581224923305506991e+01
2.565976732379981584e+01
2.550487542761919357e+01
2.534514291297019639e+01
2.518787826661671403e+01
2.501659147247944759e+01
2.484900741086272546e+01
2.467777298165456656e+01
2.450130457041260357e+01
2.431905897523947502e+01
2.413420649535954965e+01
2.394883808876262776e+01
2.376544383183577835e+01
2.356985259452657999e+01
2.337603467435076254e+01
2.318433872036292698e+01
2.298412799502544246e+01
2.278774582259867998e+01
2.259005789274261744e+01
2.238922054142551232e+01
2.219043227874857394e+01
2.198742458249389031e+01
2.178836219509426542e+01
2.158616938347416436e+01
2.138180380896687183e+01
2.118297366399433912e+01
2.098190602842996100e+01
2.078245577786487885e+01
2.057960244597950350e+01
2.038132756916938959e+01
2.018693063740069604e+01
1.998458187241458717e+01
1.979030511612273813e+01
1.959313915068070955e+01
1.940202591386726638e+01
1.920750635027760822e+01
1.901924052399115794e+01
1.883126851465371487e+01
1.864635512155827968e+01
1.845895733121815496e+01
1.827895134431575386e+01
1.810222971758969734e+01
1.792421885260987935e+01
1.774932182097327171e+01
1.757531172848162626e+01
1.740734111767432069e+01
1.723737410372156020e+01
1.707498469137937391e+01
1.690834444890357346e+01
1.675312088572920644e+01
1.659753877946713629e+01
1.644679713115020192e+01
1.629639977062758405e+01
1.614919620115762200e+01
1.600628066915315983e+01
1.586389558764779650e+01
1.573033269792796496e+01
1.559647349682824036e+01
1.546626170260128497e+01
1.534391408493141817e+01
1.521960910088711749e+01
1.510323053805001159e+01
1.498902252066711327e+01
1.487342561354203063e+01
1.477035587571361219e+01
1.466620381508157500e+01
1.456579729293735781e+01
1.447350698482287790e+01
1.438241456974290777e+01
1.429601256816917676e+01
1.421308622061505744e+01
1.413564619333473082e+01
1.405958729243539196e+01
1.398692488678645240e+01
1.392202080654210761e+01
1.385948357122311236e+01
1.380147544610625054e+01
1.374361339344787858e+01
1.369920822053004628e+01
1.365093368630326509e+01
1.360999588179743469e+01
1.356853098893487797e+01
1.353652654615565609e+01
1.350730114071418875e+01
1.348028668966391663e+01
1.345659383574170498e+01
1.343943509410665982e+01
1.342282315264675141e+01
1.341401702582648170e+01
1.340742320872842974e+01
1.340348746612342801e+01
1.340496319946945469e+01
1.340636857672768656e+01
1.341284599258383281e+01
1.342534181674815841e+01
1.344054300119811174e+01
1.345538582994167776e+01
1.347545462904139413e+01
1.349740259265149334e+01
1.352082108840485297e+01
1.354937540504873361e+01
1.358267455316194372e+01
1.361416494597582272e+01
1.365222664432233834e+01
1.369405387668837371e+01
1.373684630193316636e+01
1.378092972518013859e+01
1.382314837689260578e+01
1.387042923084689150e+01
1.392584075283796885e+01
1.398136269666308173e+01
1.404048710665084165e+01
1.410025454049380045e+01
1.416631742580715425e+01
1.423179268773932193e+01
1.430111578012483875e+01
1.437290148833851511e+01
1.444850053260493539e+01
1.452546797209892304e+01
1.460902585299722745e+01
1.469475185148511898e+01
1.478029368652989817e+01
1.486982113054424026e+01
1.496428439065938854e+01
1.506377714130798928e+01
1.516642759054586165e+01
1.527280027224267833e+01
1.537874526582537982e+01
1.549056813454082793e+01
1.560908570813045415e+01
1.573529041228908731e+01
1.586488249988250310e+01
1.600354325027015534e+01
1.614173381541783669e+01
1.628562964700893900e+01
1.644049339289862033e+01
1.660905981653983687e+01
1.678548674151928211e+01
1.696310692896813421e+01
1.715639726516950958e+01
1.736519832010219488e+01
1.758313472181986725e+01
1.782177321638649303e+01
1.807390244541581126e+01
1.834731146942448632e+01
1.863591510892784342e+01
1.895187315128080030e+01
1.929335621337923357e+01
1.966945351763918026e+01
2.008154840229924076e+01
2.053930078606615339e+01
2.105748778649866182e+01
2.164611579978794964e+01
2.231972366670538577e+01
2.310764881141873772e+01
2.401689214386768967e+01
2.507959368147316326e+01
2.628116776008382516e+01
2.760709997280099159e+01
2.896668256184741352e+01
3.026745306784810907e+01
3.134638282439638601e+01
3.198048111286661666e+01
3.197573834729341158e+01
3.116568086896380052e+01
2.948670720541421986e+01
2.695467466184374672e+01
2.374880511147537732e+01
2.008855930806760171e+01
1.628670602495759567e+01
1.263417863428157162e+01
9.354893119585440786e+00
6.616483871097586622e+00
4.458592323911733324e+00
2.863611392777961839e+00
1.751374176905013069e+00
1.018440231343186397e+00
5.640135926403410105e-01
2.980467233999307131e-01
1.496550100455412979e-01
7.332797097967455602e-02
3.497246119250854018e-02
1.627849195103415678e-02
8.005773795851834837e-03
4.507041504662114874e-03
2.857829086565852675e-03
2.226808290019522980e-03
2.148880498890314624e-03
1.932066357263690281e-03
1.814762193084729341e-03
1.809175784605918103e-03
1.692541490558705300e-03
1.769646905649343866e-03
1.606612083766188531e-03
1.550964150542600249e-03
1.466484820234160427e-03
1.564331229784462693e-03
1.512319881478151138e-03
1.365232353229961417e-03
1.267067729746547454e-03
1.256137549742552748e-03
1.303771286594793263e-03
1.239005844917158861e-03
1.304134320923416076e-03
1.211796884532289438e-03
1.294297941292268982e-03
1.185273091366897480e-03
1.053666605614925807e-03
1.150458914077082942e-03
1.052961542191701520e-03
