1.808232600785227573e-01
2.315495210079053512e-01
2.797878785520988010e-01
3.194939395219105749e-01
3.548947882036497803e-01
3.872855859883218010e-01
4.140014836760474992e-01
4.399476573145158498e-01
4.612639658600310444e-01
4.830194713192249023e-01
5.021002875374785956e-01
5.219231544258833289e-01
5.389185215793916850e-01
5.564717056499759451e-01
5.734861257150127845e-01
5.886060158763791739e-01
6.041547005780952828e-01
6.187185353868913662e-01
6.330471567275226530e-01
6.470102003162973014e-01
6.612671937037134517e-01
6.750704579438382424e-01
6.886411787869692880e-01
7.032450357597036517e-01
7.180544245973069506e-01
7.339257176696198925e-01
7.481083909088995787e-01
7.636746262385483153e-01
7.799356395345750093e-01
7.968472193553569616e-01
8.156848979026091184e-01
8.331725478317724143e-01
8.521274799213974793e-01
8.726988559541283275e-01
8.931865953060927898e-01
9.140952010885751156e-01
9.382357211851436452e-01
9.635259425742934702e-01
9.888024886651131107e-01
1.016486747038918503e+00
1.047091766569545168e+00
1.076533342223152667e+00
1.110442262589410367e+00
1.148420963060772237e+00
1.185417733931234174e+00
1.225508881210791712e+00
1.268533661859067685e+00
1.314064976016380060e+00
1.362570660764114150e+00
1.412361289626572258e+00
1.466471690476313317e+00
1.526567523495022671e+00
1.588205323867542873e+00
1.653558648370068829e+00
1.720594288839463193e+00
1.791088660284753775e+00
1.868237447932360906e+00
1.947208446634951517e+00
2.031933114739810975e+00
2.119326141037874756e+00
2.213218596239959535e+00
2.309039213770302634e+00
2.410144748173198792e+00
2.516303701395054215e+00
2.624664373889959101e+00
2.738206447610785688e+00
2.857982984585845543e+00
2.979324448364651712e+00
3.106724596180904907e+00
3.237401670967161138e+00
3.373801754368936479e+00
3.513019337058234548e+00
3.655600356507113791e+00
3.802374112513585924e+00
3.952558052030535229e+00
4.107427582156059742e+00
4.262550597482083425e+00
4.422954138215105857e+00
4.587810717622510914e+00
4.751735938615452071e+00
4.917171553968886499e+00
5.089068586929081484e+00
5.257481783678703557e+00
5.430459705779525414e+00
5.603389587752253931e+00
5.779679775339420011e+00
5.956710419164857662e+00
6.132495397708673579e+00
6.310878556501576142e+00
6.488572240408319480e+00
6.665616460547953537e+00
6.840470927501235643e+00
7.019121378711100867e+00
7.194773293218489130e+00
7.371898772234308339e+00
7.545285308706802141e+00
7.718610219301272224e+00
7.892687146464751002e+00
8.057584885523349172e+00
8.224425740459523126e+00
8.391665946936836207e+00
8.554332811842311202e+00
8.718079599435487381e+00
8.874024777685210807e+00
9.030333817819176545e+00
9.185777397774286257e+00
9.341496143772760163e+00
9.487645831986466050e+00
9.630179157335327034e+00
9.774093661496243257e+00
9.911775171459835221e+00
1.004792101452700592e+01
1.018115146672765015e+01
1.031273123823858384e+01
1.043814435479646185e+01
1.056212434163489533e+01
1.068569324221247641e+01
1.080080413297780773e+01
1.091608189953807262e+01
1.103286198968323539e+01
1.114021779709830184e+01
1.124669960180011863e+01
1.135278002732859548e+01
1.145700761080383145e+01
1.155472221003705435e+01
1.165062194129261464e+01
1.174774500879316008e+01
1.183775067541975545e+01
1.192951219032707399e+01
1.201648592324791665e+01
1.210410291096555646e+01
1.218605699257812347e+01
1.226822381920083949e+01
1.234856866202446390e+01
1.242723476333257615e+01
1.250270967319271520e+01
1.258155612062774864e+01
1.265521677358762709e+01
1.272699952374471977e+01
1.279693740500946220e+01
1.286584269396202274e+01
1.293665878290164173e+01
1.300700408828225463e+01
1.307292537204925509e+01
1.314287655490763562e+01
1.321085959205825944e+01
1.327447019037417064e+01
1.333871428485833555e+01
1.340640185429494657e+01
1.347497788530952967e+01
1.354280192960136198e+01
1.360818920654032560e+01
1.367441796703043089e+01
1.374292551565055831e+01
1.381370447998673612e+01
1.388340780398029572e+01
1.395392732508267564e+01
1.402644805703696562e+01
1.410010359507453259e+01
1.417383931412014242e+01
1.425135622081105069e+01
1.433201869936440964e+01
1.441220702577171231e+01
1.449589255240118035e+01
1.458470792061189947e+01
1.467492866520970729e+01
1.476573063790451279e+01
1.486712946414395198e+01
1.496320731474641619e+01
1.506985604048880845e+01
1.518194112340128044e+01
1.528948832713777506e+01
1.541479191613085220e+01
1.553670791534843865e+01
1.566847795082855654e+01
1.580628267081606531e+01
1.595510801219609220e+01
1.610718213107377750e+01
1.626737108590859648e+01
1.644116833125769972e+01
1.662770367564736773e+01
1.682430369395488512e+01
1.704324555183341516e+01
1.727314860987510059e+01
1.751844896267215645e+01
1.779133269466347400e+01
1.807755857256472254e+01
1.839214829080604829e+01
1.874102255903077818e+01
1.912884540201302741e+01
1.955752565818706046e+01
2.004158971814642953e+01
2.059123009850290487e+01
2.122639378878817240e+01
2.196607223307138668e+01
2.282646144884392214e+01
2.382471847289258804e+01
2.495993922512082008e+01
2.620367714585124475e+01
2.749655194356419941e+01
2.872441748299065978e+01
2.972951302177442656e+01
3.032679817424237712e+01
3.030977945735235224e+01
2.954749625409183267e+01
2.793950786432959887e+01
2.554604332496542440e+01
2.248131289252508935e+01
1.902941577249119831e+01
1.542581660360004747e+01
1.195418485207289194e+01
8.852597194382825663e+00
6.250585492451731895e+00
4.217693791831830019e+00
2.710458417245470208e+00
1.657043351209598336e+00
9.639895407026115581e-01
5.359864009872316037e-01
2.833586125187997906e-01
1.421005017287568784e-01
6.946971719295697012e-02
3.286659479707536996e-02
1.537896447853292700e-02
7.297975763561275787e-03
4.130953366556725653e-03
2.731518473948714963e-03
2.249336469392400166e-03
2.027792428881390954e-03
1.813042580952560533e-03
1.836591776418660966e-03
1.921228658669841410e-03
1.739039882691273539e-03
1.517775446648697698e-03
1.598643480863818668e-03
1.533873017563714422e-03
1.522346784095951304e-03
1.572819048315620858e-03
1.463217863709437468e-03
1.442908531264213735e-03
1.505567555432006134e-03
1.342508628477562596e-03
1.419340853869904742e-03
1.282953274245204108e-03
1.312161672061685873e-03
1.149968686642970040e-03
1.230962209124229377e-03
1.104385658166256784e-03
1.085147997714539739e-03
1.045476024028569326e-03
1.040792152090581684e-03
