2.846170409749731664e-02
4.405453414825338809e-02
6.641691828799652086e-02
8.912986172428150056e-02
1.108988550377829896e-01
1.299048316602720299e-01
1.486646244957868235e-01
1.660585437679846232e-01
1.804462534877933899e-01
1.952009881079228848e-01
2.088481332713973126e-01
2.212061148536229038e-01
2.331408621445646423e-01
2.435788738049325663e-01
2.538589928666982187e-01
2.628740155237581644e-01
2.722343897789992750e-01
2.812507040666800129e-01
2.903441705607469059e-01
2.976831119060110997e-01
3.050674652236480267e-01
3.125540933794359044e-01
3.201024399790097230e-01
3.274398266440664562e-01
3.338441732516212457e-01
3.400630592462874358e-01
3.463204655615521044e-01
3.522544173347966212e-01
3.585552565053752305e-01
3.639935661240689679e-01
3.700248242400878129e-01
3.757692986331716001e-01
3.810849061134140570e-01
3.857029858192884131e-01
3.914215135906691789e-01
3.960520573331401950e-01
4.010730312762446070e-01
4.060786710168638458e-01
4.107209663518097686e-01
4.161825728286715487e-01
4.209949912193682864e-01
4.257831495114385856e-01
4.295800020846211043e-01
4.359129701758484576e-01
4.389406501190020182e-01
4.432300462106186778e-01
4.482329073390413643e-01
4.526057349784596284e-01
4.584337687477641476e-01
4.624221348018555666e-01
4.660233782123260893e-01
4.710471774408903078e-01
4.758545881208656736e-01
4.815914149489766150e-01
4.867992160534012069e-01
4.916357178849644072e-01
4.960481828699360163e-01
5.004894845282150673e-01
5.052736438487808179e-01
5.115963753837304839e-01
5.159823060553343499e-01
5.227081170000899002e-01
5.289608750914286395e-01
5.360466533938481604e-01
5.419828388603470382e-01
5.495867735790054276e-01
5.576154647574053103e-01
5.651841157031295415e-01
5.738872987840751838e-01
5.807841317038285878e-01
5.922248573170220132e-01
5.994438983664303056e-01
6.104825640130826514e-01
6.214515887067888489e-01
6.342391687351156548e-01
6.459074855819531003e-01
6.604249964886389490e-01
6.757354347508029990e-01
6.903609842359809123e-01
7.077331836363589534e-01
7.268271520333110525e-01
7.462363705438799233e-01
7.670059301512347494e-01
7.897334744051224265e-01
8.138576983108598562e-01
8.390228692934513788e-01
8.683397209530863137e-01
8.977019100971119769e-01
9.296435770786949382e-01
9.648103734324284808e-01
1.000564122094969255e+00
1.038555703833953681e+00
1.078245481192976474e+00
1.120149111157952015e+00
1.165484715772378221e+00
1.213566181627035556e+00
1.262045839180845341e+00
1.315736242726655902e+00
1.371203551500417284e+00
1.429758919952488272e+00
1.488098771588109770e+00
1.552265177864740942e+00
1.618268999689761678e+00
1.685992127633294979e+00
1.757060846686478550e+00
1.830212349235834868e+00
1.907637828636442823e+00
1.983390688767668664e+00
2.067569515340248021e+00
2.149582677663085306e+00
2.235151698701755674e+00
2.323709565701800983e+00
2.415339488979200144e+00
2.504718994918558206e+00
2.599548369946385495e+00
2.694952294401407045e+00
2.792215876696559018e+00
2.891318863732282640e+00
2.993660728906148982e+00
3.096369468996894803e+00
3.199686944555929280e+00
3.304663343149758514e+00
3.410281943731935606e+00
3.521695604082470066e+00
3.630446419169543137e+00
3.738972178483705111e+00
3.853112704920160780e+00
3.966361282069802208e+00
4.077541721538304742e+00
4.190532284137171715e+00
4.305539547512608145e+00
4.419148708932805647e+00
4.535909992165534810e+00
4.650938140764352191e+00
4.764422038094635603e+00
4.880653233039297767e+00
4.996067817408310852e+00
5.112110879667755903e+00
5.229108712599746411e+00
5.345271731008891969e+00
5.461510369326779468e+00
5.578955358906147133e+00
5.696658154372297389e+00
5.813318154590181308e+00
5.928184780454013314e+00
6.045735674120954251e+00
6.160625719583563864e+00
6.276194446846647068e+00
6.393648455763388583e+00
6.506159437739284179e+00
6.622991406624348265e+00
6.737679936732305919e+00
6.854046803743574223e+00
6.967596715696457110e+00
7.082733890049873970e+00
7.199278515309651461e+00
7.314535020866076209e+00
7.431015976289999436e+00
7.543822914858354878e+00
7.661531892264470400e+00
7.779492764221624945e+00
7.894778356180548684e+00
8.013598085284270311e+00
8.132411518696288866e+00
8.251249673175545141e+00
8.373476837680826179e+00
8.496952942627334693e+00
8.617508011503771215e+00
8.746951267883710912e+00
8.871481436024131639e+00
9.000158654891981413e+00
9.134337788092700805e+00
9.269844107702834179e+00
9.409716718315880968e+00
9.549097092349242644e+00
9.695345992154182468e+00
9.845677903638447859e+00
9.998043007741744148e+00
1.015693253258828754e+01
1.032473337601720864e+01
1.050297833604036946e+01
1.068448728864528796e+01
1.087527014927288782e+01
1.107688848033256512e+01
1.129294928296076606e+01
1.152233963286212948e+01
1.176865974037805707e+01
1.203218382700648093e+01
1.231539748023915415e+01
1.262202866096840559e+01
1.295989612438149052e+01
1.333563880489536402e+01
1.375696117802028340e+01
1.424264623240541638e+01
1.479298845189808809e+01
1.543496559701947035e+01
1.617265006427719953e+01
1.700715812231719326e+01
1.791433632717290081e+01
1.884898435822254825e+01
1.973314510572142666e+01
2.045522776022557920e+01
2.089209248905843808e+01
2.090981750932631655e+01
2.039175719226883032e+01
1.930191137205020624e+01
1.764121584419007505e+01
1.554024440361768278e+01
1.314338231436327931e+01
1.064654347294056258e+01
8.250751441849693890e+00
6.114354692797736135e+00
4.326147666936626557e+00
2.911765936084182993e+00
1.866717238352034958e+00
1.143041787590698188e+00
6.648367343317075351e-01
3.695885576212397106e-01
1.951062499630138725e-01
9.899566073184155879e-02
4.869377653123389826e-02
2.333633240723041735e-02
1.117016050019096693e-02
5.949615682781584855e-03
3.622862477796974425e-03
2.641213798369758652e-03
2.069871094677410914e-03
2.048058434390869799e-03
1.823854484829002653e-03
1.794322616396470645e-03
1.656892306721623881e-03
1.703404743083524343e-03
1.650184101581934773e-03
1.501717506976640642e-03
1.542433037711515289e-03
1.534139575003237851e-03
1.393228756511975287e-03
1.373322794384915224e-03
1.387965766512170912e-03
1.324548202628186844e-03
1.301560789563473630e-03
1.289713426667045935e-03
1.222679958721840151e-03
1.148523306086920819e-03
1.135963370837269996e-03
1.148978302171871878e-03
1.160785600252657373e-03
1.056870385947238913e-03
1.099578175457105152e-03
1.112919565634665816e-03
