5.169725635302586664e-01
5.182876470400930025e-01
5.213478043072756751e-01
5.266805779531851250e-01
5.349856823978738074e-01
5.464998102042148975e-01
5.614902578086716778e-01
5.806034634607591949e-01
6.038225014422647918e-01
6.311743934183227100e-01
6.628858881376518131e-01
6.984425692431602828e-01
7.381483420495276171e-01
7.816289709773510674e-01
8.291145636153361975e-01
8.801566419441748668e-01
9.344973534260332393e-01
9.911064135463344416e-01
1.052009301909595296e+00
1.115090478335241997e+00
1.181347871022930818e+00
1.249673367266711077e+00
1.321296136361725715e+00
1.394946810148026017e+00
1.470128870019930867e+00
1.547881615601841787e+00
1.627752927645613745e+00
1.710548929865368439e+00
1.794747573356703763e+00
1.880623870720142365e+00
1.968640355537778941e+00
2.057442152589163964e+00
2.150351622848727828e+00
2.244568744558748996e+00
2.340228942088763198e+00
2.434473342993091372e+00
2.537026014454565548e+00
2.637688060255834355e+00
2.739645791741637026e+00
2.842261668761118187e+00
2.946854456657766352e+00
3.056336351246672134e+00
3.167523148375338327e+00
3.286245959436117747e+00
3.394841898290590798e+00
3.516218464147200073e+00
3.624884670342638060e+00
3.737015712896593733e+00
3.883512468139745266e+00
3.986306719897107165e+00
4.125985471498568202e+00
4.241872558767694201e+00
4.361643111854882626e+00
4.541792206192994286e+00
4.634003972995138554e+00
4.743102049634017270e+00
4.835558762840181046e+00
5.041606155530312883e+00
5.152892569397987010e+00
5.345187982523768255e+00
5.458967412643335848e+00
5.587954221484610962e+00
5.746473627498334125e+00
5.833575481815178598e+00
6.103289021513596424e+00
6.214322687743463192e+00
6.145693079062242603e+00
6.486879099988825281e+00
6.659929294751455231e+00
6.745925264115547826e+00
6.963823363835365043e+00
7.017187607008803063e+00
7.156962057939637134e+00
7.443358885004244030e+00
7.669252444280696857e+00
7.623723314046253030e+00
7.665966321799022154e+00
7.996137652626975623e+00
7.888096465094432297e+00
8.103284087993390727e+00
8.459586470113768186e+00
8.218141343591723214e+00
8.504161498571138011e+00
8.224422629289954045e+00
9.577168824787598567e+00
9.086062445901804452e+00
9.771352698596750486e+00
9.581722794513062524e+00
9.909353636970285706e+00
1.048693249986730791e+01
9.796900750194819096e+00
1.087342317573174633e+01
9.748346723572392847e+00
1.128381100165937845e+01
9.253341864294153396e+00
1.173836061506472994e+01
1.203214604828929701e+01
1.217759513866816157e+01
1.241800079594420048e+01
9.199082089619791347e+00
1.290664205021171362e+01
1.329435954612066162e+01
1.347044395759987268e+01
1.368428417163709909e+01
9.579332409892618472e+00
1.440074102495182196e+01
1.464952014695641935e+01
1.468460636651758122e+01
1.476444677505162417e+01
1.522475863706095112e+01
