4.320662572611712449e+01
4.095769283710949082e+01
3.917183647706664829e+01
3.738270293503663311e+01
3.540720039301837119e+01
3.312825014890326969e+01
3.060793002677591801e+01
2.771738572636462195e+01
2.467791163441821922e+01
2.157843130407895416e+01
1.848114590831820792e+01
1.560802088628333983e+01
1.298798766529421478e+01
1.068862079147078070e+01
8.742534083714886606e+00
7.123197068474728333e+00
5.805557784496647500e+00
4.747429429377173271e+00
3.908121732597174880e+00
3.244452827876047607e+00
2.725597635425546450e+00
2.321680990607864814e+00
2.006603970382532243e+00
1.762488818833543469e+00
1.573520735945712401e+00
1.428547851182861983e+00
1.317918519332474947e+00
1.235021861828491607e+00
1.174305694660131127e+00
1.131316334770163801e+00
1.102321334135862418e+00
1.083455341769004487e+00
1.073071206504835784e+00
1.068825202021942866e+00
1.069506089436148333e+00
1.073569488402455585e+00
1.080179926049164241e+00
1.087472444829686635e+00
1.095068200422458116e+00
1.102758908306691543e+00
1.109870781929724881e+00
1.115028648424442492e+00
1.120076204572109102e+00
1.125345980233146470e+00
1.128618345174748017e+00
1.130449358927609893e+00
1.130940862081347031e+00
1.132014186315138726e+00
1.131914720937296615e+00
1.141253832350112463e+00
1.104737940589389567e+00
1.864399448100247714e+00
1.158548583863070469e+00
1.181233391800735832e+00
9.091809211572545735e-01
6.535782713919915388e-01
1.531857193464194689e+00
7.774702196904966778e-01
2.051699012002719424e+00
1.015668549969507284e+00
1.549946392306283949e+00
7.724961514927094486e-01
1.448713689229586432e+00
1.503846874010159596e+00
1.595299327727148553e+00
1.117026439270867977e+00
1.116227892646646236e+00
7.624266369855985381e-01
5.365057061332518806e-01
6.514451279781776627e-01
5.920379215913774695e-01
6.219117186789853147e-01
1.721955315612843762e+00
2.588240187628635169e+00
5.206840442867691765e-01
8.141261560187718072e-01
4.922891336293388487e-01
7.200466713004916031e-01
7.282256642425600779e-01
5.241617644779696938e-01
5.668335017303883783e-01
2.446769983652805625e+00
2.428073588304777708e+00
4.171303532765462840e+00
1.065186118064832765e+00
5.257441928984848412e-01
4.003155814744831509e-01
1.014950083795230551e+00
9.545412375926013437e-01
2.109940177485410129e-01
7.247469244951484368e-01
3.937037041151284722e+00
1.923559752071156703e-01
5.199080902250958758e-01
7.751015247979059497e-01
1.632406588076761267e+01
7.527111514930683311e-01
1.458415436136988763e+00
6.351406628456798265e-01
4.249574669057201715e-01
