6.599845710560870202e+02
3.477894596984547775e+02
3.013194458198493066e+02
2.820921717243620037e+02
2.694114347870947768e+02
2.608665929359936513e+02
2.527573089789858614e+02
2.454352342523520747e+02
2.413280515014897105e+02
2.350280284521500676e+02
2.293848479609090987e+02
2.238952332069351314e+02
2.177977291814673322e+02
2.134703695355266007e+02
2.076986398609945184e+02
2.032832105662861011e+02
1.955787719124271575e+02
1.908648425337159154e+02
1.840999358452939703e+02
1.768943184729810412e+02
1.691137497250301180e+02
1.619986049441840237e+02
1.535349318148950601e+02
1.457936329153224335e+02
1.362243951839291185e+02
1.276096513618557822e+02
1.196322059578127721e+02
1.105804637748441621e+02
1.015921783915768799e+02
9.279411456442969097e+01
8.440674897730454518e+01
7.574848019161464663e+01
6.796577930538484225e+01
6.049152382479949353e+01
5.334871029958978284e+01
4.698049224560643466e+01
4.121122839938028193e+01
3.596510400503316163e+01
3.134518500363428473e+01
2.728318602761894240e+01
2.373003257124075915e+01
2.064931362068096732e+01
1.792120570839970384e+01
1.561712961266370669e+01
1.365077198426154936e+01
1.195326942324053121e+01
1.049002921700691005e+01
9.242297197393959607e+00
8.164593371721220905e+00
7.234332249955314431e+00
6.440474204383313861e+00
5.748810357964344142e+00
5.160959970017948706e+00
4.644915182889421956e+00
4.196252139030350214e+00
3.811169209938451097e+00
3.474248005006018047e+00
3.179347576441628132e+00
2.924143307217384358e+00
2.696902738728053084e+00
2.502759479311000401e+00
2.329048177632442762e+00
2.176475247787108991e+00
2.041899740403760877e+00
1.922192539242896459e+00
1.817322166044292198e+00
1.723831793366806142e+00
1.642527828053749639e+00
1.568710765582041811e+00
1.503213204641896006e+00
1.443566221121186155e+00
1.392948266074916619e+00
1.349072283247057857e+00
1.308689770094917160e+00
1.272095486789328378e+00
1.240232133015591431e+00
1.213288190686403034e+00
1.189956720835973369e+00
1.168247201489607701e+00
1.150695905967578980e+00
1.134577241660082780e+00
1.119474524324834075e+00
1.108992631000323970e+00
1.098203150671839934e+00
1.089844852563480959e+00
1.082708184262618278e+00
1.076154515199559958e+00
1.071855309346231744e+00
1.068825628709886510e+00
1.066531987533419157e+00
1.065063300256743339e+00
1.064999287656048343e+00
1.064791748730341769e+00
1.064097101091317388e+00
1.066414089203865601e+00
1.066332129557493458e+00
1.067738717414631555e+00
1.069760955951430059e+00
1.071776911706172619e+00
1.072875436212479050e+00
1.075765134522160604e+00
1.077886105589508148e+00
1.082000435003763084e+00
1.083990356294966872e+00
1.085527291908927605e+00
1.088268061507371653e+00
1.090725808691166421e+00
1.095113098662889195e+00
1.096786226600445335e+00
1.099566566123412636e+00
1.103034936799483390e+00
1.103681838868920240e+00
1.106267369710688175e+00
1.108403522980462519e+00
1.110851315774266990e+00
1.113548792646404273e+00
1.112612529944376094e+00
1.115411388327076869e+00
1.116976195163703833e+00
1.117944264039382407e+00
1.119572419519177187e+00
1.119976468745074616e+00
1.122778531110107059e+00
1.124176794386910538e+00
1.123778064710706515e+00
1.125317644743946799e+00
1.126231090245291888e+00
1.126730102648294318e+00
1.126403592144127996e+00
1.125856168286327952e+00
1.124856017432395383e+00
1.125484567049699791e+00
1.125191891199889049e+00
1.125564851427327540e+00
1.125627344233210758e+00
1.124670698087230747e+00
1.125291170442755506e+00
1.123874103906797428e+00
1.124154971847817208e+00
1.122812073467677196e+00
1.124051818156779792e+00
1.123605317763868072e+00
1.123689111732269819e+00
1.123273491164815674e+00
1.123072350535495145e+00
1.122105102721961734e+00
1.120377166696349125e+00
1.119915950701086071e+00
1.118932029373999715e+00
1.117951782879138989e+00
1.117193598642671093e+00
1.115835927575800968e+00
1.115867673118756231e+00
1.114197955762370018e+00
1.111807727834394743e+00
1.112868291595388470e+00
1.108990094995445430e+00
1.108021402986077542e+00
1.108039934926945858e+00
1.108354523834978789e+00
1.107286144014631546e+00
1.105125185597728876e+00
1.105155877610202397e+00
1.105199992208992121e+00
1.102618015517238037e+00
1.101795481684324285e+00
1.100851078956349927e+00
1.099185453328731521e+00
1.099038238760863262e+00
1.097020267386178860e+00
1.098084721946172015e+00
1.096404319430395402e+00
1.095578716295095845e+00
1.094132722083600351e+00
1.093201207875305503e+00
1.090548280465994724e+00
1.090628991185885077e+00
1.089338504725404722e+00
1.086733014440935285e+00
1.086615921847086330e+00
1.085660933303307152e+00
1.085326118339348112e+00
1.084138104432646577e+00
1.083492421605480871e+00
1.082202668174190530e+00
1.081144502436957699e+00
1.080251525264906753e+00
1.079182710149354296e+00
1.078041493578018928e+00
1.078019658308396078e+00
1.076856481613070571e+00
1.075448863937058741e+00
1.074477573472852887e+00
1.072730880156369970e+00
1.070487563294558742e+00
1.070165724838203714e+00
1.068676767619791246e+00
1.066832411832361771e+00
1.067796327285649438e+00
1.066421231562883820e+00
1.066228607860268740e+00
1.065002878526890573e+00
1.065686470932931895e+00
1.065326396261269126e+00
1.063524313257329990e+00
1.062917259715323359e+00
1.062364101751497092e+00
1.058845635180846179e+00
1.058217977216080463e+00
1.059723155417916507e+00
1.057578311704743257e+00
1.057307699626813369e+00
1.056441394874153117e+00
1.054474272657842437e+00
1.055042941375472720e+00
1.053570310970721291e+00
1.054708639409224435e+00
1.051944326658218909e+00
1.052984519002442720e+00
1.052493197815852266e+00
1.049495636673621446e+00
1.049623125456013550e+00
1.048328288949152975e+00
1.049172595050817502e+00
1.046220566751892234e+00
1.046683696023381849e+00
1.045125599341203415e+00
1.045776314150389963e+00
1.045522518155296732e+00
1.047121598766229233e+00
1.043622974164330142e+00
1.043663202256646771e+00
1.042297399815433012e+00
1.041282982280223424e+00
1.042495349159423323e+00
1.041748813678258223e+00
1.040409241553721165e+00
1.040355942971508796e+00
1.041989876485050370e+00
1.039959376875706054e+00
1.039930285386738040e+00
1.040232674610224617e+00
1.038435876772100919e+00
1.038119152929158462e+00
1.038316722173653339e+00
1.036871911445064409e+00
1.037420365214143159e+00
1.038729253894923987e+00
1.037403903625413237e+00
1.035690958778513249e+00
1.033253364048734690e+00
1.032825357194480320e+00
1.030796018032067440e+00
1.030588995790865159e+00
1.033254525351902986e+00
1.034796245441895302e+00
1.033551465159657567e+00
1.033218681340907219e+00
1.032314026153749786e+00
1.031483054389745968e+00
1.031425478655638939e+00
1.032315123150487013e+00
1.031332161898079969e+00
1.028373395545162605e+00
1.029790474916430165e+00
1.027655747048996204e+00
1.028805514473441374e+00
1.030890414384960652e+00
1.031574656821401259e+00
1.028576703643122814e+00
1.029461763969294674e+00
1.029703098716810095e+00
1.027120378603724182e+00
1.026557190531504959e+00
1.024854477069270020e+00
1.022596717305988667e+00
1.024713711600062416e+00
1.028968038428511589e+00
1.027600996047926651e+00
1.028888716025079475e+00
1.029911297562889239e+00
1.029331029119971097e+00
1.026824728535558284e+00
1.025839097145629486e+00
1.025017390432981790e+00
1.026131758812107497e+00
1.024909530561243010e+00
1.023570531458970923e+00
1.021894616163169456e+00
1.021392342227482652e+00
1.021501484634536272e+00
1.020885859460516132e+00
1.018639192365365709e+00
1.019202616360939118e+00
1.020049439728446528e+00
1.017885510069456823e+00
1.018979707961448877e+00
1.019450071281128523e+00
1.017472236313302636e+00
1.019303761430422561e+00
1.019519261996161275e+00
1.019840054459805634e+00
1.019466399797944067e+00
1.018771880396009966e+00
1.018871896993510440e+00
1.017028403560899630e+00
1.016755921186353273e+00
1.016216584467200867e+00
1.019937289137402336e+00
1.020724092496087643e+00
1.017802409229249916e+00
1.016584609891526769e+00
1.015149587920745278e+00
1.015981633761704916e+00
1.013534700935813548e+00
1.012640001275199708e+00
1.014847043996517151e+00
1.015694938674140291e+00
1.013871634936643229e+00
1.014328243760048931e+00
1.013598582613187693e+00
1.011782248356975833e+00
1.016188008087128614e+00
1.012951069583460484e+00
1.017573838893296001e+00
1.011637447285852032e+00
1.008811145229743245e+00
1.011396239642589512e+00
1.015737337069188451e+00
1.020145466025582204e+00
1.017000268642238581e+00
1.016070224780321274e+00
1.014821153705120382e+00
1.019789977770131806e+00
1.008031757959644503e+00
1.005796794304933517e+00
1.014134090149547029e+00
1.017495375913791467e+00
1.025969144124890375e+00
1.021908537374775827e+00
