3.439614998787079259e+01
2.951168759820262721e+01
2.884128066613194008e+01
2.839082087423089362e+01
2.805010071425425267e+01
2.760203266543119938e+01
2.711036848349139561e+01
2.657062645590142935e+01
2.593383522187826173e+01
2.521744361661798806e+01
2.442454827447337706e+01
2.359761893779290887e+01
2.266542816800624394e+01
2.170957253421079614e+01
2.067501129121053793e+01
1.956510711662106416e+01
1.846021794132090577e+01
1.734200949222667987e+01
1.617097891526934461e+01
1.506511800095234399e+01
1.396181429929354678e+01
1.288329994036971193e+01
1.183969568621891710e+01
1.086979094447888272e+01
9.948881752512987120e+00
9.081437910649166056e+00
8.275715782610062021e+00
7.533833784997843175e+00
6.847747658323100950e+00
6.233136164280347558e+00
5.668278402107885583e+00
5.159030923776183108e+00
4.697153809466215968e+00
4.286336308585909194e+00
3.913718727169560818e+00
3.580891436390782001e+00
3.286806318953858330e+00
3.022817151947374548e+00
2.785904908865079133e+00
2.575366343528404212e+00
2.391259267691128620e+00
2.225662507675616020e+00
2.078861991636456796e+00
1.949252562819649093e+00
1.833770625437680213e+00
1.729797254785516047e+00
1.640984990610281802e+00
1.559335302042285543e+00
1.489941405063639479e+00
1.429098380295460879e+00
1.373449915504350249e+00
1.325872350163587177e+00
1.283832069354654326e+00
1.246964443587605942e+00
1.215860560691574221e+00
1.187248262583420866e+00
1.163535114238022583e+00
1.144293905372991249e+00
1.126675918802479748e+00
1.112441168455919227e+00
1.100680988195106513e+00
1.090805400272981451e+00
1.083223264384194140e+00
1.076984835016744579e+00
1.072151304794547233e+00
1.068721618390744199e+00
1.066609806654180703e+00
1.066581362426884283e+00
1.066763410538923873e+00
1.067473588643058413e+00
1.068579830435544498e+00
1.070355463965593223e+00
1.072485920507090906e+00
1.074740388918365985e+00
1.077186115721034954e+00
1.080863468098314684e+00
1.084125057970622974e+00
1.087877066113037028e+00
1.091383825208082525e+00
1.095303950273742499e+00
1.098610699506654020e+00
1.101562991138190784e+00
1.105202201332995848e+00
1.108393388802416668e+00
1.111001215337312331e+00
1.114257421322453867e+00
1.116233752588520867e+00
1.118015996390869793e+00
1.120347359068292636e+00
1.122240593773052408e+00
1.124452704956755866e+00
1.126096329073988045e+00
1.127115547460702194e+00
1.129394077641339367e+00
1.130102348814050250e+00
1.130125471597676512e+00
1.131193563794669510e+00
1.132172772614883360e+00
1.132901014021467923e+00
1.132550936791095531e+00
1.132159736786191750e+00
1.132430355505165132e+00
1.131661260877860675e+00
1.131564649100629483e+00
1.130372555028997361e+00
1.129693834136989539e+00
1.129311800761709339e+00
1.128262255326837549e+00
1.127534994228127863e+00
1.127052679781311628e+00
1.126537824472733540e+00
1.124968527105208338e+00
1.123466876036658180e+00
1.122251128692998590e+00
1.121570209852734257e+00
1.120605104163852284e+00
1.119215446742988673e+00
1.117292416533294697e+00
1.116343269297149332e+00
1.115640665318109015e+00
1.113867176644700585e+00
1.112451340418639356e+00
1.111214100457435627e+00
1.109680413491994866e+00
1.108231240047827582e+00
1.106428670622281452e+00
1.104843589092900258e+00
1.103698778421809745e+00
1.102233617084535267e+00
1.100811865125054023e+00
1.098373891290394422e+00
1.098350780985213104e+00
1.097428339816635567e+00
1.095575941571625300e+00
1.095418371507619115e+00
1.093573787939283948e+00
1.092623582394209425e+00
1.091175072833838078e+00
1.089969172843114897e+00
1.087229734892166011e+00
1.086707047533944204e+00
1.084879015512493217e+00
1.084496631892914786e+00
1.081950205863055237e+00
1.080749429346732127e+00
1.079470827013854883e+00
1.078549670256005344e+00
1.076915004344196181e+00
1.076840655517928624e+00
1.076010491619279641e+00
1.074749812240217262e+00
1.072815797198844789e+00
1.072670532993082348e+00
1.070266019898090670e+00
1.070553392111139646e+00
1.069227254065050703e+00
1.067421519315688405e+00
1.066531261698186128e+00
1.065412438649416149e+00
1.063290988887480415e+00
1.062361899534272069e+00
1.062753645156660598e+00
1.062573686860413424e+00
1.061948919089015675e+00
1.059798490787138281e+00
1.057716833345804686e+00
1.057133515473965835e+00
1.057033414070099431e+00
1.056859776130843365e+00
1.055259284991265201e+00
1.054357957923776512e+00
1.053171852005866382e+00
1.051591431418052114e+00
1.052131502687529752e+00
1.051550141948379036e+00
1.049807750760292535e+00
1.050569507508165135e+00
1.047694867360952742e+00
1.047319989836786869e+00
1.048325321195944904e+00
1.046355543771076757e+00
1.046329690707214821e+00
1.046164676761606183e+00
1.045281341117543006e+00
1.043458163906337388e+00
1.042501461243087846e+00
1.043543359985527053e+00
1.041676982444605271e+00
1.040361413682542979e+00
1.039865740632620827e+00
1.039269467989285323e+00
1.037952890859087818e+00
1.037261771484134121e+00
1.037779494592315555e+00
1.035964010846390781e+00
1.034331562241555202e+00
1.034580550652006048e+00
1.034842342389214132e+00
1.033930212329076559e+00
1.033879932206470231e+00
1.033715777442045125e+00
1.032144930973187824e+00
1.033182328916993020e+00
1.032198572650327106e+00
1.031607775230098278e+00
1.030128365094469478e+00
1.030840999669576430e+00
1.030005280129833167e+00
1.028646837437906525e+00
1.029003600899292437e+00
1.029170171222550056e+00
1.028371020261539703e+00
1.028024267820755622e+00
1.027704649990275332e+00
1.027986629394202822e+00
1.027313112060185496e+00
1.026669134554519802e+00
1.026252893736850913e+00
1.024029470131875286e+00
1.023914782770896093e+00
1.024588213382478852e+00
1.024129830127073593e+00
1.024166583676716868e+00
1.025631792860666414e+00
1.024384990261502315e+00
1.026806451370932960e+00
1.024439201655247933e+00
1.023102465266631622e+00
1.023023540162372624e+00
1.023306352160981758e+00
1.021401905661599052e+00
1.022329056874163422e+00
1.022114126495528685e+00
1.023160184401455064e+00
1.020828261760979183e+00
1.021463489175534312e+00
1.020849129429964197e+00
1.019048432828297157e+00
1.018960906736222194e+00
1.017966246386599938e+00
1.018557838190003784e+00
1.018185802980314358e+00
1.018272796744177144e+00
1.017204277731093010e+00
1.018873833745334689e+00
1.018563413098121373e+00
1.018714188292973333e+00
1.016031772747818529e+00
1.014249817731075698e+00
1.016562281671950840e+00
1.015591363066373543e+00
1.017246592637936597e+00
1.016801188285687108e+00
1.016005226306475828e+00
1.014209596189668883e+00
1.015087198749196729e+00
1.013741077196354867e+00
1.012966239159664772e+00
1.013032956341779256e+00
1.014880194732219465e+00
1.015538427628328133e+00
1.013546085626330751e+00
1.010241905043160360e+00
1.010456427926780032e+00
1.010314373886738837e+00
1.014548367306641552e+00
1.011182484762958023e+00
1.009963486988565640e+00
1.009392371283723389e+00
1.010287513575337748e+00
1.008174526553717865e+00
1.009545375586666349e+00
1.011193101377072967e+00
1.012041471790718683e+00
1.009927666207970143e+00
1.010708982184382654e+00
1.012337924792212851e+00
1.011484499303571205e+00
1.012714193035039179e+00
1.012715854382789438e+00
1.010914153895807965e+00
1.010703727719391987e+00
1.012315489874251018e+00
1.012006000085129198e+00
1.010409279369407498e+00
1.011888810749285605e+00
1.009135863598954908e+00
1.008869207827996606e+00
1.008852126993202258e+00
1.007938443116093596e+00
1.007941658955396447e+00
1.008602529980491047e+00
1.010925373131126737e+00
1.011387153200791422e+00
1.010660262905309414e+00
1.012321187897383679e+00
1.013753183214098241e+00
1.012651560593372579e+00
1.012817000423621216e+00
1.011140170641436242e+00
1.009775021098139103e+00
1.006990877208702839e+00
1.008175749304508040e+00
1.006216230113869736e+00
1.008286524326547307e+00
1.009512362863771440e+00
1.007208331497867482e+00
1.008042823774516483e+00
1.006315670739188928e+00
1.006233160900833479e+00
1.006279327667423340e+00
1.008084071905624768e+00
1.007082185474264424e+00
1.008106667200836304e+00
1.004871324237547103e+00
1.004733072123832338e+00
1.001515922621222465e+00
1.006172785271161052e+00
1.011950538726393622e+00
1.009734869470202634e+00
1.009996826825804606e+00
1.004012437338589914e+00
1.008949754914127750e+00
1.009598064058137901e+00
1.007882937751518826e+00
1.008236301735896401e+00
1.004054265200630569e+00
1.002810570068798368e+00
1.001888652233932531e+00
1.004210805114104987e+00
1.009250133932419136e+00
1.010164966873982717e+00
1.002149024998699733e+00
1.003663065887557160e+00
1.003352424838832802e+00
1.006445590782813593e+00
1.018902377630448441e+00
1.005806737046703203e+00
1.001770426836538830e+00
1.004333255985256690e+00
