2.122556340105320942e+03
1.069521047385680049e+03
7.606520331242039674e+02
5.869288491651802815e+02
4.791956767496954512e+02
4.136091518806022691e+02
3.633415875489906171e+02
3.239488801368411259e+02
2.891827688071890634e+02
2.595454618993563827e+02
2.321534749808440097e+02
2.061278153176848207e+02
1.800795123230741694e+02
1.549034341131685437e+02
1.307593994435897287e+02
1.075306228427241706e+02
8.591431346826603033e+01
6.704372669352756020e+01
5.127785768194338800e+01
3.846850988460813880e+01
2.861975925546703436e+01
2.126792843603568173e+01
1.580715770968199863e+01
1.186371268515360633e+01
9.003108463238410408e+00
6.931982727564825808e+00
5.414589332800440857e+00
4.312006241284518815e+00
3.496964406112636148e+00
2.890979383752389165e+00
2.440366724768742834e+00
2.095139950879968627e+00
1.832985964161127246e+00
1.632029852580937357e+00
1.476933684238158850e+00
1.361188885220675271e+00
1.271239699644580723e+00
1.204421556485593126e+00
1.154552778311318084e+00
1.119136027976689540e+00
1.095376899778464752e+00
1.080002131128092513e+00
1.071089197844527829e+00
1.067084269362410964e+00
1.068732942882663073e+00
1.071104267190078341e+00
1.073852291684421756e+00
1.076703375914843441e+00
1.079048621857152446e+00
1.095566453516177985e+00
1.081988927199637018e+00
6.308472968796868807e-01
1.305013003384173587e+00
7.845005017975255068e-01
8.643515158039580815e-01
1.614649803343568113e+00
1.919129607273167393e+00
2.299470060916255942e+00
1.420246823479482057e+00
4.540324118967394851e-01
3.087634598030998490e+00
2.268111263043294024e+00
4.474124240864278956e-01
1.339444930939825529e+00
1.270908772052347535e+00
1.309540254979973728e+00
6.560811890865834162e-01
4.975717477427915036e-01
3.933994630996683339e-01
1.026463350363465477e+00
2.345864516359179586e+00
7.782142585957156911e-01
1.689783183511437636e+00
1.833515985125142356e+00
4.570223684374366435e+00
1.159024253303771790e+00
8.962951335969407962e-01
7.465630584223501565e-01
3.430698111680337448e+00
4.681863256980035359e+00
6.357336067714228767e-01
3.849591015148114415e-01
8.246739753946612517e-01
1.506328535673759017e+00
6.935108349946218498e-01
1.278179558101094404e+00
7.085102275757895196e-01
6.840806758779454100e+00
2.425499118604272031e+00
7.135019485089899582e-01
6.557900530734838362e+00
6.594765578297363540e-01
1.387122792041887376e+00
7.714435847624070974e-02
7.406163504560376865e-01
4.303786000829687985e-01
4.882337989377114051e-01
1.266969181469782546e+00
3.144933941090174212e+00
3.396840936898190666e+00
