4.383431769060636896e+01
4.112803359253965141e+01
3.850009256958792747e+01
3.556956217582733615e+01
3.230393770867608794e+01
2.879370585523223625e+01
2.497831827002169192e+01
2.096895369033097012e+01
1.701449746884260961e+01
1.342481176716083624e+01
1.035926236440866965e+01
7.889655793544496198e+00
5.979464319362493896e+00
4.544468148270328633e+00
3.492864599221880084e+00
2.732293542300456402e+00
2.185610480107255782e+00
1.798728854424643142e+00
1.526780259043426957e+00
1.339605473665434365e+00
1.213649190851877169e+00
1.133788487837346981e+00
1.103348599463313873e+00
1.090919918780688613e+00
1.079472775795455863e+00
9.208084035971411119e-01
1.288703166243705844e+00
6.415834110532149248e-01
8.489798617145061232e-01
1.151146034952011288e+00
8.171732940434452974e-01
1.018809354839069981e+00
6.076681148155664847e-01
1.509912107603938125e+00
7.429396487029086282e-01
1.359582443234190752e+00
8.624356674960647062e-01
4.229977677319365359e-01
2.153517260272429734e+00
1.067119787144272358e+00
6.505228486596662529e-01
5.909206901427929148e-01
1.224774110089018819e+00
2.824591076250596022e-01
1.570937463852432270e+00
1.419764818611774393e+00
4.368430910918478793e-01
6.762225244412924940e-01
1.241339639083789859e+00
1.069764010931544274e+00
2.772914743085235223e-01
1.956748244356049105e-01
1.602910524349753674e+00
9.081204486849465685e-01
1.463376104741064831e-01
9.875056828365070816e-01
6.418747912684062973e-01
5.784970899469439320e-01
9.052270961789791182e-01
2.016218487506952428e+00
1.617111287021273469e+01
1.122435353526075041e-01
5.305254626784011718e-01
1.541541520349086092e+00
1.767191168181748484e+00
1.242708979716804940e+00
1.213243881568974913e+01
2.700849796661123903e-01
7.643954645495267819e-01
1.472009960772718395e+00
2.537150832557210745e+00
1.231279981990966166e-01
1.432112801951287429e+00
1.014224526039775531e+00
4.224734305826019387e+00
1.484057298948306514e+00
2.570937479202451303e+00
1.866199848335268197e-01
5.697388295013539050e-01
1.245836686234220281e+00
1.372647036934606213e+01
1.225918623376506700e+00
5.954508254117083510e-01
5.103334266694236065e-01
5.364718065018116988e-01
2.236631897637278765e+00
1.012953457090552067e+00
2.199759190701646716e-01
5.675396123221049249e-01
6.197844193218301490e-01
1.023187746224780925e+00
2.239245779934457836e+00
3.856427100258736917e-01
2.420046510867898792e+00
8.902113626744771580e+00
1.463524161214910579e+00
5.464955875849832889e-01
6.565831472075901454e-01
8.447913001076816641e+00
1.355386420588852170e+00
