1.636400921435279088e+02
1.662798054340751719e+02
1.665224477526534201e+02
1.665279098945389649e+02
1.664759524153301129e+02
1.663029451813231958e+02
1.660216023054971117e+02
1.656834151860261102e+02
1.652208349752019387e+02
1.646883507216276428e+02
1.640583338980977146e+02
1.633343743813979927e+02
1.625144645242672539e+02
1.615747139208763201e+02
1.605459347322979227e+02
1.594334792779998509e+02
1.581892635983773516e+02
1.568666462550220331e+02
1.554298040779441124e+02
1.539395065392550919e+02
1.523250853789078576e+02
1.506525892273642455e+02
1.488703906424987338e+02
1.470432219114773602e+02
1.451391243998531593e+02
1.431956940686750102e+02
1.411892597380981158e+02
1.391327434700158960e+02
1.370383550913519741e+02
1.349269821851321467e+02
1.327631299365163500e+02
1.305984360420580117e+02
1.284199655171006498e+02
1.262141867596966591e+02
1.240243884028877517e+02
1.218441972982895436e+02
1.196491309052475316e+02
1.174877638981895700e+02
1.153103092196149930e+02
1.131874108649916764e+02
1.110667113544837008e+02
1.090003563529860884e+02
1.069335146052299024e+02
1.049240448007064401e+02
1.029136641950460245e+02
1.009559320134354294e+02
9.903836380523929961e+01
9.712977061404639301e+01
9.529881277113220506e+01
9.348919543257373732e+01
9.171348647781573504e+01
8.999352125721316042e+01
8.832482185874546587e+01
8.669449238678147651e+01
8.511138473637578272e+01
8.354655404855439826e+01
8.205255392815513460e+01
8.058248631216814317e+01
7.919272913165346495e+01
7.783950796164455710e+01
7.653244675524464924e+01
7.525486940570328898e+01
7.404111328452114549e+01
7.288718372327319628e+01
7.174687161337858754e+01
7.068320751307564365e+01
6.966605920773116623e+01
6.869050746234127303e+01
6.776528483688447579e+01
6.687947554906564562e+01
6.606004513117812849e+01
6.526582031988709787e+01
6.453741866449689724e+01
6.384743260440671975e+01
6.318535073117435985e+01
6.258271412549007806e+01
6.201927542514384584e+01
6.150475445505759353e+01
6.100025451382858677e+01
6.056310742460701135e+01
6.014087164621687265e+01
5.976076066054454117e+01
5.939367604791431887e+01
5.906587380649069985e+01
5.877733600271155012e+01
5.851771778051191575e+01
5.826510522350765342e+01
5.802932775944174892e+01
5.783154961799737492e+01
5.764902314655164872e+01
5.748210730349629927e+01
5.733862245402333713e+01
5.721443263354295539e+01
5.707759556514920973e+01
5.695530636535492164e+01
5.686226541608845508e+01
5.675537613688313598e+01
5.667709861550829942e+01
5.660077841926161568e+01
5.651514897659230741e+01
5.643333925840371990e+01
5.638255098081159389e+01
5.633112417253276760e+01
5.625954773930008912e+01
5.619658696113663865e+01
5.613128162152501943e+01
5.606938507649966397e+01
5.601435444354439852e+01
5.593518710009313111e+01
5.587594050303574278e+01
5.581619197300533841e+01
5.573402100293645844e+01
5.564415549709326569e+01
5.556352651910518858e+01
5.549253823571024924e+01
5.541218943935405150e+01
5.531932606685629850e+01
5.520323958016228261e+01
5.512469593853758454e+01
5.502130193960808668e+01
5.488592387025556008e+01
5.477071304835696708e+01
5.466116525607033338e+01
5.453179251932244398e+01
5.440544273648175988e+01
5.428296298637740591e+01
5.412765018155895547e+01
5.399034053843728032e+01
5.384548531353370038e+01
5.369538419236450011e+01
5.355090115227161363e+01
5.340627439248270747e+01
5.325218711747947964e+01
5.308300449114223341e+01
5.291899682570746677e+01
5.274246801538915008e+01
5.257037020940948935e+01
5.237925664314574448e+01
5.219492417568353204e+01
5.202225362054416991e+01
5.182945958919077611e+01
5.164104038342689051e+01
5.144337839920139288e+01
5.125273067000344440e+01
5.104837663769185951e+01
5.085534222622697342e+01
5.065462358962691525e+01
5.047147540426422552e+01
5.025793623256513598e+01
5.006844686810151757e+01
4.985805123893447899e+01
4.965911076967736193e+01
4.943567061836061072e+01
4.924245464952827689e+01
4.903252612848077518e+01
4.881715046612251996e+01
4.859069648100861372e+01
4.838082346157984404e+01
4.817233923960237973e+01
4.795887428037539735e+01
4.773197892758823713e+01
4.751976231694837338e+01
4.731843245664562403e+01
4.709111607217091233e+01
4.687657642018434245e+01
4.666424714958246511e+01
4.643609968663641752e+01
4.622993565209016964e+01
4.600570904735223365e+01
4.581339773687874839e+01
4.559489356018297457e+01
4.537571433667937981e+01
4.515986778004632640e+01
4.494089585452981339e+01
4.474345636050524888e+01
4.453386885607167045e+01
4.431945430034375732e+01
4.410676248815159539e+01
4.390424519589468133e+01
4.369569634466097341e+01
4.348486652803901364e+01
4.328190893353881563e+01
4.308389335991661540e+01
4.286734038048098228e+01
4.266958514442170980e+01
4.245696321404867746e+01
4.226826380431329255e+01
4.207919434311067874e+01
4.186595826459428338e+01
4.167674645461523397e+01
4.147956274259364307e+01
4.128368271743656237e+01
4.109447055440038099e+01
4.089508926556246138e+01
4.069578358834954201e+01
4.052082074559915981e+01
4.032017714867181013e+01
4.013341159033138439e+01
3.994326118991476449e+01
3.975833560897216756e+01
3.957452768896433781e+01
3.938951665443136108e+01
3.920921181219289764e+01
3.903912824762980449e+01
3.886429107157199780e+01
3.868513394180384779e+01
3.850776116609209510e+01
3.834056647552468178e+01
3.815368511291662657e+01
3.798106748851555636e+01
3.780090367886835168e+01
3.762286404909484361e+01
3.745142424363482547e+01
3.729812204673638121e+01
3.713214782891794385e+01
3.696926528798780254e+01
3.680877035806558695e+01
3.665545280909327630e+01
3.648943747755804878e+01
3.633698995447991109e+01
3.618366999540934614e+01
3.603144482144166716e+01
3.588555305546117324e+01
3.573034017478777713e+01
3.558635432067580950e+01
3.544018442692793514e+01
3.528100031305992701e+01
3.513370163926484224e+01
3.499571337490844769e+01
3.484802601198746430e+01
3.470635702755016894e+01
3.457665072193012179e+01
3.442865814269852365e+01
3.429465894727366049e+01
3.415888183128808464e+01
3.402641553503914196e+01
3.389218632921796370e+01
3.376044293185671563e+01
3.363398432958523898e+01
3.350141990841422768e+01
3.337220854490470145e+01
3.324430997855860426e+01
3.312531688675571928e+01
3.300490956441193902e+01
3.289064388414312390e+01
3.278249104916560697e+01
3.265416693806847093e+01
3.254513246120274061e+01
3.244220230057205612e+01
3.232573351976402876e+01
3.221496891018408348e+01
3.211469402555978547e+01
3.200674526305689938e+01
3.189337716301710657e+01
3.180021759266555037e+01
3.171258357218038526e+01
3.160887048129823640e+01
3.150770969090378415e+01
3.141417635077667114e+01
3.131751037750256828e+01
3.123015596619814360e+01
3.114227608522768520e+01
3.105371141243259459e+01
3.096876901997463349e+01
3.089323000060178259e+01
3.082582295949460161e+01
3.075761552768651086e+01
3.067591823174734600e+01
3.060463182650211422e+01
3.054289207519482474e+01
3.048504439806408328e+01
3.041770732368645724e+01
3.036719720351653251e+01
3.031723893749686383e+01
3.026103673025500029e+01
3.021201336426157269e+01
3.016688256303790183e+01
3.011269870939893067e+01
3.007759219733833334e+01
3.004373338533680382e+01
3.002429684092647122e+01
2.999903988618965300e+01
2.997695136194409571e+01
2.996360586546072113e+01
2.995274686259814345e+01
2.995501296810729741e+01
2.995644325272871455e+01
2.997217087279902614e+01
2.997472800275309979e+01
3.001108920163183669e+01
3.004156913971213427e+01
3.007929426368908921e+01
3.011262331432743267e+01
3.018515832868877524e+01
3.025682129131874731e+01
3.030919289305138520e+01
3.039566649406516419e+01
3.050022235998273246e+01
3.061207468848698809e+01
3.073880139056486271e+01
3.088446903680875977e+01
3.104295384361659060e+01
3.122546337628275737e+01
3.143285337584451966e+01
3.166421641930264030e+01
3.191906519726822111e+01
3.220919728902338619e+01
3.253246373863731122e+01
3.289689920107839782e+01
3.331609739807475279e+01
3.379456910150127413e+01
3.432323995288886209e+01
3.492113671511991413e+01
3.561834494239700177e+01
3.636717163146774823e+01
3.718977624500857360e+01
3.809697253422470453e+01
3.904952778728970486e+01
4.000559406546523178e+01
4.094339281878011150e+01
4.181499251001441309e+01
4.257903071631913150e+01
4.313997288946092823e+01
4.344719018948735823e+01
4.342347076217974688e+01
4.297430600850504590e+01
4.211398443562833904e+01
4.078000638667829492e+01
3.899831969489792982e+01
3.675055727726851984e+01
3.411467892793007195e+01
3.119493546617292878e+01
2.803202623169892505e+01
2.478008027473349628e+01
2.152378823871700675e+01
1.834512832642473512e+01
1.535466328282348947e+01
1.263567918392870304e+01
1.018219855167040855e+01
8.040940561912060858e+00
