1.635789524425138950e+02
1.661595273955045400e+02
1.663631300150436800e+02
1.663514700932402661e+02
1.662912038898245441e+02
1.661104588077386950e+02
1.658216473103936721e+02
1.654845237250235925e+02
1.650136450887533215e+02
1.644763281306009048e+02
1.638459984249051899e+02
1.631148733384695504e+02
1.622903179088254717e+02
1.613480489246074399e+02
1.603158364680479622e+02
1.591988536328811108e+02
1.579490726376594409e+02
1.566217802107508987e+02
1.551861670616310107e+02
1.536921404294830893e+02
1.520742392832803773e+02
1.504017543825101200e+02
1.486169271992332028e+02
1.467888742384566569e+02
1.448786336872903178e+02
1.429413230212884969e+02
1.409237382563000551e+02
1.388688828712598706e+02
1.367702792438164181e+02
1.346552084123745203e+02
1.324949980032756400e+02
1.303242271113877280e+02
1.281443227963802087e+02
1.259341138740112882e+02
1.237420354247621077e+02
1.215597140108609580e+02
1.193619717871293631e+02
1.171919292616761084e+02
1.150117192074185937e+02
1.128857537944386706e+02
1.107610180909367728e+02
1.086890535776453248e+02
1.066094615712853511e+02
1.045924161028926420e+02
1.025750639065187926e+02
1.006039339998230702e+02
9.867334564098015903e+01
9.674840969142657343e+01
9.490036681864636137e+01
9.307410779417674007e+01
9.127121381290454849e+01
8.952922432913882744e+01
8.782446044743622338e+01
8.616117143556452618e+01
8.453394448400688077e+01
8.291509947354343524e+01
8.136216224930987551e+01
7.982467906777026201e+01
7.836118639009015396e+01
7.691979561196342274e+01
7.551210377571365484e+01
7.412094282070340512e+01
7.278657387232695442e+01
7.149618756931833730e+01
7.020471261391789142e+01
6.897049657171729109e+01
6.776792648987402856e+01
6.659985204203888998e+01
6.546070545165390797e+01
6.434780019446007771e+01
6.328120701946196647e+01
6.222345226117319328e+01
6.121871901447899944e+01
6.024519852727986091e+01
5.928389204869576190e+01
5.836601721610775684e+01
5.747001655068045523e+01
5.661809262202740456e+01
5.577750856249327427e+01
5.498979260331920216e+01
5.420682828707096945e+01
5.347369244722562343e+01
5.274229386666549857e+01
5.205260500048613181e+01
5.139784045761004450e+01
5.076910948519488187e+01
5.015386815345281946e+01
4.957325551943190334e+01
4.903656335019399393e+01
4.850887121160466364e+01
4.801003924382210641e+01
4.753481795130057463e+01
4.709799838453646714e+01
4.666859564192927934e+01
4.626036937338169963e+01
4.588926896223435392e+01
4.552165527212366669e+01
4.519774848464759032e+01
4.488986356022385138e+01
4.458406141247733245e+01
4.430995091632608052e+01
4.406503426934297352e+01
4.384183360701968724e+01
4.361487433660850144e+01
4.341543929447049521e+01
4.322264835762617707e+01
4.304953385398921029e+01
4.289259649767490856e+01
4.273997511565840313e+01
4.261354805543668078e+01
4.249898986393870359e+01
4.237926011417162897e+01
4.226822600533852636e+01
4.217481344406422039e+01
4.210049191643870614e+01
4.202413225536223251e+01
4.195285284557847660e+01
4.187085676475006579e+01
4.181210233705743917e+01
4.177205007459148334e+01
4.171430545007113722e+01
4.166618175201774221e+01
4.162651589370789651e+01
4.158414290777908207e+01
4.154762783603699461e+01
4.152105483434093003e+01
4.147566518645813716e+01
4.144363885769748634e+01
4.141165953552214773e+01
4.139417938620494652e+01
4.137023356620661474e+01
4.134647515179135269e+01
4.131740403580596421e+01
4.128510066651885069e+01
4.125419324561129031e+01
4.121172028431016088e+01
4.119559213208966497e+01
4.115191968784799315e+01
4.111756581707807356e+01
4.108203560674522947e+01
4.104347327186827243e+01
4.099657128103818593e+01
4.095864963583183993e+01
4.091936799703524485e+01
4.086715023727871454e+01
4.080523719449271880e+01
4.076087928953312201e+01
4.072789408590836757e+01
4.066847873263457558e+01
4.062060879384804224e+01
4.056530226661062954e+01
4.050349636537220732e+01
4.043664325171624085e+01
4.038037988368792242e+01
4.031217260831238747e+01
4.025203658474796953e+01
4.017205530983977724e+01
4.010868265553741452e+01
4.004321672533635734e+01
3.996673247750812408e+01
3.986820416570549241e+01
3.978884024750247761e+01
3.972259486831058695e+01
3.962473816289594453e+01
3.953456614587427254e+01
3.945117223354424141e+01
3.936368786921521945e+01
3.927552070416827235e+01
3.918049398528729199e+01
3.910280894976243360e+01
3.901287192176469887e+01
3.890372317935437252e+01
3.880725827159827901e+01
3.870508456879917247e+01
3.860521652332462139e+01
3.849916539077567279e+01
3.839176937686759317e+01
3.828998342456688420e+01
3.819422353792436553e+01
3.807953178223517909e+01
3.798216871389569604e+01
3.787639196115484452e+01
3.778805696345830256e+01
3.766623649035800980e+01
3.755503370587008050e+01
3.744679690423085816e+01
3.733877714948231130e+01
3.722837150813153784e+01
3.711581952873003587e+01
3.699976248040470495e+01
3.689443549959174362e+01
3.678029344535361389e+01
3.666743284551262860e+01
3.655108526676095693e+01
3.644319849126035393e+01
3.634005746206437948e+01
3.622643812931902119e+01
3.609799898487459302e+01
3.598998336539310117e+01
3.588108307370007566e+01
3.575056515498688725e+01
3.563917600367923910e+01
3.552036479226019594e+01
3.541714004218270162e+01
3.531123546452332818e+01
3.519428269319905667e+01
3.508698987703068894e+01
3.497490898381844460e+01
3.485172230095165702e+01
3.474141959136967728e+01
3.462512129570589536e+01
3.450458636121260270e+01
3.438971607686186616e+01
3.427885916335272753e+01
3.417594791206496296e+01
3.406117197242603112e+01
3.395556425410443069e+01
3.385187919090400754e+01
3.372943418073511879e+01
3.362762865552642921e+01
3.351340216103368164e+01
3.340864252432332648e+01
3.330558084985549527e+01
3.319640968722929131e+01
3.308370821546576224e+01
3.298360225389437517e+01
3.288125501626875291e+01
3.276846201555832749e+01
3.266368022184865083e+01
3.256709449169691339e+01
3.245980003105485423e+01
3.236918730090828689e+01
3.226606697709166838e+01
3.216005140088383030e+01
3.205202403079107398e+01
3.195147835432548078e+01
3.186247974906419600e+01
3.174582207542172441e+01
3.165902370801696009e+01
3.155986064640483235e+01
3.146787528354817809e+01
3.137897914600043947e+01
3.128602455992204057e+01
3.119145398117062129e+01
3.110367182691386745e+01
3.101601422857072166e+01
3.092806551730948073e+01
3.084641732974591122e+01
3.076778228367413703e+01
3.068244994105176460e+01
3.059504244685408736e+01
3.052122664910066874e+01
3.043702888753275815e+01
3.035171869590145732e+01
3.027505425255390037e+01
3.021367555422362017e+01
3.013513884609742632e+01
3.006865072669186745e+01
2.999204282792312171e+01
2.992004380864429791e+01
2.984672853845413698e+01
2.977982680336078047e+01
2.972283182495320020e+01
2.965839083336254234e+01
2.959858695777779758e+01
2.954240911916942025e+01
2.948232264306675177e+01
2.943023056151204742e+01
2.937402533117422720e+01
2.932918552246307797e+01
2.928427739066760793e+01
2.924496788402990788e+01
2.920648109630766598e+01
2.916117193267838914e+01
2.912485000823987491e+01
2.909093167579991857e+01
2.906198518213987469e+01
2.903938712904913544e+01
2.901345504936633901e+01
2.899217422605336836e+01
2.898962442779550486e+01
2.898176865367809540e+01
2.897706013720419449e+01
2.896455681625385381e+01
2.897806198481812956e+01
2.899250451262100370e+01
2.899912959344995400e+01
2.901738996924294156e+01
2.904130247085166161e+01
2.908305718867659451e+01
2.911543081497477559e+01
2.916594951287125781e+01
2.921812424777897732e+01
2.929456410160963387e+01
2.937064179093664862e+01
2.943881808221157215e+01
2.952671910344557915e+01
2.963543241889195556e+01
2.976238554640952927e+01
2.989859395872313996e+01
3.005922611390072774e+01
3.022606080658287198e+01
3.041920966949422223e+01
3.063333809350136860e+01
3.086327587693904917e+01
3.112146469098281543e+01
3.140614645671298533e+01
3.172681070053100783e+01
3.209104811662255941e+01
3.251394433927328720e+01
3.300784054668341838e+01
3.353845095374905583e+01
3.413054109309396011e+01
3.481131426774737037e+01
3.555502720839972142e+01
3.637221520334048819e+01
3.727560185554251149e+01
3.820143648705835915e+01
3.914472477524080318e+01
4.005304442090458394e+01
4.093601598373157202e+01
4.169658643914512908e+01
4.225296687871970391e+01
4.256986185172191739e+01
4.254237640874040238e+01
4.213696589718284002e+01
4.129368218767299936e+01
3.998223096867195636e+01
3.820519964548403635e+01
3.602870296201750477e+01
3.346890224768112176e+01
3.058195047810052714e+01
2.747803369188939726e+01
2.429051518989302139e+01
2.110372908680634652e+01
1.799850182616308913e+01
1.506549767211155810e+01
1.238158176387542220e+01
9.970981539523110726e+00
7.876599497250633242e+00
