1.635485515334501088e+02
1.660968869132241537e+02
1.662773179841745161e+02
1.662482631639975068e+02
1.661761000276708273e+02
1.659925271855446738e+02
1.657015680009898801e+02
1.653555586761071936e+02
1.648859619259891929e+02
1.643447243619083054e+02
1.637128278509272548e+02
1.629785664253359698e+02
1.621498825841122766e+02
1.612062192993152223e+02
1.601712252904975742e+02
1.590536427709045881e+02
1.578024720898788473e+02
1.564705319039720166e+02
1.550322569594697484e+02
1.535355828120801505e+02
1.519184641858309703e+02
1.502413083515241112e+02
1.484565808168759702e+02
1.466293150302221022e+02
1.447163790315848644e+02
1.427733380597850612e+02
1.407580733999153040e+02
1.386985579907059218e+02
1.366027779840013352e+02
1.344873643058041353e+02
1.323214234447234219e+02
1.301525566194268322e+02
1.279722935389428500e+02
1.257625290030325829e+02
1.235654520529130878e+02
1.213814845124135360e+02
1.191834510737162987e+02
1.170138300809480398e+02
1.148331341498040388e+02
1.127025709320921436e+02
1.105805416223498554e+02
1.085047058522149968e+02
1.064207993372365593e+02
1.044093397530991894e+02
1.023849691874958978e+02
1.004149152985214073e+02
9.848243430476506433e+01
9.655468126228120695e+01
9.470706652865159469e+01
9.288191311445106635e+01
9.107541883913410175e+01
8.932529223896658266e+01
8.762192013074744068e+01
8.595430355478396223e+01
8.432494953563022477e+01
8.270297152997839873e+01
8.114853686494311091e+01
7.960439379238904678e+01
7.813489850007759685e+01
7.668646218406145465e+01
7.527776520543818606e+01
7.387844326252181304e+01
7.253514168181716570e+01
7.123345667784700197e+01
6.993310349657127745e+01
6.868939280319462171e+01
6.747503546150983311e+01
6.628965861538240745e+01
6.513328090134073989e+01
6.399512638531842157e+01
6.290398090443954260e+01
6.182740742763720476e+01
6.079070272213197512e+01
5.978067038265926669e+01
5.877760353478575439e+01
5.781909950218351923e+01
5.687925107311481554e+01
5.597353620577822397e+01
5.507394868310372971e+01
5.421831417735503322e+01
5.336528489280596688e+01
5.255142603173656113e+01
5.173472684335770566e+01
5.094958021052833175e+01
5.019778617369102136e+01
4.946399819888414839e+01
4.873366857357716242e+01
4.803499684484888377e+01
4.736734781452535259e+01
4.670638427328102438e+01
4.606701925507235984e+01
4.545129000872431391e+01
4.485421940746456215e+01
4.426686034088064758e+01
4.369518931123250383e+01
4.315011376414371824e+01
4.261932929947804638e+01
4.211660925052786553e+01
4.162811028471143970e+01
4.114365276349472822e+01
4.068849436540945419e+01
4.025781725339965789e+01
3.984620039974463168e+01
3.943570178863252806e+01
3.904461422791857927e+01
3.866977627980440246e+01
3.831831812173169283e+01
3.798281846626495906e+01
3.764214310750995196e+01
3.735122613398279867e+01
3.706561403034044133e+01
3.677393581307201487e+01
3.651220931017053317e+01
3.625841706042326962e+01
3.603674385161986038e+01
3.581731835473861025e+01
3.560514846651052068e+01
3.539037178512048598e+01
3.521712952863774149e+01
3.504410760567155592e+01
3.486205947819308903e+01
3.471403780982392107e+01
3.457512163491993817e+01
3.443727542589125790e+01
3.430944722671760161e+01
3.420099185625039695e+01
3.408018393085332320e+01
3.398800019760572155e+01
3.389428212386661698e+01
3.382146567675478366e+01
3.374322029682070934e+01
3.367831658442542420e+01
3.361257066531282334e+01
3.355445194901748351e+01
3.350051051912945610e+01
3.345302758392706011e+01
3.341473157892279033e+01
3.336451124084042874e+01
3.332463674420584709e+01
3.328957209039713661e+01
3.325436625464110563e+01
3.321585057859522294e+01
3.320602265306028755e+01
3.317896654886445873e+01
3.315362636512634964e+01
3.312781217659670574e+01
3.311492049877091404e+01
3.311142540418674685e+01
3.309070506545755563e+01
3.308666083292218474e+01
3.307600323240164641e+01
3.307081572988764862e+01
3.305709055835784937e+01
3.304543133509292829e+01
3.302871201228764164e+01
3.302198147659836280e+01
3.300258186702838259e+01
3.300327689435710710e+01
3.298703107017595926e+01
3.298342223241577642e+01
3.295649341951937572e+01
3.294485581338438607e+01
3.294105432110034570e+01
3.292560298044021749e+01
3.291121022284411168e+01
3.288310340321539371e+01
3.287217355079763337e+01
3.285257545605727358e+01
3.282782469944410764e+01
3.282097602005919867e+01
3.280805688098492112e+01
3.276986572312620183e+01
3.274234405856623908e+01
3.271998100843905632e+01
3.270645738392961022e+01
3.266758276775372849e+01
3.264226126130027694e+01
3.261531929219528081e+01
3.259542672636453631e+01
3.255675289360102909e+01
3.253034625488018605e+01
3.249558052081783899e+01
3.246578212263840157e+01
3.243098736826031825e+01
3.239574485714663155e+01
3.235059185542581872e+01
3.232261179030845000e+01
3.227787831724176471e+01
3.222139846556360965e+01
3.217077982679120396e+01
3.213511854948552582e+01
3.209137078708047142e+01
3.205707813370537451e+01
3.200645797589580610e+01
3.195085298878638724e+01
3.190764009580878735e+01
3.184410876870968110e+01
3.179719249641707535e+01
3.174446446743856143e+01
3.170265844076707040e+01
3.163536031527064907e+01
3.158628289993485438e+01
3.153255968533740372e+01
3.148763723490515432e+01
3.143251147321269556e+01
3.136738485593056325e+01
3.131317759176122095e+01
3.126726372042604041e+01
3.119779204087766544e+01
3.113906616465617105e+01
3.107321379191011346e+01
3.100432577774407150e+01
3.094951588536882170e+01
3.089610055990064907e+01
3.084131809882197217e+01
3.078309077380556147e+01
3.071857035667544267e+01
3.066035696208525607e+01
3.059399388439677736e+01
3.052914115339258316e+01
3.047454744086649114e+01
3.041032222509427285e+01
3.035742107825813463e+01
3.027249240686373710e+01
3.021859165571034112e+01
3.016491204964836825e+01
3.009563633640776814e+01
3.002705423270005269e+01
2.996311564901933266e+01
2.990153586194442781e+01
2.983656267511316074e+01
2.977664960232971936e+01
2.971731091648968714e+01
2.965455683022840105e+01
2.959539868929996231e+01
2.953575107285165657e+01
2.947077825203388812e+01
2.940269818429998239e+01
2.934497707758267993e+01
2.928149592317375394e+01
2.922668728669956906e+01
2.916206921104879157e+01
2.910435760113568548e+01
2.904537626992720334e+01
2.898698037158012042e+01
2.894321407616101283e+01
2.887737258729140777e+01
2.881683614965406903e+01
2.877296071625121598e+01
2.872056296531040687e+01
2.865712973081071979e+01
2.860458273844213650e+01
2.855751139439838937e+01
2.850345904922695794e+01
2.844889067943691430e+01
2.841669488982189407e+01
2.836424354771126488e+01
2.831486798689203610e+01
2.826838263887690417e+01
2.821473581104880779e+01
2.817374981946327139e+01
2.814115367018397507e+01
2.808249935227224370e+01
2.804673864303757824e+01
2.800840237969294577e+01
2.797258672854431438e+01
2.794363864642374295e+01
2.790255581753957514e+01
2.787439868449062885e+01
2.783994947856331592e+01
2.781444565070673747e+01
2.778863160202990557e+01
2.776454722746432680e+01
2.775369713869060817e+01
2.773891374717979730e+01
2.771977924110544222e+01
2.770912289895218450e+01
2.770124310987625194e+01
2.769211983677613276e+01
2.768806890251189046e+01
2.769699312807954072e+01
2.769327909901588924e+01
2.770330046597317519e+01
2.770225693127261124e+01
2.772130243465214150e+01
2.775141942820258478e+01
2.777776879320340697e+01
2.780921203444866308e+01
2.785702773491004791e+01
2.791035562117474811e+01
2.796619332460748808e+01
2.801498148439499047e+01
2.808573349413414988e+01
2.816875570106214610e+01
2.825644690285908212e+01
2.833810254032251308e+01
2.844803244515751217e+01
2.855465196420946583e+01
2.869391049032608976e+01
2.883839439504022906e+01
2.899613448264426552e+01
2.917043515694373212e+01
2.936024871767526534e+01
2.957692081231950354e+01
2.981486023547905262e+01
3.007315088058316732e+01
3.037332914089315494e+01
3.070421426824173849e+01
3.108227222360693887e+01
3.150454671897247394e+01
3.197806454910355001e+01
3.249991915858922908e+01
3.310058457482058714e+01
3.376821120950003774e+01
3.450776992666420995e+01
3.530636475364232751e+01
3.618459286786390550e+01
3.711285400241737875e+01
3.804959249855517101e+01
3.895147918358755845e+01
3.980661823574867952e+01
4.056640439554858801e+01
4.108820454096721875e+01
4.138127532508114115e+01
4.135536114556741438e+01
4.096082659986026897e+01
4.014012544474172017e+01
3.887968587105487472e+01
3.716629476296318302e+01
3.503912974069621100e+01
3.258286723326679635e+01
2.978104367286242038e+01
2.675811652884358693e+01
2.365711614215896930e+01
2.055475340588938948e+01
1.752043041363545228e+01
1.467815496130781305e+01
1.205890956822318572e+01
9.703708997006772918e+00
7.665411018833924395e+00
