1.635541752157041344e+02
1.661078938282045954e+02
1.662940102175303423e+02
1.662686426893003784e+02
1.661992989891122932e+02
1.660156647581510470e+02
1.657259828794132375e+02
1.653807964969713566e+02
1.649117597921899971e+02
1.643715107724166558e+02
1.637375331326415733e+02
1.630055016804169554e+02
1.621789607804152240e+02
1.612338490241151021e+02
1.601993010199124683e+02
1.590821281291382263e+02
1.578314980550399014e+02
1.565012119892306259e+02
1.550612076452216002e+02
1.535656277155234761e+02
1.519497762631041269e+02
1.502732799426748613e+02
1.484901503997058967e+02
1.466599580046769233e+02
1.447472260836128726e+02
1.428061671298925717e+02
1.407921935883350670e+02
1.387354899290110666e+02
1.366372603341351635e+02
1.345201427130983234e+02
1.323560930271331983e+02
1.301871051028234945e+02
1.280063158631878082e+02
1.257951609830821980e+02
1.236019840500883049e+02
1.214183767883832843e+02
1.192181525852170267e+02
1.170495528102757987e+02
1.148681765816964884e+02
1.127390181349079086e+02
1.106158997923544973e+02
1.085424698857679289e+02
1.064599141155614177e+02
1.044404530386305083e+02
1.024249348598634128e+02
1.004531772406046031e+02
9.852135716540976773e+01
9.659551322601477352e+01
9.474585208025983718e+01
9.291949491539929795e+01
9.111218282874339991e+01
8.936535306208888585e+01
8.766240722153297327e+01
8.599337930041915001e+01
8.436595564435825167e+01
8.274504407953233454e+01
8.118805603805189719e+01
7.964052550439751599e+01
7.817443779747461008e+01
7.672837331273582606e+01
7.532125757352443429e+01
7.392117316101790436e+01
7.257879062438426843e+01
7.127794357520826907e+01
6.997796687284804307e+01
6.873430238141935433e+01
6.752300002110804655e+01
6.633934678344371605e+01
6.518424263714624090e+01
6.404811851248230425e+01
6.295930577180527621e+01
6.188253540953361664e+01
6.084874868856602603e+01
5.983961635013513813e+01
5.883882668321152920e+01
5.788484386854047870e+01
5.694712063965916116e+01
5.605179770563935904e+01
5.515367346435779439e+01
5.430511695497349933e+01
5.345916640013979304e+01
5.265026737661241185e+01
5.184219018736585838e+01
5.106611101006458142e+01
5.031972010839371734e+01
4.959767940834933597e+01
4.888147443059882846e+01
4.819553694761283680e+01
4.754490808989023520e+01
4.689913029626738705e+01
4.627760612847023225e+01
4.568102774315321568e+01
4.510185369779055264e+01
4.453455816854114602e+01
4.398345435246106661e+01
4.346706587430961122e+01
4.295565230458348083e+01
4.247974398759320280e+01
4.201986422849748948e+01
4.156481156702678703e+01
4.113987593900213113e+01
4.073916522386561212e+01
4.035243389326861063e+01
3.997749998474637323e+01
3.961796453742630320e+01
3.927821134421556337e+01
3.895789549750307401e+01
3.866169579675825929e+01
3.835728081236958076e+01
3.809841607778773209e+01
3.784492639752513554e+01
3.759184364117662369e+01
3.736445572506222845e+01
3.713980980301712975e+01
3.695594414188156662e+01
3.677089028150778205e+01
3.658944484386488227e+01
3.640408266630179668e+01
3.625925908110780682e+01
3.612270353838646031e+01
3.597706994904374511e+01
3.584974673076800400e+01
3.574252036347463957e+01
3.562813118711407157e+01
3.553518679650189682e+01
3.545729425701158277e+01
3.536274747315499667e+01
3.529558259769336814e+01
3.521849345553076205e+01
3.516350221549210886e+01
3.510593830520852521e+01
3.506341084731619162e+01
3.500839202341821732e+01
3.497101002554936855e+01
3.492798498336408386e+01
3.488558977043113174e+01
3.486249805798154711e+01
3.482480282071360023e+01
3.479085507248402109e+01
3.476086907468679499e+01
3.474056227901925098e+01
3.471291257524073615e+01
3.470329238658671756e+01
3.468666412542855682e+01
3.467209301123425291e+01
3.464728141418733998e+01
3.463592802162202133e+01
3.462952818200116667e+01
3.460945365150298159e+01
3.459702206203055397e+01
3.457894129411173623e+01
3.457217469144744371e+01
3.456366153652910356e+01
3.455876429668537497e+01
3.453476584323961163e+01
3.451607792775976691e+01
3.448718118764027452e+01
3.448523859846532957e+01
3.445983892980215302e+01
3.444691585052270710e+01
3.441037876263163753e+01
3.439022802656106137e+01
3.438495092284347976e+01
3.434889716512535074e+01
3.432400062050957956e+01
3.428920488093690011e+01
3.425906564704334301e+01
3.423505431705414992e+01
3.419287707609948512e+01
3.417420295248164308e+01
3.414737951752294975e+01
3.409697724161481602e+01
3.406555158471638833e+01
3.402447912249237305e+01
3.398834869564352346e+01
3.395073946743062976e+01
3.392005248420767316e+01
3.387033929197492199e+01
3.383798574480999122e+01
3.377966009270260628e+01
3.374128102877721602e+01
3.369076083312474168e+01
3.365836573291300482e+01
3.360057201571085272e+01
3.354138205866226485e+01
3.348145046133652869e+01
3.342935560917878490e+01
3.338520653104183111e+01
3.332760176036289579e+01
3.326012994664418443e+01
3.320654911668778198e+01
3.315602647488895371e+01
3.310032587316326413e+01
3.303236795963557881e+01
3.296624795563241861e+01
3.291425517059572314e+01
3.285101230344954359e+01
3.278650654785873542e+01
3.272395635796578972e+01
3.265937016629163026e+01
3.258205721290075019e+01
3.252549497599112271e+01
3.244756623674745555e+01
3.240082672341021919e+01
3.233205985332521237e+01
3.225714198597691507e+01
3.219059855429360795e+01
3.212931820882066347e+01
3.204573630616283708e+01
3.198322799954476281e+01
3.190698065114442628e+01
3.182601260868432291e+01
3.176502335107348785e+01
3.168519320260466543e+01
3.162299614120297520e+01
3.154990001986176651e+01
3.148208312966547595e+01
3.140898019227696736e+01
3.134357232315706554e+01
3.126822244945694962e+01
3.119732665730910881e+01
3.112653787200048683e+01
3.105362961717385062e+01
3.097653428958110666e+01
3.090858904007548702e+01
3.083313725795429860e+01
3.076292041368793306e+01
3.068535613176236510e+01
3.061345396225662085e+01
3.054741664558241609e+01
3.047397761366591595e+01
3.041309806320414566e+01
3.032866230440527744e+01
3.026250137743512170e+01
3.019334498978627224e+01
3.011089430538820721e+01
3.004946950995046606e+01
2.997412252233732843e+01
2.990192935380197170e+01
2.983734439601882826e+01
2.977177352183216641e+01
2.969710900648374263e+01
2.963640627893669688e+01
2.956783514081696396e+01
2.951271128047623904e+01
2.944843494484799606e+01
2.938850032604094054e+01
2.932017263513637317e+01
2.926181079071893976e+01
2.920651797433821173e+01
2.914454189027996733e+01
2.907996217744335610e+01
2.902755048523844295e+01
2.896211369899936372e+01
2.889783607950405298e+01
2.884775655069902811e+01
2.878588014523353777e+01
2.873986271197677667e+01
2.868960656202599679e+01
2.862581112389339211e+01
2.858176741995634629e+01
2.853542974762290640e+01
2.847214760340833806e+01
2.842757633921881322e+01
2.838273534480287807e+01
2.834765216608873217e+01
2.831061606172502465e+01
2.826856693640459639e+01
2.822901459904764820e+01
2.819898031745435318e+01
2.817964449326900223e+01
2.814710299770180058e+01
2.813006888869080768e+01
2.810233675054316294e+01
2.806494684516633242e+01
2.805370507255521062e+01
2.803577419394849102e+01
2.802011743569604008e+01
2.801519582747996395e+01
2.800577160758760797e+01
2.801227611607290768e+01
2.800885649950301470e+01
2.800912328965031506e+01
2.802163116424966915e+01
2.804465970526040763e+01
2.806901713968334988e+01
2.809297166405276514e+01
2.812379166841380140e+01
2.815633069123683185e+01
2.821309239871846941e+01
2.825839973577981468e+01
2.830791346623368909e+01
2.836607656521234233e+01
2.844198407800157824e+01
2.852852181568664847e+01
2.860538416364835612e+01
2.870738155121106772e+01
2.881888401792780030e+01
2.895538459573037571e+01
2.909857631091112040e+01
2.925348811286374229e+01
2.942307855353731583e+01
2.961781628059941696e+01
2.983507288546622149e+01
3.006932467831783384e+01
3.033460529354135815e+01
3.063135499851309618e+01
3.096528302111411080e+01
3.133478940696471682e+01
3.175208639236988617e+01
3.222216387143550520e+01
3.275372407669215846e+01
3.335672496157221190e+01
3.403239411902401912e+01
3.476629345796331449e+01
3.556210635192494607e+01
3.644484053545598101e+01
3.736543169556589561e+01
3.829843986304711478e+01
3.922186079775327272e+01
4.009541941246818908e+01
4.082260902556875948e+01
4.135479650356947445e+01
4.167094896396961445e+01
4.165912746695644842e+01
4.126555092650855272e+01
4.042752906425384651e+01
3.917367218849879151e+01
3.744143891390800860e+01
3.529306418936605638e+01
3.277743383221940832e+01
2.997788639636267405e+01
2.694419510543504614e+01
2.381315860291439535e+01
2.068274510855050252e+01
1.763174091772835084e+01
1.476614846541372827e+01
1.211855766741783746e+01
9.769675388799953453e+00
7.720065111957480575e+00
