1.179054632403853162e+02
1.191084453012416731e+02
1.190694320109671196e+02
1.188897429560464758e+02
1.186426278516494932e+02
1.183130338598623155e+02
1.178320417836900305e+02
1.172623504455890071e+02
1.165821844934867499e+02
1.157600550481567723e+02
1.148608185433630666e+02
1.137981901505134203e+02
1.126044751873430698e+02
1.112963982958285101e+02
1.098757011710387985e+02
1.083174653063502433e+02
1.066074426956393921e+02
1.048168679849606804e+02
1.028965216891746337e+02
1.008947943981523423e+02
9.881378576154627069e+01
9.658839831060322467e+01
9.431436733531558048e+01
9.201663522149708285e+01
8.961741974240834452e+01
8.723192507207892277e+01
8.477546612735184794e+01
8.230285691476859711e+01
7.981802854370874911e+01
7.737294477425975003e+01
7.489947140374796675e+01
7.245709544075037911e+01
7.004732564727116539e+01
6.765945177496824670e+01
6.529816439322894439e+01
6.298760818114614324e+01
6.072962917297263630e+01
5.852513097611113579e+01
5.636444290135113988e+01
5.427084461062946019e+01
5.224758669470773498e+01
5.028952492277474562e+01
4.837148426730547612e+01
4.656059662697306578e+01
4.478054817534413701e+01
4.304544363987062638e+01
4.141092127468113659e+01
3.984004183681422973e+01
3.833763236121740192e+01
3.688911876754718833e+01
3.548824771246128762e+01
3.417185130298538809e+01
3.291209106892993930e+01
3.168967457182265690e+01
3.054483061380839715e+01
2.944501821940260200e+01
2.840086258518082829e+01
2.742364009999760555e+01
2.648707193271386373e+01
2.560685687988168624e+01
2.475771965525604656e+01
2.396809082524204371e+01
2.323108110110560176e+01
2.254687959255210927e+01
2.188267557042611955e+01
2.127785244096432749e+01
2.071130878090237459e+01
2.019237037524322176e+01
1.969789313024698885e+01
1.923452047152548161e+01
1.880114160015687474e+01
1.840597818547394127e+01
1.804987361687623704e+01
1.771309348912392068e+01
1.739006154459720221e+01
1.710792385069524002e+01
1.685194957467804855e+01
1.661597327756074449e+01
1.639949653905609495e+01
1.621093845007837686e+01
1.603020457902716345e+01
1.587122833334271732e+01
1.572696407993013601e+01
1.558552978996239169e+01
1.546559551673837873e+01
1.537013253660148138e+01
1.525829147061126179e+01
1.516366148044148332e+01
1.510163278163721223e+01
1.502607822288862494e+01
1.497008700153997296e+01
1.491174058595465368e+01
1.486039815323116819e+01
1.480539494944322421e+01
1.475872441945183589e+01
1.470874761241591600e+01
1.467326482214654426e+01
1.463108415912008908e+01
1.459543329751532958e+01
1.455411407180751304e+01
1.452980619787962979e+01
1.448517761162171702e+01
1.444750911297483498e+01
1.441093523971115609e+01
1.437215179789604491e+01
1.432213758801420589e+01
1.428807881174402183e+01
1.423763932365303297e+01
1.419120490250902122e+01
1.414660355034801675e+01
1.410120097609857659e+01
1.403175459791802737e+01
1.398361112022151609e+01
1.392166557701097673e+01
1.387056119998710102e+01
1.382212861979173368e+01
1.374736679645462090e+01
1.367747897189110518e+01
1.361656863252735761e+01
1.353504050864527564e+01
1.346436484706484649e+01
1.338873959487924914e+01
1.331706094265812013e+01
1.323752299861775583e+01
1.315095739822006848e+01
1.306411688288466877e+01
1.298078626497752097e+01
1.289227249318112989e+01
1.279508782654172805e+01
1.270396648254245520e+01
1.259933903399440958e+01
1.252556493899060541e+01
1.243013412670956797e+01
1.233459194501241107e+01
1.224063926490230614e+01
1.214545699788464361e+01
1.204441576813244197e+01
1.193308181305312488e+01
1.183274118302183098e+01
1.171678950265049934e+01
1.163246186377687508e+01
1.152742086568226476e+01
1.142475013745327850e+01
1.132046232403566499e+01
1.122008038705421740e+01
1.110874396190047264e+01
1.101012219126439717e+01
1.090789913168797831e+01
1.079214224343498607e+01
1.069212107629411790e+01
1.058810860705044554e+01
1.048349368230750223e+01
1.037516280253314349e+01
1.026747630195071359e+01
1.015702279201812175e+01
1.006121038479937368e+01
9.948705685738888249e+00
9.846383435341218515e+00
9.741717438110047311e+00
9.639732245873245731e+00
9.534329971298575401e+00
9.433699900387889414e+00
9.339123988110157981e+00
9.232403202913701534e+00
9.138008431531488895e+00
9.046286564113366069e+00
8.956617336306306854e+00
8.860837149019870296e+00
8.760765309135118528e+00
8.667625030606156855e+00
8.564984886700081290e+00
8.467855085825753747e+00
8.375168313065337600e+00
8.284758695608211099e+00
8.197374741650289565e+00
8.107309288552237092e+00
8.020948004494938388e+00
7.933493575598630443e+00
7.847845384437176719e+00
7.763009938204453952e+00
7.668973099129895665e+00
7.580554964124328166e+00
7.501146814889377623e+00
7.412408465416067571e+00
7.331731879876719482e+00
7.248540204432275758e+00
7.173624210990965366e+00
7.095324330652753808e+00
7.011578774390121005e+00
6.938871561549603939e+00
6.864607713495691321e+00
6.775529579259455204e+00
6.703909015800389781e+00
6.640140948092772000e+00
6.559104660525918007e+00
6.489471907934381001e+00
6.418587190823422439e+00
6.342346777518589995e+00
6.273837262040211193e+00
6.200695332036250562e+00
6.141982553630239039e+00
6.069804782151347666e+00
6.010496072781582377e+00
5.949391074375146360e+00
5.880297444139917395e+00
5.815643296370075710e+00
5.751406364246374636e+00
5.686359856795105472e+00
5.621599442222052545e+00
5.567639497005277605e+00
5.506389826225738027e+00
5.449230847673283584e+00
5.391656171944406495e+00
5.340354061892463200e+00
5.278566718101501465e+00
5.224365752242091432e+00
5.175514333260555766e+00
5.111762691444407203e+00
5.064037429013599656e+00
5.005962779176318378e+00
4.954552691585074164e+00
4.907921185561765931e+00
4.861226687156078086e+00
4.809240454342216253e+00
4.758096777057896354e+00
4.714687993284314871e+00
4.666686951958884499e+00
4.618638740128113263e+00
4.572857360872957244e+00
4.525038627338492603e+00
4.469519846037858457e+00
4.435445641633123159e+00
4.388217779652525685e+00
4.350911814874659278e+00
4.313041224817021124e+00
4.274565135853158004e+00
4.235902590366701581e+00
4.194749604082769423e+00
4.152753065236741037e+00
4.112299349159002304e+00
4.076057890533572703e+00
4.032685888155053355e+00
3.996080654776758667e+00
3.960045310772127625e+00
3.925139628454215046e+00
3.888929412907196514e+00
3.854238501956893437e+00
3.825096375308930874e+00
3.791974621824920177e+00
3.754290081353651054e+00
3.718986981703589212e+00
3.686402906042834271e+00
3.655122015004356850e+00
3.623009386679364674e+00
3.594449963989771124e+00
3.565034016397678140e+00
3.535228845715108648e+00
3.506131494107345592e+00
3.477834514290508494e+00
3.453524479694250360e+00
3.427414690816982024e+00
3.399611299547056209e+00
3.372027913056728110e+00
3.341757339218424327e+00
3.320326188527461753e+00
3.299051863296578180e+00
3.275198237246109478e+00
3.254547481373366580e+00
3.223416918423026800e+00
3.205487941495246407e+00
3.181459096622549776e+00
3.161353668353209745e+00
3.137901270192944292e+00
3.120288603473454714e+00
3.099331146778745882e+00
3.077211365310682289e+00
3.064765541089905732e+00
3.050266837701201439e+00
3.029885169377343423e+00
3.010955778985387798e+00
2.996385541848010536e+00
2.987704403646704421e+00
2.971202226666112889e+00
2.952902775464786522e+00
2.939905067854043708e+00
2.924634368365837567e+00
2.914204570568270203e+00
2.906767178740766511e+00
2.898908475724359501e+00
2.886785286375217918e+00
2.875115887365407463e+00
2.873012046484897386e+00
2.864498905682315577e+00
2.859674013737175002e+00
2.852437891997396946e+00
2.846657335240807996e+00
2.845083078369498253e+00
2.845191105682816968e+00
2.849689055337674137e+00
2.846951978695061669e+00
2.852050157626055960e+00
2.851281465289907224e+00
2.854653227013639327e+00
2.858067655832403187e+00
2.869916919825805657e+00
2.890997088255567782e+00
2.898116504618277300e+00
2.919862390237136118e+00
2.942807290496097572e+00
2.968406834587868914e+00
2.991650782422059063e+00
3.036458709432432901e+00
3.074926849661602013e+00
3.122495583982931144e+00
3.177992268827640299e+00
3.235252019224895470e+00
3.302290510282748226e+00
3.378979642565051567e+00
3.448003701606972449e+00
3.520166259000284903e+00
3.589576045309917696e+00
3.657579893298033014e+00
3.688987365458160639e+00
3.714275988284498453e+00
3.699058245350089535e+00
3.645829654609163750e+00
3.581385650620278582e+00
3.463336499356147513e+00
3.294255467209344257e+00
3.109997116132742878e+00
2.875037813403954257e+00
2.618901849543261662e+00
2.344565585100402583e+00
2.069213604192353007e+00
1.800279115895844217e+00
1.532692664872027155e+00
1.288394642657496814e+00
1.059069774967307920e+00
8.503322852452078751e-01
6.692198946548160166e-01
