1.636062667025839232e+02
1.662129685613545860e+02
1.664346438153716008e+02
1.664321837657090555e+02
1.663760420040885606e+02
1.661993623835128631e+02
1.659156679660459019e+02
1.655769847383228637e+02
1.651111495574938317e+02
1.645789543545093068e+02
1.639447436050417934e+02
1.632186643096236480e+02
1.623957504018567022e+02
1.614535693701267292e+02
1.604204491732082545e+02
1.593103431025694192e+02
1.580631744166898329e+02
1.567379690549628606e+02
1.553007273805015132e+02
1.538070410878472956e+02
1.521956785245104413e+02
1.505194527681159400e+02
1.487357897837866005e+02
1.469080911840959516e+02
1.450045048587662961e+02
1.430597944990200574e+02
1.410484018282579939e+02
1.389936004261953144e+02
1.368954162902883525e+02
1.347841834331460120e+02
1.326221085601524976e+02
1.304516016152868474e+02
1.282722284378239692e+02
1.260656046520995233e+02
1.238747824518159746e+02
1.216952378451468206e+02
1.194935459566254821e+02
1.173263550510258426e+02
1.151466206168266098e+02
1.130226323317355508e+02
1.108999117872541262e+02
1.088297477885708417e+02
1.067479455457516480e+02
1.047379792247777175e+02
1.027215190010878842e+02
1.007529835846741122e+02
9.882634028644983459e+01
9.690474101581710897e+01
9.505830026175377157e+01
9.323752679130406307e+01
9.143907513469297044e+01
8.969962100135872163e+01
8.800433948057566624e+01
8.634936151484463096e+01
8.472677796821132290e+01
8.311893440721470938e+01
8.157941585803759210e+01
8.005504269143537499e+01
7.860392882061701414e+01
7.717885310257845788e+01
7.579574960001691863e+01
7.442530257504184021e+01
7.311762828243189460e+01
7.185734444305363411e+01
7.060328340736272423e+01
6.941175678390352743e+01
6.825787834571161738e+01
6.714548415883412247e+01
6.606294784825389854e+01
6.500657504924805608e+01
6.401216186520832707e+01
6.303698851083574084e+01
6.211346282231059490e+01
6.123170668640440795e+01
6.036760825884555715e+01
5.955823707004233114e+01
5.878084472089066281e+01
5.805290984816002720e+01
5.733388044984953069e+01
5.668834987938731018e+01
5.604611644196825182e+01
5.545263629533672400e+01
5.487399623214113831e+01
5.433937522257753727e+01
5.384891451804892881e+01
5.338078876773472103e+01
5.293647759322765012e+01
5.252562120880305940e+01
5.214735013196403202e+01
5.179884346809061668e+01
5.146067262889224025e+01
5.116280089704032719e+01
5.088444255704936126e+01
5.061599459197672957e+01
5.037499532676103087e+01
5.015874005217936826e+01
4.994666260535824165e+01
4.976814984744566317e+01
4.960897228043202034e+01
4.944407945548810090e+01
4.930142590188657437e+01
4.918752062548812631e+01
4.907473052487333831e+01
4.896858643414200429e+01
4.887625264704673356e+01
4.877804392835205505e+01
4.870401212874245545e+01
4.863779541118284300e+01
4.855654219134401473e+01
4.850218735444337881e+01
4.844538368421141428e+01
4.838445046972257302e+01
4.833404549364708203e+01
4.828830721268052883e+01
4.825253590880663523e+01
4.820635320290561765e+01
4.816948401395072921e+01
4.810719464051662442e+01
4.807904906658444588e+01
4.803125527339371814e+01
4.797188856038658855e+01
4.792750527365286928e+01
4.789384049085106909e+01
4.782883161875042788e+01
4.777732424465971661e+01
4.774030949487033126e+01
4.766655356718553094e+01
4.761212578870372170e+01
4.755016749076659721e+01
4.749286151663999078e+01
4.741951111890004711e+01
4.736618560872221906e+01
4.728459777323909918e+01
4.720510625276782690e+01
4.711790187582278122e+01
4.704102268027122591e+01
4.695968858296939885e+01
4.686710279026028303e+01
4.676786034738455555e+01
4.667101471177564065e+01
4.657090335680280191e+01
4.646747935366293802e+01
4.637118507543785029e+01
4.626110666498525603e+01
4.615210009606337138e+01
4.603133286345813957e+01
4.592044676551071092e+01
4.580305235804108577e+01
4.568301442321865835e+01
4.556947031882438637e+01
4.544375290350887298e+01
4.531827706647098353e+01
4.518532815550013737e+01
4.506599146672660083e+01
4.491831435222874802e+01
4.478953321733151682e+01
4.463145638623008438e+01
4.449506486906597047e+01
4.435687030744813342e+01
4.422694440359874335e+01
4.408352447024505238e+01
4.393220839167917546e+01
4.379318717962470231e+01
4.363815612908120301e+01
4.347897433285460522e+01
4.334575272002989266e+01
4.319138695116426874e+01
4.303498895006101321e+01
4.288137733258555784e+01
4.274054115049306546e+01
4.258872129915851446e+01
4.242897322513164937e+01
4.227972705063010039e+01
4.210901468395091030e+01
4.195638991332336332e+01
4.178862916908395420e+01
4.163709905925619381e+01
4.148058453898411813e+01
4.132111689272386457e+01
4.116064425281874861e+01
4.100640378355158333e+01
4.085340251679714640e+01
4.069677024726137660e+01
4.053454171574179554e+01
4.037901437371424151e+01
4.020853602847842012e+01
4.005965289519165395e+01
3.989819110751778908e+01
3.974351709362981921e+01
3.958733644464263079e+01
3.943141291149107275e+01
3.927010992641135800e+01
3.912399542588048718e+01
3.896462457552205194e+01
3.880884691562428657e+01
3.866345529845112594e+01
3.850279557136300923e+01
3.835027208869502147e+01
3.820101030554385346e+01
3.804572363769261045e+01
3.788333865117346733e+01
3.772588162943770840e+01
3.759079883283731505e+01
3.744151724118545843e+01
3.730494488029100353e+01
3.715239199158801853e+01
3.700844601127862887e+01
3.687422448301198585e+01
3.670691372565066501e+01
3.656612163346825639e+01
3.641993703684853756e+01
3.626229134504484364e+01
3.613065497956500849e+01
3.598258315604249447e+01
3.584546740831835621e+01
3.571022107452911598e+01
3.557705954834370488e+01
3.543646684563469762e+01
3.529727761458448043e+01
3.516933010943267846e+01
3.503085049742626467e+01
3.488537463217576118e+01
3.475819602873878011e+01
3.462515753974062704e+01
3.449161895153842750e+01
3.437076356371370878e+01
3.423692323040067720e+01
3.410403185653567704e+01
3.398059700047611642e+01
3.386844479439431410e+01
3.373358937594912987e+01
3.361628569582723003e+01
3.348584961900921542e+01
3.336489912761573606e+01
3.324492917896942856e+01
3.312733240125432843e+01
3.301382986942601860e+01
3.288333254468563638e+01
3.277823221872956339e+01
3.266112573193561985e+01
3.254973624974832092e+01
3.244244182056956305e+01
3.232458146986805758e+01
3.221743041309842681e+01
3.211982177902309843e+01
3.201003547506893909e+01
3.191349965899843255e+01
3.180819244860724737e+01
3.171584462115076875e+01
3.162823665778481441e+01
3.152286532990158108e+01
3.142459283920196000e+01
3.133508149448561753e+01
3.122891651154272452e+01
3.114078011281650049e+01
3.107352189202031312e+01
3.098660663054088715e+01
3.090088748637020899e+01
3.081128372942590232e+01
3.073567383110108864e+01
3.064502281751322599e+01
3.056755189913410575e+01
3.048620143474728295e+01
3.041898850640999541e+01
3.034822380435089428e+01
3.027090024172640170e+01
3.021855744295870849e+01
3.015112816342650603e+01
3.007926289523695829e+01
3.002298598291583787e+01
2.997383401226036170e+01
2.991124725081619573e+01
2.985657056727034231e+01
2.980859982866483548e+01
2.976523325276804854e+01
2.971920638156190009e+01
2.968611269349099757e+01
2.964255001454844063e+01
2.961854447939073509e+01
2.960371564687855539e+01
2.958749197145342791e+01
2.956849009146289475e+01
2.955453920261399858e+01
2.954201172989461455e+01
2.954053696822839825e+01
2.953965582902383602e+01
2.954155498867691065e+01
2.955103017486787209e+01
2.956611173265740433e+01
2.959827304894321287e+01
2.963754357634706693e+01
2.968742940377362771e+01
2.973378896431553642e+01
2.981413956526256825e+01
2.987991423832831828e+01
2.995216684256103434e+01
3.004225353264003218e+01
3.014616804594048105e+01
3.026870662942177148e+01
3.038732927385571259e+01
3.053082341510720354e+01
3.068626331913016969e+01
3.087583024266143639e+01
3.108084769798925961e+01
3.131240466026385860e+01
3.157853561721130120e+01
3.187069566220809591e+01
3.219576541579485252e+01
3.257168247851941345e+01
3.298261063888415379e+01
3.344827675627421826e+01
3.399268303107822931e+01
3.459575723366938149e+01
3.528253617693425781e+01
3.605326429751639949e+01
3.686475187228515438e+01
3.774563481791403063e+01
3.869309898140201653e+01
3.962934207798745945e+01
4.054222262313709280e+01
4.143178998483652720e+01
4.218883980673945899e+01
4.274702099753681495e+01
4.305122807753966185e+01
4.302930946670012702e+01
4.262102143261940768e+01
4.177800116746147552e+01
4.042512480615719994e+01
3.865107158250021513e+01
3.645403649048724759e+01
3.386480439879159832e+01
3.093073546832263432e+01
2.779362204678410819e+01
2.457654737793428978e+01
2.135732489115406096e+01
1.820857707416940130e+01
1.526841998442083792e+01
1.253320310377047342e+01
1.009937242700444315e+01
7.964280230621465506e+00
