1.178834491043046171e+02
1.190627772802984765e+02
1.190131088474206820e+02
1.188298548423497607e+02
1.185814404010064465e+02
1.182497702921617844e+02
1.177680667737456872e+02
1.171971400262385288e+02
1.165141598949493442e+02
1.156906002848740513e+02
1.147907403580385193e+02
1.137263677226987397e+02
1.125314317708018450e+02
1.112229848482820671e+02
1.098013123604040544e+02
1.082405381395591490e+02
1.065305592114972484e+02
1.047404379931192864e+02
1.028175343010467913e+02
1.008163040944006497e+02
9.873384761987836100e+01
9.650842279780125921e+01
9.423424162570478302e+01
9.193756235380958231e+01
8.953662232834903989e+01
8.714786845411839522e+01
8.469248600212773681e+01
8.221790177918916243e+01
7.973288093530572951e+01
7.728298198227356863e+01
7.481018285481292196e+01
7.237050733188678464e+01
6.995605896878178953e+01
6.756834690883017913e+01
6.520775420109082177e+01
6.289338477129220450e+01
6.062952638793730387e+01
5.842235149395128246e+01
5.626215261927508493e+01
5.415999159623041237e+01
5.213411621848839417e+01
5.017386181174596516e+01
4.824720259313956916e+01
4.642991987777835305e+01
4.464285196016458457e+01
4.289469499291185883e+01
4.124785077609703876e+01
3.966190158856787207e+01
3.814482825689547951e+01
3.667689516797933180e+01
3.525327325022792024e+01
3.391350684439142782e+01
3.262138430578569626e+01
3.136639538233026059e+01
3.018112484960551711e+01
2.903461039959317347e+01
2.793785631452273321e+01
2.690780789094019809e+01
2.590662039996014698e+01
2.495625796354175208e+01
2.403316289848104859e+01
2.316149160038104071e+01
2.233745253371469275e+01
2.155942341108715965e+01
2.079528115283594403e+01
2.008331277978464158e+01
1.940481911849767371e+01
1.877288547878237779e+01
1.815893446401524614e+01
1.756417714426061139e+01
1.700746942959085573e+01
1.647721467662550765e+01
1.599637206474532469e+01
1.552667036680051993e+01
1.506486953282082020e+01
1.465244310505093139e+01
1.425706177985476764e+01
1.389277782713179477e+01
1.354468266694069278e+01
1.322860690361833136e+01
1.292198748228191896e+01
1.264028372087502916e+01
1.237957406159451601e+01
1.212527318610550964e+01
1.189476884182012206e+01
1.168106603754697304e+01
1.147206775503905618e+01
1.128471674864542607e+01
1.112471364212817448e+01
1.096574081452692795e+01
1.083495116507401690e+01
1.070791552691177095e+01
1.058136114823476781e+01
1.046171737017316872e+01
1.036385105495315173e+01
1.026575234711506468e+01
1.017733067323246843e+01
1.011132319712649164e+01
1.003294165586380160e+01
9.963902060912610992e+00
9.909785240668700368e+00
9.851890411305552320e+00
9.800875794685756759e+00
9.757783038748634397e+00
9.717051110825398297e+00
9.679183087699735566e+00
9.656943723145458236e+00
9.614509341488075123e+00
9.583057689351132780e+00
9.554972647947984399e+00
9.531037135748192668e+00
9.507032771491342515e+00
9.470347783916318818e+00
9.459214308661305637e+00
9.436537302047428355e+00
9.434205755306821928e+00
9.404698567697778344e+00
9.383419049231129350e+00
9.363550874663310708e+00
9.337896185927093029e+00
9.311528470056751772e+00
9.297454644667190848e+00
9.284046383522865042e+00
9.260421945299539104e+00
9.227210685041630001e+00
9.210254191420972347e+00
9.190421784865772992e+00
9.160961026067120372e+00
9.136471709184762702e+00
9.106178198371910781e+00
9.070029335665619641e+00
9.048412072058352962e+00
9.016797605850216613e+00
8.986464131209585204e+00
8.950118467780864506e+00
8.908914204945581616e+00
8.869557503248667985e+00
8.828742841776046291e+00
8.795924078310942917e+00
8.762133646704670653e+00
8.719728114342110814e+00
8.668903082971358032e+00
8.636860773484739795e+00
8.585920414318227500e+00
8.541591444673636957e+00
8.491940924897789955e+00
8.443864474693933531e+00
8.401293590250942245e+00
8.348526905911663576e+00
8.296861600234276324e+00
8.244670748503672542e+00
8.193915363090733095e+00
8.149628490623500809e+00
8.094010178724097671e+00
8.046831103041768074e+00
7.986630626850658388e+00
7.918970195990469918e+00
7.870698126860791177e+00
7.820102675403985515e+00
7.753862260323431954e+00
7.697685141944223375e+00
7.642440998616318204e+00
7.600057304008966952e+00
7.543360631602506139e+00
7.485547464237445325e+00
7.423058275029891462e+00
7.360658028163015842e+00
7.299821875472035870e+00
7.240493948157462611e+00
7.193604806438088417e+00
7.132328904026912220e+00
7.074030066529910066e+00
7.018972467113700375e+00
6.953044850689669154e+00
6.891175399017003045e+00
6.832864932612412900e+00
6.777521805837750435e+00
6.719878080921868779e+00
6.661291353921923175e+00
6.616533561609685421e+00
6.560524066082304984e+00
6.501550482792986863e+00
6.446672518634134263e+00
6.386933102065490253e+00
6.327771845480634205e+00
6.271746308439308137e+00
6.217178745195269585e+00
6.163704517193966836e+00
6.107273525661891966e+00
6.047535286543683775e+00
5.989260094136827917e+00
5.938459605495962634e+00
5.882098263129591942e+00
5.827868072936932542e+00
5.772820701512197950e+00
5.721934122654299237e+00
5.671855047500382163e+00
5.618939172010868788e+00
5.571577584164010055e+00
5.517974269421149991e+00
5.474592815670701995e+00
5.415872163604944944e+00
5.366848511155694723e+00
5.315299504540032416e+00
5.270154865251647003e+00
5.218497801365123756e+00
5.168822971379591458e+00
5.119976125812779166e+00
5.073857080450074442e+00
5.025003627149595253e+00
4.980537722715073556e+00
4.927466039235393502e+00
4.884166808333247900e+00
4.841497681155386701e+00
4.798847870073384314e+00
4.757623200977428191e+00
4.716568390631841190e+00
4.666921034765739940e+00
4.626948419906613097e+00
4.584611925865626603e+00
4.541590339504182339e+00
4.501909178112530441e+00
4.467655707668098941e+00
4.427984819902728297e+00
4.388524364680051804e+00
4.347895239479839802e+00
4.307788763350496986e+00
4.267026282381266356e+00
4.228518235238476031e+00
4.188448907859209314e+00
4.146527469313393333e+00
4.115858315231485598e+00
4.077391526092672080e+00
4.045628224085602298e+00
4.014024299879868529e+00
3.979634980878068440e+00
3.937338689031700145e+00
3.897526661761932854e+00
3.863060130427280914e+00
3.834162458208286051e+00
3.799570955491314184e+00
3.777878958473189108e+00
3.740655911775926601e+00
3.713424528224600785e+00
3.681722956140422109e+00
3.651655851552883636e+00
3.622410849047204007e+00
3.592682074289768934e+00
3.564157107017106529e+00
3.538761624859438903e+00
3.509647190312130682e+00
3.483379621162182804e+00
3.455258603207767010e+00
3.433632419134179603e+00
3.402538333657301184e+00
3.379016538512789491e+00
3.353683943860232830e+00
3.331497655146651748e+00
3.305010590754035249e+00
3.281220055081778053e+00
3.251742982098625667e+00
3.224058554507791996e+00
3.203803828917443752e+00
3.183218444438858263e+00
3.161442296475999836e+00
3.146994536483867400e+00
3.122328278660360112e+00
3.101054960085699808e+00
3.078360421945237402e+00
3.064062573274390466e+00
3.049671161454170942e+00
3.028912203179465301e+00
3.006962147386123885e+00
2.994976059637135979e+00
2.973097211008684404e+00
2.956812540586623683e+00
2.939153405579014056e+00
2.921226644267638672e+00
2.909471532071216338e+00
2.898208709640635483e+00
2.880724113951954379e+00
2.865998475605414875e+00
2.858283888445132259e+00
2.841152130005260457e+00
2.830205247944427960e+00
2.817840951443132624e+00
2.807920083507067677e+00
2.800190311390906572e+00
2.791886508283722534e+00
2.782261833988337152e+00
2.774147548298868671e+00
2.769627081333763119e+00
2.763554987782198324e+00
2.759703783137309685e+00
2.755069625900230523e+00
2.752751659912367810e+00
2.752627012966614828e+00
2.755873153736400738e+00
2.760812137275934219e+00
2.759691855559746276e+00
2.761476503219455481e+00
2.762687885357687723e+00
2.766686993288911101e+00
2.776515832248454441e+00
2.791848370106890798e+00
2.809814910870045424e+00
2.831925026399807699e+00
2.844148875214159489e+00
2.862643606417501818e+00
2.889222257434286956e+00
2.917333770905517820e+00
2.957988935910786044e+00
3.004744804826461557e+00
3.050739107032617081e+00
3.096470762199411642e+00
3.152760026459064946e+00
3.217032730217195269e+00
3.293135554633206841e+00
3.369468072170598738e+00
3.437293218966159358e+00
3.498155933287408814e+00
3.542889977960536729e+00
3.589672370917267319e+00
3.605034733553313497e+00
3.605155141403277863e+00
3.565476949067993395e+00
3.481853634532955155e+00
3.372377440540327065e+00
3.212134001336784728e+00
3.033704944524086233e+00
2.818311794842076168e+00
2.566135121768133409e+00
2.298749459545231577e+00
2.036735199197816204e+00
1.755253586167883517e+00
1.505538084350215966e+00
1.265640440384029564e+00
1.037290231858302603e+00
8.347281326779112387e-01
6.618908268008252271e-01
