1.636568752261734119e+02
1.663109431114905590e+02
1.665599700537974002e+02
1.665699545627586815e+02
1.665166814629403973e+02
1.663477456499631160e+02
1.660657208989411231e+02
1.657285937579630968e+02
1.652690801851922799e+02
1.647353009125813799e+02
1.641075430409528906e+02
1.633837784353605969e+02
1.625656694319884821e+02
1.616264022854520874e+02
1.605961902978694411e+02
1.594881767988492243e+02
1.582416478633911368e+02
1.569204835324836154e+02
1.554836495376144399e+02
1.539925834156616986e+02
1.523805322470936403e+02
1.507087573745669431e+02
1.489244522373102768e+02
1.471009402724354231e+02
1.451944379627778972e+02
1.432570826859025601e+02
1.412467336394713584e+02
1.391931237161378476e+02
1.370989787191784046e+02
1.349866064629404434e+02
1.328252725574463682e+02
1.306601669616256345e+02
1.284822317258471003e+02
1.262780665858180242e+02
1.240900561727849123e+02
1.219136224669152995e+02
1.197180442442082295e+02
1.175568271408408236e+02
1.153847365114623926e+02
1.132639762247562487e+02
1.111467587137505859e+02
1.090884644336596523e+02
1.070237506076561971e+02
1.050171953920952319e+02
1.030164269032794238e+02
1.010645827212553627e+02
9.915712023580871914e+01
9.726067415589777454e+01
9.544162170665751432e+01
9.364947121844966205e+01
9.189019790463709114e+01
9.018673372787122844e+01
8.854263370857566429e+01
8.694050342219496486e+01
8.539279334478548833e+01
8.385984286794099773e+01
8.240541317401768140e+01
8.097739811669764265e+01
7.963753468578096317e+01
7.834124091446592786e+01
7.709174185956189262e+01
7.587627448371895866e+01
7.472800572278673314e+01
7.364307953398348161e+01
7.257951160332069662e+01
7.159322961891010095e+01
7.066287130694631458e+01
6.978289000911010476e+01
6.894445970141430280e+01
6.815165104011870767e+01
6.742036125510733768e+01
6.672588838743973838e+01
6.608665728424809060e+01
6.549496276730631905e+01
6.492821083248659875e+01
6.441980613206295914e+01
6.394512007714347135e+01
6.352340216823586161e+01
6.310713869886073013e+01
6.275930275563375460e+01
6.242356935400712814e+01
6.212409806221884168e+01
6.183785290833998971e+01
6.158026987723673074e+01
6.135602273787835514e+01
6.116401470857321243e+01
6.097015643594673406e+01
6.079698021104371719e+01
6.065321044499316372e+01
6.051157391205556735e+01
6.039121509046123748e+01
6.027535444456496805e+01
6.018441258040060404e+01
6.007945619598891085e+01
5.998237535469275628e+01
5.990230957038929915e+01
5.981174785402884453e+01
5.974615836715427264e+01
5.967761434080566119e+01
5.959421535520202440e+01
5.952484521636934289e+01
5.947113876118221043e+01
5.940701156323468268e+01
5.931949964246038576e+01
5.923824861986695822e+01
5.914809408360095233e+01
5.908589310359133151e+01
5.900145972967116137e+01
5.890781612877503193e+01
5.882675521847612288e+01
5.873066333795458860e+01
5.860760331819498248e+01
5.850362699275805767e+01
5.839197822313118280e+01
5.828609533424997124e+01
5.816825287030274438e+01
5.803483724209315398e+01
5.789251921617646701e+01
5.777535633653425862e+01
5.763132618984969469e+01
5.746029714053887716e+01
5.730682967710133369e+01
5.715823722406074836e+01
5.698685633216834390e+01
5.682070127373070534e+01
5.666120926529597313e+01
5.647108593415300248e+01
5.629726388765519829e+01
5.610979500387745134e+01
5.593621304586902454e+01
5.573816431261313653e+01
5.556131640615684830e+01
5.535172848071253782e+01
5.514287183272601567e+01
5.493619359822938719e+01
5.472554370061784823e+01
5.451544941363528096e+01
5.429681248415460715e+01
5.407599965480759607e+01
5.385232350583078897e+01
5.363784055443203158e+01
5.341112624287504218e+01
5.318134399238881116e+01
5.296095599247530572e+01
5.273244455022462063e+01
5.249590550811647205e+01
5.226681340498799244e+01
5.204413356710549721e+01
5.178866690574454879e+01
5.157061811164471976e+01
5.133636842453967120e+01
5.110567627791485279e+01
5.084746124673650769e+01
5.061654053493173677e+01
5.037744991778545511e+01
5.013774390923352797e+01
4.989126012720859649e+01
4.965020432221603386e+01
4.941468383985632329e+01
4.918210567057568738e+01
4.894012086370968717e+01
4.870303406772706722e+01
4.847671345400321030e+01
4.821432659549576982e+01
4.798659113914600027e+01
4.774585933210725841e+01
4.749899195907445915e+01
4.726142764631371307e+01
4.703485351158057881e+01
4.680247815239491871e+01
4.656580001738714714e+01
4.633003109379902895e+01
4.609335678522970170e+01
4.585730137662743999e+01
4.563865241654526983e+01
4.540716888590258549e+01
4.517472387388225741e+01
4.494243211020484097e+01
4.473148673107522910e+01
4.449654319700405836e+01
4.428046157884588752e+01
4.405537628932343353e+01
4.384842774829871104e+01
4.362051793527076882e+01
4.340356321748571844e+01
4.317356063005957623e+01
4.296502802538521593e+01
4.276638158356975339e+01
4.253839416350157165e+01
4.233491458898484439e+01
4.212170867002151908e+01
4.191966998551879442e+01
4.171392208882569719e+01
4.150659240579651765e+01
4.129780468642555036e+01
4.110320570548363150e+01
4.089703166373812593e+01
4.069216478266790205e+01
4.049337543696276498e+01
4.029689966635866227e+01
4.010453553010729877e+01
3.991195148891714695e+01
3.972133096224151672e+01
3.953006785433211689e+01
3.935144880594568662e+01
3.916326067926657117e+01
3.897494076196930735e+01
3.879414792919112642e+01
3.860687627769794261e+01
3.842726043505201972e+01
3.825500118294497298e+01
3.806626484135867372e+01
3.788907637404732753e+01
3.771944854415357185e+01
3.754194390986229024e+01
3.737682929703235857e+01
3.721259377658884659e+01
3.703806512397298434e+01
3.687076675236651369e+01
3.671075703423894510e+01
3.655137366636260765e+01
3.640355085554679704e+01
3.623775789936271963e+01
3.607416694471992713e+01
3.592335207155603882e+01
3.576824260656118781e+01
3.560588772791045642e+01
3.545411170756026564e+01
3.529783025228692139e+01
3.515086317912708580e+01
3.500432623996115211e+01
3.486317039103628446e+01
3.472004188456821794e+01
3.457673908438053445e+01
3.444306327658559042e+01
3.429878641787414750e+01
3.416191699584767605e+01
3.402471549379166760e+01
3.389243213021489254e+01
3.376506823595153861e+01
3.362087154330004779e+01
3.349325114614361354e+01
3.336487798825019269e+01
3.324140222848004811e+01
3.312068471766821887e+01
3.300617196342774662e+01
3.288088291797730989e+01
3.276366877531521027e+01
3.265170894539009083e+01
3.253717041048426495e+01
3.242996956363050032e+01
3.231513127009667841e+01
3.221117123305953811e+01
3.210022024139617258e+01
3.199402656780743115e+01
3.190089854621273346e+01
3.179421024270560281e+01
3.169727444397086202e+01
3.160590041112927295e+01
3.149766517524829368e+01
3.141534819224986208e+01
3.133035922589757405e+01
3.124043553978021492e+01
3.116083143423112034e+01
3.108018664502683137e+01
3.099769922529725008e+01
3.091823930389437436e+01
3.083883525454640662e+01
3.076418480485693863e+01
3.069779994975776916e+01
3.063691666910520794e+01
3.056911991522065364e+01
3.050829838454937715e+01
3.045451275149540393e+01
3.039238014638459973e+01
3.034205802466516033e+01
3.030059694718117669e+01
3.025901332476107441e+01
3.022606613594762592e+01
3.018283223854407282e+01
3.016990956408850266e+01
3.013757792714365991e+01
3.012240436354614559e+01
3.010295139137016918e+01
3.009623315368790841e+01
3.009204812002981200e+01
3.008509529609165156e+01
3.009604566628823719e+01
3.009960676657047784e+01
3.013244946594145190e+01
3.016288261414057459e+01
3.019600366670806579e+01
3.022496450797554957e+01
3.029837464519121681e+01
3.036020154957535055e+01
3.041628783773125733e+01
3.049889413181984565e+01
3.059969206527388152e+01
3.071851713673808959e+01
3.085141483579620214e+01
3.099476884526702847e+01
3.115388123777331941e+01
3.132798266239389662e+01
3.153867445661797575e+01
3.177319304737937600e+01
3.202670132249422608e+01
3.231361368543954882e+01
3.265018374563828729e+01
3.302565105113276900e+01
3.343810424892489408e+01
3.391077565983393072e+01
3.444846898121407719e+01
3.505172389908693731e+01
3.573997027469826548e+01
3.648975409896210920e+01
3.732051042162003540e+01
3.822080331848481904e+01
3.916494418627365803e+01
4.011953697552971931e+01
4.104868023542492494e+01
4.194621349341505834e+01
4.271233637461844523e+01
4.327250056270086986e+01
4.358857412483402527e+01
4.353397447830680989e+01
4.309784425750708436e+01
4.222988461920773062e+01
4.089654030333237955e+01
3.908898742445971664e+01
3.685000660164470787e+01
3.422224551826128192e+01
3.126069493829869472e+01
2.810053795133863730e+01
2.484556832418022054e+01
2.158646047674654866e+01
1.839492021902441010e+01
1.540683904565644546e+01
1.265901159134493703e+01
1.019734860256936315e+01
8.051050546793304008e+00
