1.178515008423063506e+02
1.190009517537222905e+02
1.189256043301688237e+02
1.187261243396335146e+02
1.184642135434680483e+02
1.181244169738557588e+02
1.176356789933310552e+02
1.170597508351008145e+02
1.163728897836473237e+02
1.155456182559331211e+02
1.146423395474751743e+02
1.135733918878767241e+02
1.123756618897120205e+02
1.110625659094916386e+02
1.096401680443022002e+02
1.080763279596964566e+02
1.063633949756622314e+02
1.045697157515419917e+02
1.026451479196548462e+02
1.006407334274715879e+02
9.855695305930242966e+01
9.632860169145796192e+01
9.405123219225141895e+01
9.175292654832203709e+01
8.935127842426300049e+01
8.696020015080769383e+01
8.450198104646470654e+01
8.202644417021009815e+01
7.953931364748213184e+01
7.708842032485537743e+01
7.461393050352732814e+01
7.217111427254147316e+01
6.975692233774397266e+01
6.736544662051730370e+01
6.500362189610798680e+01
6.268872198793623340e+01
6.042442410522036766e+01
5.821488261222839355e+01
5.605269406239191454e+01
5.395042404863569629e+01
5.192234326071209694e+01
4.995693514082167042e+01
4.803036832147174096e+01
4.620985825194252783e+01
4.442200955417420971e+01
4.267166064845191187e+01
4.102200635936524975e+01
3.943297272258334374e+01
3.791283092896143359e+01
3.644262020455466455e+01
3.501353720161650074e+01
3.366915404796600342e+01
3.237441108624140185e+01
3.111409974098205566e+01
2.992278648747338110e+01
2.876916625102360925e+01
2.766423368122842419e+01
2.662275908059543994e+01
2.561532204349835595e+01
2.465150816573036963e+01
2.371461534500122070e+01
2.282800462841987610e+01
2.198446672823693859e+01
2.118706132305992895e+01
2.040126498540242395e+01
1.966396815909279638e+01
1.895693962441550440e+01
1.829140550560421374e+01
1.764006535543335730e+01
1.700878932409816358e+01
1.640764277842309582e+01
1.583028480741712762e+01
1.529279021422068219e+01
1.476884519722726630e+01
1.424597290489408685e+01
1.376870355672306445e+01
1.330660230914751629e+01
1.286565338571866413e+01
1.244175511267450140e+01
1.203877455989519696e+01
1.164533123042848395e+01
1.126967425809966272e+01
1.091647414531972693e+01
1.056155330273840143e+01
1.022930041617817309e+01
9.914598425229391054e+00
9.598471866713630618e+00
9.296471310986412107e+00
9.018924787640571594e+00
8.745388340618875489e+00
8.489148235983318358e+00
8.242777407169342041e+00
8.002112461460960446e+00
7.757518597775035829e+00
7.538091391324996948e+00
7.314832985401153564e+00
7.106061876648002595e+00
6.912256168822447755e+00
6.713837362825870514e+00
6.522049170401361451e+00
6.350103524823983214e+00
6.168978215091758699e+00
6.004557022617922790e+00
5.839583897756205566e+00
5.683134242892265320e+00
5.531193393799993530e+00
5.384755169351895354e+00
5.242059961789184541e+00
5.100709839827484160e+00
4.973214026954439149e+00
4.846255692342917420e+00
4.719035450783040986e+00
4.597065076231956482e+00
4.482782364719444246e+00
4.368969661494095824e+00
4.274283660782708161e+00
4.162214491102430358e+00
4.058884244826105103e+00
3.961573802762561325e+00
3.862820091346899520e+00
3.769815838171376221e+00
3.681933901376194473e+00
3.596335880044433608e+00
3.512945182207557693e+00
3.430577954070435531e+00
3.354351106203264710e+00
3.282411584009726990e+00
3.206936923993958466e+00
3.132711984217166901e+00
3.060390336232052810e+00
2.988069700698057662e+00
2.928004557887712966e+00
2.863815576252010331e+00
2.803125851270225510e+00
2.746007164319356431e+00
2.684624864409367095e+00
2.629099717570675843e+00
2.565309553510612961e+00
2.516809539662467010e+00
2.460083291348484025e+00
2.410933121624919906e+00
2.356872816880544175e+00
2.314048417326477036e+00
2.262200610091289033e+00
2.220672445992628585e+00
2.173275474458932877e+00
2.131134906990660660e+00
2.088706148581372268e+00
2.048951288478241928e+00
2.009330670866701141e+00
1.969759284622139450e+00
1.930969261460834030e+00
1.897449822475512748e+00
1.857582552151547439e+00
1.824231952635778420e+00
1.788502079952094315e+00
1.750620461586448906e+00
1.721005086890525337e+00
1.688538195772303574e+00
1.654311835765838623e+00
1.621169719845056534e+00
1.597500463119811531e+00
1.566012482883201606e+00
1.540993607499533180e+00
1.511511526174015518e+00
1.484922107516063683e+00
1.459841485445698028e+00
1.435080465757184509e+00
1.413397756922576187e+00
1.389427023215426438e+00
1.364000157142678971e+00
1.338450178503990173e+00
1.318825096512834305e+00
1.292459598225023987e+00
1.273200788017776253e+00
1.251346324053075554e+00
1.232481895014643669e+00
1.209289322089817764e+00
1.188663175743487121e+00
1.173105962988403084e+00
1.152711031130618569e+00
1.135553568601608276e+00
1.119137165654036759e+00
1.100689024354020829e+00
1.081824310123920441e+00
1.064563579029507157e+00
1.050857566297054291e+00
1.033465454561842911e+00
1.016622317747937210e+00
1.000101907799641365e+00
9.835398234426975250e-01
9.693173703013194809e-01
9.552249890855617487e-01
9.409511133821474305e-01
9.244462420336074793e-01
9.122630531589189795e-01
8.982971062262853357e-01
8.843773549629582176e-01
8.742642125321758995e-01
8.614966010467873803e-01
8.511131166790922853e-01
8.385059030519591561e-01
8.265677696714798239e-01
8.141546124178502541e-01
8.040649371428622016e-01
7.893372705827156333e-01
7.782511683180928230e-01
7.674407807903157464e-01
7.578248708612389528e-01
7.493878042118417016e-01
7.401085069610012779e-01
7.309283812840779992e-01
7.192428450410565111e-01
7.134300514848695984e-01
7.048060763627290726e-01
6.930818057929476472e-01
6.855705728133519861e-01
6.739385182865791357e-01
6.669198960686723021e-01
6.565495549390713004e-01
6.468610282366474840e-01
6.380787821900513190e-01
6.327820198817385444e-01
6.255957125168707389e-01
6.170541349177559587e-01
6.094901477918028831e-01
6.010816704688800582e-01
5.940057019599609411e-01
5.865837417335973969e-01
5.806331532076001167e-01
5.713481712672445756e-01
5.670196280504266051e-01
5.592159111466672439e-01
5.543251773342490196e-01
5.500252246856689453e-01
5.443591024312708360e-01
5.360539129210842857e-01
5.304016586807038802e-01
5.233654273259971124e-01
5.154727545256415633e-01
5.110996004400981674e-01
5.056562799856894053e-01
4.997234900171558247e-01
4.945986655333803883e-01
4.881580535115467301e-01
4.840077158167130356e-01
4.783787434506747704e-01
4.733867724943492394e-01
4.683222394540078048e-01
4.652440269063744527e-01
4.598598613196777096e-01
4.551527101236085282e-01
4.502727248085041656e-01
4.459995762962434274e-01
4.412614332718981514e-01
4.385502139727274762e-01
4.342013018516202583e-01
4.291094163846638221e-01
4.251862689335312862e-01
4.218450142070651054e-01
4.187441477552056313e-01
4.132611834858026523e-01
4.077400195722778453e-01
4.029045068244967442e-01
4.006728401097158776e-01
3.975221937936213035e-01
3.929544319916102868e-01
3.920417550123400097e-01
3.886733236205246467e-01
3.858145141663650857e-01
3.830750075479348316e-01
3.797935193094114648e-01
3.766734327396584758e-01
3.750600371923711318e-01
3.728055439682470551e-01
3.696464124756554948e-01
3.675899144469035873e-01
3.646845963990522632e-01
3.625553768231636886e-01
3.615509700547490102e-01
3.581100682107110633e-01
3.567696612638731612e-01
3.550430403297973880e-01
3.525154318453537217e-01
3.501227028254005891e-01
3.487542978901829738e-01
3.475655001174244862e-01
3.448756279734273567e-01
3.424737723026838321e-01
3.415288857908712616e-01
3.383929894512726078e-01
3.383534196764230728e-01
3.375960578107171650e-01
3.362048475796149960e-01
3.368528065168195362e-01
3.364716999025808564e-01
3.367006824765768069e-01
3.365249669489761009e-01
3.367358633937935219e-01
3.373505352582368833e-01
3.367154925751189576e-01
3.359895298878352032e-01
3.351021411621736279e-01
3.360141970010267487e-01
3.367808657801813488e-01
3.396635625200967179e-01
3.401002008985314351e-01
3.419960442826979752e-01
3.434774137309027919e-01
3.456147595619161739e-01
3.487426421812011013e-01
3.561854897480871696e-01
3.589998513149718629e-01
3.654310018238093871e-01
3.690366384883721484e-01
3.727291071683996315e-01
3.793391561032169457e-01
3.891032947641279716e-01
3.996586725115776062e-01
4.090619364546405068e-01
4.184879144239757043e-01
4.269347397817505607e-01
4.303561708786421414e-01
4.294091327529814262e-01
4.273885429526368962e-01
4.244524314999580383e-01
4.154037765951620331e-01
4.026928188072310677e-01
3.791996814414030914e-01
3.585307019659214611e-01
3.331340722118814601e-01
3.059006298426538706e-01
2.712827077290664302e-01
2.410256940767996903e-01
2.072949502099719343e-01
1.776402152479729657e-01
1.478996624807930593e-01
1.233238277361831670e-01
1.003343595592822435e-01
7.883911604423904373e-02
