1.638447916248938157e+02
1.666825390558384754e+02
1.669719411376997016e+02
1.669954531174535646e+02
1.669538519826546974e+02
1.667890665729437103e+02
1.665175849899457319e+02
1.661889302344845873e+02
1.657328079320769518e+02
1.652108651374946362e+02
1.645884830853236735e+02
1.638673889186815131e+02
1.630537823484357602e+02
1.621175844127441223e+02
1.610913456915104973e+02
1.599939326208565831e+02
1.587504829406230442e+02
1.574318696243992690e+02
1.560007040048218130e+02
1.545226814896507506e+02
1.529176218238046658e+02
1.512507693124523769e+02
1.494819865302997641e+02
1.476680593296970017e+02
1.457784819790132360e+02
1.438524354294794705e+02
1.418674605713362382e+02
1.398413560086208918e+02
1.377762139925051201e+02
1.357034004754440275e+02
1.335790932015527801e+02
1.314652405844378791e+02
1.293516942138449508e+02
1.272183686342548299e+02
1.251122522472873726e+02
1.230272092912801867e+02
1.209514726984630641e+02
1.189230107349639525e+02
1.169043136324069820e+02
1.149630943714191176e+02
1.130473541549333731e+02
1.112146682290430704e+02
1.094049107233326339e+02
1.076881441095482046e+02
1.060141743657959807e+02
1.044144577866326529e+02
1.029071487842732466e+02
1.014329581026155012e+02
1.000734823018505750e+02
9.878543561022533481e+01
9.755465633567243344e+01
9.642019717919812649e+01
9.537929169722471556e+01
9.439967481332577393e+01
9.350255720502850920e+01
9.264685609808918798e+01
9.189160393015826855e+01
9.117334821085407270e+01
9.054938260601014122e+01
8.997962114560709779e+01
8.945489367571120454e+01
8.897639499454045620e+01
8.855829839295549277e+01
8.818760039876791268e+01
8.783099432719185984e+01
8.753918584644492284e+01
8.727526578619233533e+01
8.703259927600144863e+01
8.681672656619674910e+01
8.661436430432762279e+01
8.643798425092893467e+01
8.626458023705779965e+01
8.610804609426138256e+01
8.597522183377779470e+01
8.580453126663238095e+01
8.567639493218236169e+01
8.552843429973147238e+01
8.540964014714703012e+01
8.525624770606820846e+01
8.511629828589684621e+01
8.495884075174591032e+01
8.481250480835409178e+01
8.461674658263434878e+01
8.445288305416792696e+01
8.426640493201973925e+01
8.406821230119295763e+01
8.386776313266481964e+01
8.363511048701140282e+01
8.342407162035044621e+01
8.318750995778839297e+01
8.293837349480952525e+01
8.266733697333241082e+01
8.239034995269220474e+01
8.208077929880495560e+01
8.178599448736886757e+01
8.148897206266356363e+01
8.115289419881426625e+01
8.084292716489694897e+01
8.050291587785831382e+01
8.014412015168261405e+01
7.979299733360856806e+01
7.942776779794314734e+01
7.906315994481825271e+01
7.866990983422022055e+01
7.829706439189929768e+01
7.788197064941302017e+01
7.748693044402878627e+01
7.708261448577526664e+01
7.665593003107575498e+01
7.625426842512275982e+01
7.583978626242830501e+01
7.538549927546264939e+01
7.495507797541512218e+01
7.452476707613351437e+01
7.408965519544373990e+01
7.363929679295763719e+01
7.319369813466938979e+01
7.272716510077958674e+01
7.229905014339672675e+01
7.185127396753404128e+01
7.139374974981814148e+01
7.093596681880909216e+01
7.050048818376836834e+01
7.003268773715851125e+01
6.957981627604131347e+01
6.913777068457233099e+01
6.866127315996924096e+01
6.822763302663325646e+01
6.776039449171940987e+01
6.731927295040523518e+01
6.687081976688331508e+01
6.642533044306591705e+01
6.597567963370559596e+01
6.551765228632027060e+01
6.507905947014141645e+01
6.463121325068175338e+01
6.420173573221954655e+01
6.374253144904935908e+01
6.332039870593830244e+01
6.287452974643493775e+01
6.243715522688007269e+01
6.201338088225068645e+01
6.157650502361860845e+01
6.116316274877985393e+01
6.072984299229381122e+01
6.031402098295308178e+01
5.989412832908037387e+01
5.949319826873806960e+01
5.908776897598854561e+01
5.870177481386515694e+01
5.830236921620937807e+01
5.789669401494523981e+01
5.749463077410194245e+01
5.711131865094639437e+01
5.671525731963053119e+01
5.634288825075546470e+01
5.595141114562707685e+01
5.556957148113171030e+01
5.518529228186214652e+01
5.482906267645410026e+01
5.444410490923637269e+01
5.408070978899489489e+01
5.373456710483625187e+01
5.335845375076790731e+01
5.299628805966534628e+01
5.265694560703291671e+01
5.229342783898439961e+01
5.194057792943020502e+01
5.160091481642270850e+01
5.125068671081370297e+01
5.091773164157682885e+01
5.058193936051547013e+01
5.025281674458873482e+01
4.993165430972605634e+01
4.962508939931132090e+01
4.930720969123036923e+01
4.898707967431248278e+01
4.867955383286422233e+01
4.837613539418885722e+01
4.805867039127008411e+01
4.776904463694175007e+01
4.746499256260533173e+01
4.718110661991644150e+01
4.690177807134435284e+01
4.660044795360282421e+01
4.630750918442796404e+01
4.602562432543344073e+01
4.575772268548394806e+01
4.546431684939481954e+01
4.519959733233734056e+01
4.492825451031427519e+01
4.465841336256817584e+01
4.440683103766391326e+01
4.413397750124371299e+01
4.387205863859715294e+01
4.362075942799948081e+01
4.336868635494514024e+01
4.309702440148060987e+01
4.285397349559207214e+01
4.261455311892356690e+01
4.236807926677997216e+01
4.212400314264080947e+01
4.188685486036341388e+01
4.166078147239424112e+01
4.143736033933394225e+01
4.121007989751942802e+01
4.099041502384982039e+01
4.076941066127687208e+01
4.053804433358795478e+01
4.033300639483496042e+01
4.011097468418564915e+01
3.988681939235293328e+01
3.968717839940782710e+01
3.947524113244851662e+01
3.926624143276785617e+01
3.906067143276474241e+01
3.887335427089193018e+01
3.866319661531255036e+01
3.846551290365295017e+01
3.827090848060987582e+01
3.807612709247675298e+01
3.789560857337415456e+01
3.771364203430803030e+01
3.751115915935751133e+01
3.733663394929374846e+01
3.715951444195373909e+01
3.697660829011955030e+01
3.679788488378235911e+01
3.662151873407165681e+01
3.645969193641121109e+01
3.628455160984388783e+01
3.611357238311464357e+01
3.595514938014629536e+01
3.578672957644388930e+01
3.562789213352310469e+01
3.545709914537493290e+01
3.530824763309990288e+01
3.514270777922680367e+01
3.498641120059028964e+01
3.483480021067285293e+01
3.468579127433819309e+01
3.453863266499779883e+01
3.439980686620850037e+01
3.424800323871416197e+01
3.410965378873433451e+01
3.397972406667793166e+01
3.382552450581802361e+01
3.369031420634102858e+01
3.356761136815796220e+01
3.344313694071271925e+01
3.331311989415178232e+01
3.318519707161974708e+01
3.307534707230647797e+01
3.294045589759370074e+01
3.282540858696288666e+01
3.272044137789158924e+01
3.260388353425098273e+01
3.249904362617857601e+01
3.238266112942238806e+01
3.227268295459924730e+01
3.217168808569630301e+01
3.207397639603480854e+01
3.198143591436245714e+01
3.187638181949117921e+01
3.178177210757781168e+01
3.169491550746577246e+01
3.161194954970163451e+01
3.151844357574064404e+01
3.143581431950299887e+01
3.135390412386648862e+01
3.127979154163607589e+01
3.120727773646219205e+01
3.112840955534550247e+01
3.106397693935941362e+01
3.100298734245208365e+01
3.094849015512183854e+01
3.089692802166616659e+01
3.084623871208662749e+01
3.080659304227392070e+01
3.075990514027038358e+01
3.074299010815250455e+01
3.070541311683295760e+01
3.066245037020618369e+01
3.063380050645012176e+01
3.062040987726005881e+01
3.059880387488388109e+01
3.059258019606328105e+01
3.059399960020340359e+01
3.059630283965098130e+01
3.062367124184299882e+01
3.063517365865658348e+01
3.066813371920666853e+01
3.070886757043036397e+01
3.076978849492119394e+01
3.083347347514438752e+01
3.089455454328182427e+01
3.098334458364984911e+01
3.108352167982902259e+01
3.119292804570070388e+01
3.132264082588997667e+01
3.145739878851879467e+01
3.160484372847091095e+01
3.178290600701983593e+01
3.198278209661190630e+01
3.220679967540591804e+01
3.245233985384100350e+01
3.274569196071484356e+01
3.306897285733732161e+01
3.344104118805061177e+01
3.386593766217398382e+01
3.433946609675573569e+01
3.488819899632003541e+01
3.549923707164074216e+01
3.619185584397150279e+01
3.694711150101908714e+01
3.777231844745718092e+01
3.868467860391331214e+01
3.963077734412666331e+01
4.058388226750598449e+01
4.151221109229819461e+01
4.241105158472984016e+01
4.317147122003370896e+01
4.374970616524564804e+01
4.404714757135011638e+01
4.398731464478509423e+01
4.354702368240990751e+01
4.265610863108030060e+01
4.129304173323450300e+01
3.946106852132405152e+01
3.723693398208944672e+01
3.457725821148696355e+01
3.159708245604301879e+01
2.838758135132536253e+01
2.509327674636834260e+01
2.180979281945945658e+01
1.858528551715657073e+01
1.553683222504348649e+01
1.278559374225299727e+01
1.029197074973905579e+01
8.120997427079450048e+00
