1.635586946379974904e+02
1.661171486286403649e+02
1.663058590206835277e+02
1.662828489321700260e+02
1.662143040463222974e+02
1.660314415934823842e+02
1.657437910179314997e+02
1.653993315344137045e+02
1.649281814524271681e+02
1.643897409101109872e+02
1.637566282553961514e+02
1.630248887795033568e+02
1.621989496973478708e+02
1.612517713204524341e+02
1.602192940353755546e+02
1.591020859200946802e+02
1.578510576495825148e+02
1.565229763316216918e+02
1.550819779836906207e+02
1.535872600123847178e+02
1.519737150460734085e+02
1.502956634251869730e+02
1.485119821165264113e+02
1.466846745263801211e+02
1.447687987268226379e+02
1.428299332994686779e+02
1.408163025712882472e+02
1.387582390580607239e+02
1.366614959915429210e+02
1.345439362103261658e+02
1.323809546448061951e+02
1.302104714708707149e+02
1.280308159704691775e+02
1.258193665207623155e+02
1.236257101133972043e+02
1.214441141745299149e+02
1.192444160405133005e+02
1.170735557529153255e+02
1.148935801471128855e+02
1.127664928034609204e+02
1.106434524063871976e+02
1.085664446190401407e+02
1.064839545988159983e+02
1.044683600636075340e+02
1.024543954856323893e+02
1.004802960916575216e+02
9.854784617951334269e+01
9.662288965644553684e+01
9.477215583957222123e+01
9.294837722427517690e+01
9.114008786328756173e+01
8.939265070687996229e+01
8.769006241714926375e+01
8.602442149292792806e+01
8.439457903570848885e+01
8.277293296629832753e+01
8.121756523120652105e+01
7.967098681837953222e+01
7.820648976087430526e+01
7.676065412285785783e+01
7.535329836555435179e+01
7.395273189199859587e+01
7.261048880145595774e+01
7.131044902558980425e+01
7.001240951895739784e+01
6.876942392176351859e+01
6.755875765691651225e+01
6.637831595528369633e+01
6.522151109795190393e+01
6.408839945333629373e+01
6.300221361561740707e+01
6.192484205442502088e+01
6.089550325211468618e+01
5.988772140683056477e+01
5.889400620163808497e+01
5.794023735614699433e+01
5.700960113785348682e+01
5.611595026477720438e+01
5.522241296998352311e+01
5.437744954289965449e+01
5.353828948327754489e+01
5.273587018019121331e+01
5.194060185762785409e+01
5.117086392850357868e+01
5.043136605958384422e+01
4.972156759057482134e+01
4.901735693480912914e+01
4.834525361476982397e+01
4.770450999751002996e+01
4.707523095121174350e+01
4.647332903780161928e+01
4.588684618918734515e+01
4.532638264359213309e+01
4.477711688183487837e+01
4.424458736835877914e+01
4.374564318589577283e+01
4.325771187144483321e+01
4.280322586926514816e+01
4.236916774791644258e+01
4.193313693898596028e+01
4.153049248856401476e+01
4.115722502702308105e+01
4.080156645008884198e+01
4.044689476926140514e+01
4.011482069528315719e+01
3.980137937008449001e+01
3.950735706775736844e+01
3.923837545353659806e+01
3.895996581160240169e+01
3.872250186350797918e+01
3.849258583205195094e+01
3.826954189325174127e+01
3.806480341400075673e+01
3.786517755986324829e+01
3.770517082801276842e+01
3.754030066563019119e+01
3.738027437506602979e+01
3.722427779915917512e+01
3.709778020838886903e+01
3.698586639494886441e+01
3.685666522129942280e+01
3.675601050163177774e+01
3.666766866297525240e+01
3.657156142782913832e+01
3.649346437849705183e+01
3.642848064291246857e+01
3.634392149575991482e+01
3.628614466387545434e+01
3.622742266828098678e+01
3.618115786056021932e+01
3.614102674266693782e+01
3.610886939312443644e+01
3.605727400285301343e+01
3.602378189183882284e+01
3.599714983946947910e+01
3.595878707088275661e+01
3.594153757012573891e+01
3.590703969658638073e+01
3.587904330481225657e+01
3.585680762969429480e+01
3.584025761538632082e+01
3.582078847854296555e+01
3.580700149769206320e+01
3.578677096858979212e+01
3.577193620471350499e+01
3.574403790571690820e+01
3.572357511199508906e+01
3.571664066396414228e+01
3.569572177432380755e+01
3.567788168135866300e+01
3.567149915531495452e+01
3.565476618434296086e+01
3.563748330396814623e+01
3.562461973099766510e+01
3.558878176318213349e+01
3.557361047934625020e+01
3.554959555314695763e+01
3.552742535992651796e+01
3.549544166806416712e+01
3.547174162287460319e+01
3.543328549079880219e+01
3.539855189005210434e+01
3.538317397061088343e+01
3.533322001359685061e+01
3.529787772027116688e+01
3.526069795260418260e+01
3.522614508538730149e+01
3.518220888246242595e+01
3.514027021681555851e+01
3.510928475004897109e+01
3.507354217261955398e+01
3.501451000266888514e+01
3.496975483470487944e+01
3.492126945142718597e+01
3.488336334906122005e+01
3.483481208243162541e+01
3.478266346534610420e+01
3.472986236172133800e+01
3.468013443580535693e+01
3.462308811791634611e+01
3.456830384735348360e+01
3.450970089525868190e+01
3.445778044822542086e+01
3.439705865138205354e+01
3.433037150074284227e+01
3.426296349810381514e+01
3.420213408647702380e+01
3.414671650490278410e+01
3.407461686270000456e+01
3.400633826969992413e+01
3.393857045545190942e+01
3.388282003330804315e+01
3.381240930654256260e+01
3.373829033468991412e+01
3.366835293041550869e+01
3.360072594552188008e+01
3.352905832300282185e+01
3.345735798149622298e+01
3.337363827306889874e+01
3.331639092068498087e+01
3.322935049568260268e+01
3.315421731804557481e+01
3.307496550727323381e+01
3.301021409963491493e+01
3.293015246789443040e+01
3.284679452270412270e+01
3.277293303353840059e+01
3.271072286556321274e+01
3.261761612163797253e+01
3.254623430211275092e+01
3.245507756940900634e+01
3.237387554731276396e+01
3.229698015208548867e+01
3.220690805866244943e+01
3.214557747635654295e+01
3.206364185774646813e+01
3.198788802932920206e+01
3.190301275175442086e+01
3.182680712599990969e+01
3.175193178869265154e+01
3.166714903760632538e+01
3.158631276023687562e+01
3.150591316627744121e+01
3.142291102264025326e+01
3.134795016347310082e+01
3.127075846731266395e+01
3.119349604260961328e+01
3.111106119551600813e+01
3.102855509666830613e+01
3.095316376181532902e+01
3.087752870281886075e+01
3.080274473835697435e+01
3.071689277777523230e+01
3.064389609937451198e+01
3.057122251279965042e+01
3.049422465111933533e+01
3.042159862674416004e+01
3.034281761960186685e+01
3.026642714063781625e+01
3.019756300294807261e+01
3.012971811523384957e+01
3.005472391892704920e+01
2.998883961915989715e+01
2.991667506792402165e+01
2.985180986160705174e+01
2.977430062401505495e+01
2.970780376157062364e+01
2.963420016547917157e+01
2.957312897202105262e+01
2.950965396286149200e+01
2.943751337150605707e+01
2.937100842980808579e+01
2.931639738884995694e+01
2.925246321725305521e+01
2.918345833695113001e+01
2.912755161781735680e+01
2.907238473990628691e+01
2.901592248951700981e+01
2.895821754645518453e+01
2.888837667710798485e+01
2.884068633691311234e+01
2.879153335459714214e+01
2.873321206857618293e+01
2.868897676072788272e+01
2.864426701191469249e+01
2.859410316344887093e+01
2.855739693693809755e+01
2.851530040213497585e+01
2.847835724715673678e+01
2.843482332952476455e+01
2.840562977166229430e+01
2.837341320574149606e+01
2.835400513269346945e+01
2.832156011283982622e+01
2.829157478896477684e+01
2.827285678256043155e+01
2.825119404613044694e+01
2.823319783579919218e+01
2.822432530767382275e+01
2.821498788441161665e+01
2.822155878361704140e+01
2.822103193587072312e+01
2.822151332682473779e+01
2.822088589690261173e+01
2.824181381489151121e+01
2.824867703224244408e+01
2.827738509284963442e+01
2.829919361161234903e+01
2.833454698198745803e+01
2.838457679127726507e+01
2.842792633905514066e+01
2.847696444586925324e+01
2.854651877391734160e+01
2.862859433477670379e+01
2.870868926905494689e+01
2.878615610069926944e+01
2.888887245225816613e+01
2.900094483356755148e+01
2.913410411496008123e+01
2.926666845054491617e+01
2.942269899341996719e+01
2.959241793896350003e+01
2.977449993626928304e+01
2.998812861203541047e+01
3.022247047948836851e+01
3.048789078675711295e+01
3.079114171801282751e+01
3.111231319374352111e+01
3.148429071937457735e+01
3.191180631893382369e+01
3.237705040971108872e+01
3.290732809014065197e+01
3.350344683347217511e+01
3.417740074540935069e+01
3.492858525811849546e+01
3.572847394441377133e+01
3.661752142032364077e+01
3.754614359265816859e+01
3.848943095577956797e+01
3.939741734844894694e+01
4.026443457173925822e+01
4.100930915444462954e+01
4.156435748005619502e+01
4.187436254325969998e+01
4.183803138726664628e+01
4.143512372187823445e+01
4.057208759366035622e+01
3.932380647812244945e+01
3.759184954182498473e+01
3.542705252358570078e+01
3.291536067538245192e+01
3.010171950595129786e+01
2.706586874857611491e+01
2.392913739815128693e+01
2.078490193586647550e+01
1.770741579245058972e+01
1.484295520339123797e+01
1.219678194259834747e+01
9.834473794553476367e+00
7.757326751661406838e+00
