1.636270166913666344e+02
1.662542328449093816e+02
1.664889621388855971e+02
1.664913654672055259e+02
1.664402504289802494e+02
1.662633806828934837e+02
1.659838959054312397e+02
1.656436508453696774e+02
1.651798609062883543e+02
1.646473340805736143e+02
1.640153504119044783e+02
1.632916533819233393e+02
1.624721319895904230e+02
1.615281905216914708e+02
1.605008864829220556e+02
1.593904611975126215e+02
1.581434380969155598e+02
1.568183355489681787e+02
1.553813819256813815e+02
1.538925222750828254e+02
1.522762123439937909e+02
1.506031458809619892e+02
1.488221497242634541e+02
1.469935478807218487e+02
1.450895996791439870e+02
1.431445838766907457e+02
1.411376603723409460e+02
1.390806119254624207e+02
1.369834503319216878e+02
1.348728863661092987e+02
1.327111461847670455e+02
1.305425131868503570e+02
1.283653203920624435e+02
1.261602382979793475e+02
1.239667321401424402e+02
1.217869040933126996e+02
1.195914301778389870e+02
1.174264621700905167e+02
1.152482340078487084e+02
1.131258627209749221e+02
1.110023451165826316e+02
1.089356089724594199e+02
1.068599180865458464e+02
1.048515399185838959e+02
1.028397402122708684e+02
1.008734337661467748e+02
9.895191483495860041e+01
9.703682215453312665e+01
9.519643395788729379e+01
9.338074632940761433e+01
9.159565159325970285e+01
8.986452179182923317e+01
8.818252312561901363e+01
8.653759138031355747e+01
8.493539100435003775e+01
8.334532553230229723e+01
8.182851943028309449e+01
8.033305106794294659e+01
7.891429686196035220e+01
7.752379687126546060e+01
7.617837753708369064e+01
7.485646210718235238e+01
7.359606730899258764e+01
7.239288390359946845e+01
7.120202214076273606e+01
7.008017512953459516e+01
6.900004460169012077e+01
6.796170895331050588e+01
6.696800107732377683e+01
6.600897320312606098e+01
6.511083288234361532e+01
6.424276959827327005e+01
6.342673370617759332e+01
6.266436871132633257e+01
6.191997752066348681e+01
6.123441238738728742e+01
6.058242644173675018e+01
5.998356318545161514e+01
5.940645222502081424e+01
5.888891712354755725e+01
5.838368805583974108e+01
5.792746515171150890e+01
5.747740562768368733e+01
5.707920034361401207e+01
5.671697945859500578e+01
5.638362815137179496e+01
5.607658109860896190e+01
5.578424305153928486e+01
5.552307349378835255e+01
5.528409906921528005e+01
5.506758640148537154e+01
5.486834431745953822e+01
5.469541079730397115e+01
5.452547444829124146e+01
5.436028691425218540e+01
5.424228630760761405e+01
5.411138387971160313e+01
5.400973845456081790e+01
5.391382284780019774e+01
5.380773594102131341e+01
5.371645942195796408e+01
5.365435869252452505e+01
5.359011791118499701e+01
5.351563700976281268e+01
5.345491185929017064e+01
5.338236778030594110e+01
5.333320207451296113e+01
5.328779080013133296e+01
5.322232916840374628e+01
5.316454052481362424e+01
5.312032008624729684e+01
5.305770874087715328e+01
5.299309718111428680e+01
5.293646344903660861e+01
5.287583260245828853e+01
5.282049687062471577e+01
5.275597998074935902e+01
5.266536136846890770e+01
5.260970377395766207e+01
5.254418061512049576e+01
5.244029807905668861e+01
5.235554527163065330e+01
5.227751738318833929e+01
5.217853185317151343e+01
5.208313391504195522e+01
5.199358809898964751e+01
5.187676805140272052e+01
5.177274628213490359e+01
5.165906418648801690e+01
5.154644389934033200e+01
5.143160000129432063e+01
5.131443296114995434e+01
5.118245069857650975e+01
5.105698431766329293e+01
5.091672767382596732e+01
5.078423150696119848e+01
5.064817983061529816e+01
5.049581957886718442e+01
5.034800914736828759e+01
5.020180604969504401e+01
5.004929731110608770e+01
4.988849661912903599e+01
4.972914906515954669e+01
4.957051143532898863e+01
4.940554208611989395e+01
4.924487528621180132e+01
4.905404618388182314e+01
4.889471496690050856e+01
4.871114247861508062e+01
4.854158853078447322e+01
4.837620924832753389e+01
4.819796964857996358e+01
4.800361479549115984e+01
4.784593761090773967e+01
4.765558050925450573e+01
4.747946139478759875e+01
4.727964974202210868e+01
4.710537509139865620e+01
4.690626721467825178e+01
4.673039224406421965e+01
4.653298630477959819e+01
4.634479855835726170e+01
4.615815607509447460e+01
4.594523108311911841e+01
4.575315450459281408e+01
4.555422887826956213e+01
4.536746856639000214e+01
4.516606443552642958e+01
4.496659337603998097e+01
4.479838702743479928e+01
4.460208944205511727e+01
4.440079240442951658e+01
4.420178172005699935e+01
4.399691337331989160e+01
4.381046487107835929e+01
4.362095028458940504e+01
4.342075845132853829e+01
4.323780874772565852e+01
4.305852300635733343e+01
4.285826232810154579e+01
4.267291338088009667e+01
4.248461844613934346e+01
4.230567578162502684e+01
4.211457754117655838e+01
4.192583852387134158e+01
4.173465564836450881e+01
4.155311955384738098e+01
4.136348696312803952e+01
4.116706725608563744e+01
4.098585829428036931e+01
4.079987050540021443e+01
4.062401886551622709e+01
4.045360677942001359e+01
4.026512108380428145e+01
4.007414412464465414e+01
3.992404843770680856e+01
3.973443160890938941e+01
3.955500937173989229e+01
3.937685650023343698e+01
3.920728834390065032e+01
3.902766080292337847e+01
3.885302200284338170e+01
3.867867539906154661e+01
3.851825822658292253e+01
3.835547238235668743e+01
3.818474797309325197e+01
3.801963459883602781e+01
3.786989036316747104e+01
3.769334568992945833e+01
3.753504062738723235e+01
3.736397402809691926e+01
3.719958621751606387e+01
3.702856105612701043e+01
3.686941724316842084e+01
3.671926583761263174e+01
3.655909558913547386e+01
3.640534320477900110e+01
3.625503583897237547e+01
3.609701780863220222e+01
3.595574120147166042e+01
3.580307857871944321e+01
3.566086756532741475e+01
3.551666498741533218e+01
3.536808375804945825e+01
3.522394288117153138e+01
3.508741930470015546e+01
3.494694412423156393e+01
3.479515789445618168e+01
3.466670080097181028e+01
3.453079620530507299e+01
3.439053760077874955e+01
3.426758779793348708e+01
3.413596367407238574e+01
3.399932834482669364e+01
3.387344041811529394e+01
3.373584534699247683e+01
3.361392072589175228e+01
3.347713370710291514e+01
3.335794427881737079e+01
3.323005845829985105e+01
3.311134481740293012e+01
3.299494706923673704e+01
3.287931958494446860e+01
3.276244874393827899e+01
3.264637926428043357e+01
3.253372586213686191e+01
3.241699531008978141e+01
3.230394306012451722e+01
3.220965590202383311e+01
3.210174091300160626e+01
3.199594006588468176e+01
3.190094815083865853e+01
3.179833175278601587e+01
3.169149367869208334e+01
3.158957107540257780e+01
3.150378898938194538e+01
3.140846248656562878e+01
3.131508033287161652e+01
3.122236224361504853e+01
3.114415057315101265e+01
3.104840899437730783e+01
3.096702425660678770e+01
3.088606357313224038e+01
3.080210957631015489e+01
3.072910452740974918e+01
3.065154674579608951e+01
3.058032330242296837e+01
3.049987238859841909e+01
3.042692074483372622e+01
3.036499605417572312e+01
3.032067022552408275e+01
3.025549563565661160e+01
3.019799556107400917e+01
3.014272683779906714e+01
3.009365957735015584e+01
3.005043597624226592e+01
3.001730996300283394e+01
2.996467747583614738e+01
2.993244809376016491e+01
2.989484919802269047e+01
2.987654282908144410e+01
2.984268453805806232e+01
2.983039920719625115e+01
2.981773178112830891e+01
2.981744823439442982e+01
2.982353267725776647e+01
2.982581953710452538e+01
2.984109580143535823e+01
2.985144318573458122e+01
2.988845387394444941e+01
2.991243160605092299e+01
2.993936941689195308e+01
2.999140285975892795e+01
3.005368016460879588e+01
3.012439631768311799e+01
3.018915754657256301e+01
3.027935176300772468e+01
3.038670783848889911e+01
3.051045067531954302e+01
3.063873185840275681e+01
3.078250082451835468e+01
3.094504640285297725e+01
3.112558200210259685e+01
3.133015201663826943e+01
3.154917506216849432e+01
3.181106007664095259e+01
3.209322372418989033e+01
3.241171538799930829e+01
3.279770486529165652e+01
3.321657193920636786e+01
3.369479536887261162e+01
3.422881803121827460e+01
3.483615765704571032e+01
3.551559177007703028e+01
3.626725220306133934e+01
3.707860103007018182e+01
3.798293044557099307e+01
3.892945268317550500e+01
3.987830751374548299e+01
4.080782543279672581e+01
4.169981794509342876e+01
4.245239819470227616e+01
4.301707953919726890e+01
4.332832812236654263e+01
4.329867051602246164e+01
4.286817570161528579e+01
4.201442022779048813e+01
4.067767267575254664e+01
3.887329676042863014e+01
3.665467061350962297e+01
3.403709690160419399e+01
3.112328779297432746e+01
2.799052843007346070e+01
2.474217896981958376e+01
2.148597873223772581e+01
1.830983061547840052e+01
1.532083398137906372e+01
1.259097578023351716e+01
1.014799156145943648e+01
8.007606846733693828e+00
