1.635857664900433406e+02
1.661727351424258643e+02
1.663808216062849681e+02
1.663712702545277864e+02
1.663133933154919362e+02
1.661328020826468048e+02
1.658450160333267718e+02
1.655095155206073798e+02
1.650381448418308423e+02
1.645018364409351648e+02
1.638720314216992904e+02
1.631420859616979726e+02
1.623169338992084363e+02
1.613743898185459784e+02
1.603425191662198017e+02
1.592262442668216522e+02
1.579811744911713163e+02
1.566534450896900523e+02
1.552148683307422630e+02
1.537232649867046064e+02
1.521046499771150309e+02
1.504328507251720453e+02
1.486480588597474934e+02
1.468189829525876462e+02
1.449131226766544955e+02
1.429723273376732209e+02
1.409577131945201529e+02
1.389001797328386942e+02
1.368049918428448279e+02
1.346893318355620863e+02
1.325269754139384020e+02
1.303586330211995516e+02
1.281757883425617877e+02
1.259683999470223483e+02
1.237767570964217754e+02
1.215951055820935807e+02
1.193970264414944324e+02
1.172267125547919306e+02
1.150462472765783275e+02
1.129215781942092320e+02
1.107982853825736100e+02
1.087240238624199122e+02
1.066435539447314937e+02
1.046281749086268036e+02
1.026110394107070505e+02
1.006405732965546633e+02
9.871146268010747349e+01
9.678756104249053749e+01
9.494137702939828216e+01
9.311573504978336757e+01
9.131398144283262752e+01
8.956771932837109773e+01
8.786890517630060060e+01
8.620399789460103079e+01
8.457786724412356705e+01
8.295928252743763665e+01
8.141046114773327247e+01
7.987479937613142056e+01
7.841538912952962903e+01
7.697557238010868730e+01
7.557232889072662374e+01
7.418315576336249251e+01
7.285079637502856542e+01
7.156370153690602365e+01
7.027791327931092269e+01
6.905148186778870922e+01
6.785803201416288744e+01
6.669746458425476021e+01
6.556781735425720115e+01
6.446698296150324836e+01
6.340691680049030765e+01
6.236349011287786226e+01
6.137525644130634106e+01
6.042079598499729798e+01
5.947467878051911327e+01
5.857798451639349224e+01
5.770316461610293146e+01
5.687727506932488097e+01
5.606149703593563771e+01
5.530470800429043265e+01
5.454711708258378877e+01
5.383718286426462640e+01
5.314272549706205240e+01
5.248824650423426874e+01
5.187027488648287488e+01
5.127504604590868809e+01
5.070375947436833286e+01
5.016111834371770328e+01
4.966367023970397554e+01
4.917499322744990309e+01
4.871905150994631128e+01
4.828958807121517083e+01
4.788810954177697710e+01
4.749810858639147426e+01
4.713350607357143929e+01
4.680715913043037091e+01
4.648576404754837199e+01
4.620302042063268999e+01
4.593439806767398181e+01
4.567161479135877755e+01
4.543660151827535998e+01
4.522846441772795600e+01
4.503965970163815058e+01
4.484740997630819948e+01
4.468031441441764429e+01
4.451654448146063459e+01
4.437433361124138287e+01
4.425032441527679339e+01
4.412643956132427547e+01
4.402762726008350569e+01
4.393362075632585828e+01
4.383173074200371389e+01
4.374648723552262908e+01
4.366649904269677052e+01
4.360889604297484112e+01
4.355431812481405274e+01
4.350455502132136587e+01
4.343485895494586657e+01
4.339175337819814615e+01
4.335361320144140507e+01
4.329657954045597990e+01
4.325645755844630713e+01
4.322717151534526181e+01
4.318035500668165838e+01
4.315063733688305803e+01
4.311989559454391241e+01
4.308552104298262009e+01
4.304909504673848630e+01
4.301566730585410880e+01
4.299373581020396529e+01
4.296606833328984720e+01
4.293473977251598939e+01
4.288472572921956782e+01
4.285315545352396782e+01
4.281354920034436873e+01
4.277146332379250282e+01
4.273867600341287698e+01
4.268225088142015267e+01
4.263587404606631992e+01
4.258580938466469945e+01
4.253070927107584964e+01
4.247625508740549805e+01
4.242886931454926014e+01
4.237655400240485903e+01
4.231224191926200007e+01
4.223841838100044299e+01
4.218074998672437204e+01
4.212405276738517301e+01
4.205092375642259128e+01
4.198582200789282837e+01
4.190908484664002742e+01
4.182931013163108247e+01
4.176013113547178790e+01
4.168603630424582462e+01
4.159763326033804987e+01
4.150693094285939821e+01
4.141150676727411195e+01
4.133988152656929316e+01
4.124637668147749281e+01
4.115140306446003393e+01
4.105169388175900025e+01
4.095211410084016279e+01
4.087620489332797291e+01
4.075760724811001268e+01
4.065709315618586572e+01
4.055031878066130702e+01
4.045258580983336572e+01
4.034189593099042526e+01
4.022500810852699971e+01
4.012807167113540174e+01
4.001837469069380404e+01
3.989520145381217020e+01
3.978075980090446961e+01
3.965640851518745080e+01
3.955484014557183770e+01
3.943362852098043447e+01
3.931294104240177489e+01
3.919405507100165664e+01
3.908573416372205145e+01
3.896892153155575045e+01
3.885133848840520443e+01
3.873363045288258633e+01
3.862763178146488485e+01
3.849929875944606295e+01
3.838232975522728907e+01
3.825425244216762621e+01
3.813700394684654782e+01
3.801348067249600859e+01
3.788154401013623840e+01
3.775374847588604865e+01
3.763579561640276694e+01
3.750848305574205455e+01
3.739758360181890140e+01
3.726616946772515604e+01
3.713255919482347878e+01
3.701680609171066294e+01
3.689046632344736310e+01
3.674654979519684161e+01
3.662000638862607360e+01
3.649783487277711913e+01
3.636883440201842888e+01
3.625170540716969469e+01
3.612054074111849644e+01
3.600765351783786627e+01
3.589623701752881146e+01
3.576290124121725711e+01
3.563978208078091114e+01
3.552143987015978865e+01
3.538967145173300111e+01
3.527633129974555715e+01
3.514990056484433012e+01
3.502412884246337654e+01
3.490149941064489525e+01
3.478609760830103426e+01
3.466674018956404524e+01
3.455442707653209311e+01
3.444013386206059835e+01
3.431531075643190576e+01
3.419360995668189673e+01
3.408757964243812211e+01
3.396336315801801931e+01
3.384719765510680389e+01
3.373818041458958561e+01
3.362400021533098737e+01
3.351324242172135115e+01
3.339310460367723721e+01
3.328365378721051115e+01
3.316129473098856550e+01
3.305037046241798748e+01
3.294303004789500733e+01
3.283951984736238217e+01
3.272055302636722729e+01
3.262123261362825133e+01
3.251434732882562173e+01
3.241049946695343209e+01
3.230920681038610098e+01
3.220521351855223458e+01
3.209226096981038268e+01
3.199675459784865339e+01
3.189198155344299934e+01
3.179191074024170405e+01
3.169131749427849698e+01
3.159698932262616466e+01
3.149240179151527741e+01
3.141199483841718987e+01
3.131429969754623599e+01
3.122350969899346040e+01
3.112795571317508703e+01
3.104238019024721851e+01
3.095803809547992813e+01
3.086597361152564289e+01
3.077860847109522169e+01
3.069631773451289902e+01
3.060360532152528990e+01
3.052738366635851719e+01
3.047039955965211888e+01
3.038721484331206923e+01
3.031010746799763567e+01
3.022654516799426716e+01
3.015115349508670661e+01
3.007762014794763061e+01
3.001486306655756664e+01
2.994989597675523640e+01
2.988571201250599074e+01
2.981752376624788781e+01
2.976055103991941664e+01
2.970064103945982836e+01
2.964836454497369900e+01
2.958315022739050093e+01
2.953216219915984198e+01
2.948560974791733003e+01
2.944017794122754594e+01
2.939715942458224873e+01
2.934926644211405034e+01
2.930714295849657347e+01
2.927423013680147434e+01
2.924777181625183786e+01
2.921766018518155050e+01
2.919468357110595136e+01
2.918234578936354140e+01
2.917112531683809706e+01
2.915295377761362161e+01
2.915242912813013731e+01
2.914026267577435547e+01
2.914367175243945596e+01
2.915448891376101415e+01
2.915864764723440672e+01
2.918409213082774656e+01
2.921475037533508612e+01
2.924998804943126629e+01
2.928793085071385605e+01
2.932639164142288735e+01
2.937907100258576065e+01
2.944573119123731431e+01
2.950888045728001785e+01
2.958449868059719989e+01
2.967602268502272977e+01
2.978486583534073162e+01
2.991964450209187731e+01
3.005443233129738090e+01
3.020437240774421994e+01
3.037139706692325802e+01
3.055264650711660934e+01
3.076436767639715342e+01
3.098606694469765799e+01
3.123817694163661685e+01
3.152826142160598266e+01
3.185626787390031112e+01
3.223299741038302813e+01
3.265455223509453475e+01
3.313238481470126118e+01
3.366507131402064346e+01
3.426577027697327082e+01
3.495811734390964887e+01
3.571317540227586562e+01
3.652117454788666606e+01
3.742590730226856266e+01
3.835995882694827941e+01
3.929930567255085805e+01
4.022374917129852889e+01
4.108794129694520336e+01
4.184077231187751522e+01
4.239356157877087128e+01
4.270276151174157775e+01
4.268705557450928723e+01
4.226927284386672312e+01
4.140895687970779449e+01
4.009560813080319974e+01
3.833278498005776669e+01
3.615647218773271732e+01
3.358562834633136163e+01
3.070884210726926256e+01
2.757201816087790647e+01
2.437769156903667067e+01
2.116715355100538076e+01
1.805614507759639409e+01
1.512420434466463881e+01
1.243604226577315863e+01
1.001062893193569892e+01
7.900581742500011551e+00
