1.635972512506189389e+02
1.661964839669237790e+02
1.664123145665213883e+02
1.664069511580370886e+02
1.663498015029885835e+02
1.661715841590935270e+02
1.658860071861374195e+02
1.655487559794007950e+02
1.650792746813875453e+02
1.645466908129829449e+02
1.639132262137981684e+02
1.631853435248466155e+02
1.623622146191014224e+02
1.614209905657948241e+02
1.603878663377174973e+02
1.592735549807660220e+02
1.580289055467592618e+02
1.567028146502387926e+02
1.552646294559602040e+02
1.537702059641361245e+02
1.521585151977224939e+02
1.504824012033770373e+02
1.486980015957340697e+02
1.468718535342322298e+02
1.449661007006224906e+02
1.430241565479946075e+02
1.410082590705557664e+02
1.389532179365486115e+02
1.368585318532400095e+02
1.347441051167689068e+02
1.325817865199483094e+02
1.304132232992683669e+02
1.282323506813563654e+02
1.260257530535234309e+02
1.238334915491004296e+02
1.216526545474842607e+02
1.194529492098270822e+02
1.172827325480480454e+02
1.151063251237870162e+02
1.129785766787792056e+02
1.108557537269215771e+02
1.087810207677749901e+02
1.067037154645380781e+02
1.046919592426908281e+02
1.026743287471283281e+02
1.007015070321341312e+02
9.877687821578430771e+01
9.685404862701905415e+01
9.500730208334347537e+01
9.318707821896514076e+01
9.138630014416993674e+01
8.964030019994345366e+01
8.794355475903580555e+01
8.628286276773123120e+01
8.465673084372787116e+01
8.304457745243361444e+01
8.150089408230006427e+01
7.997220039889863585e+01
7.851542499416692067e+01
7.708232409308064348e+01
7.568690463184915984e+01
7.430488417950635949e+01
7.298486206526440867e+01
7.171059824647156233e+01
7.044003442748267219e+01
6.922910955786319676e+01
6.805554295384186503e+01
6.691946839608222319e+01
6.581360919978671120e+01
6.473105768145072147e+01
6.370277545057100355e+01
6.269557340662564116e+01
6.173828047323139856e+01
6.082570704121164340e+01
5.991631318788419946e+01
5.906168527946617530e+01
5.824218146898284942e+01
5.746413415395139168e+01
5.669916014381523439e+01
5.599843572533578850e+01
5.530207851282824549e+01
5.465822894760169248e+01
5.403051396074896218e+01
5.343609608667680533e+01
5.289118406574837650e+01
5.236429422640986076e+01
5.186472719591159120e+01
5.139664405484145959e+01
5.096374865289958223e+01
5.055445626456108954e+01
5.016559666195549028e+01
4.981114068561674912e+01
4.948557628720686097e+01
4.916755926151739686e+01
4.887837400829865686e+01
4.861191469962034972e+01
4.836080515969878491e+01
4.814271755588936941e+01
4.793838822617199469e+01
4.773351178022958408e+01
4.754901031071783990e+01
4.740399864035150301e+01
4.726369172743549996e+01
4.712918583507728698e+01
4.700883788673008468e+01
4.689091621030282653e+01
4.678806860234364962e+01
4.669785656381452554e+01
4.660801212271940841e+01
4.654151647849199236e+01
4.647589785945115182e+01
4.640600279278258000e+01
4.634492213208559974e+01
4.628932462460087294e+01
4.624324021694266662e+01
4.619422715091707943e+01
4.615674423369341639e+01
4.609268255392191804e+01
4.606408819754351924e+01
4.602577476515745047e+01
4.598129439018901365e+01
4.594438338563517021e+01
4.590995333691152069e+01
4.585593737253061875e+01
4.582343876750422851e+01
4.579148941031188258e+01
4.572927184831383585e+01
4.569052438028227670e+01
4.565306599946087829e+01
4.560930775677839222e+01
4.556002162330966598e+01
4.551563924672916528e+01
4.546198923328812214e+01
4.539595124222569922e+01
4.533926728326857614e+01
4.527091396380458121e+01
4.521370203099449725e+01
4.513184780209845570e+01
4.506450382356848650e+01
4.499654864099886709e+01
4.491380587528387025e+01
4.483598667442808505e+01
4.475604965394175849e+01
4.467365449323293092e+01
4.458173355857456244e+01
4.448649407559979352e+01
4.438697059460478300e+01
4.429805228648143611e+01
4.420287560983564390e+01
4.410308980354528074e+01
4.400447346709188423e+01
4.389573652517385938e+01
4.379283860820257246e+01
4.369693915177495569e+01
4.357131469653911893e+01
4.346627051734951408e+01
4.333762785811911300e+01
4.322532834295794402e+01
4.309688981312697820e+01
4.298581853607485925e+01
4.285914233407499552e+01
4.273696452080171326e+01
4.261233721104370176e+01
4.247315786591149589e+01
4.234126357161589738e+01
4.221552802308482200e+01
4.207760356950082326e+01
4.193990991350500508e+01
4.180932776792317895e+01
4.168560013333517134e+01
4.155587805612583452e+01
4.141781902975240115e+01
4.127977263343156977e+01
4.112879163104807390e+01
4.100386537533210429e+01
4.084991853543689899e+01
4.071424061573453912e+01
4.057060284912824955e+01
4.043583670327167567e+01
4.029275295850658978e+01
4.016030973404697590e+01
4.002612479162951331e+01
3.988009506794907821e+01
3.973459029974489454e+01
3.959132918092597464e+01
3.943502017756562594e+01
3.929790007942028751e+01
3.915265539863389677e+01
3.900318287014871288e+01
3.885283925221077084e+01
3.871451238185500188e+01
3.857135137566304905e+01
3.843379392462336597e+01
3.828621204693737212e+01
3.814911269379268077e+01
3.801102862801117510e+01
3.785597086286153967e+01
3.771195971115871970e+01
3.757656624272100743e+01
3.744015706052456949e+01
3.729474342035139500e+01
3.715595292441754083e+01
3.702232264390615768e+01
3.688239964932569848e+01
3.675694859299518669e+01
3.661547016746063576e+01
3.647086317472937367e+01
3.634719997886013942e+01
3.618925423226314564e+01
3.606531209711499031e+01
3.593035079856374381e+01
3.578754083611667625e+01
3.566423839875866975e+01
3.551355941587947740e+01
3.538222010054516176e+01
3.525625772515833489e+01
3.512924241869219344e+01
3.500590693332299708e+01
3.487384993306333314e+01
3.474691556494922651e+01
3.462099485030496027e+01
3.448678780350625317e+01
3.437271693792408911e+01
3.423896136069910057e+01
3.411469810937058611e+01
3.399410291661310168e+01
3.386612293142734131e+01
3.373651368873152023e+01
3.361725409537005049e+01
3.350133282870640983e+01
3.337601852498053034e+01
3.325904373713471074e+01
3.314472822942800434e+01
3.302524691066130913e+01
3.291237329544138390e+01
3.280175565700423590e+01
3.269686234568347771e+01
3.257815811127200334e+01
3.247645426676693603e+01
3.237091913795430287e+01
3.226597772892172600e+01
3.216348650762144246e+01
3.205883831924937510e+01
3.194891862625456724e+01
3.184920209857072138e+01
3.174125391399806873e+01
3.163888634274812262e+01
3.154452147568944298e+01
3.144834390613325326e+01
3.136467894103283527e+01
3.126820926319922478e+01
3.117687484119823438e+01
3.108976153196899261e+01
3.098625806977951669e+01
3.090807710271744213e+01
3.083075577608606466e+01
3.074199453755314693e+01
3.065827616481198348e+01
3.058134367956266431e+01
3.051077017392833213e+01
3.043157169162079612e+01
3.036213862481373127e+01
3.029065230803446340e+01
3.021949094917450296e+01
3.015304565855958074e+01
3.008616382764790131e+01
3.002355767558669442e+01
2.995525977283250540e+01
2.989379548876458159e+01
2.984031815847155755e+01
2.979007398981894639e+01
2.973657199995956191e+01
2.969113273728172331e+01
2.965358363188226321e+01
2.960855140974551247e+01
2.956661090797927116e+01
2.953245433684970678e+01
2.949092118315539324e+01
2.946948482050416018e+01
2.943890269089811440e+01
2.941619379574736115e+01
2.940273653707062707e+01
2.939600192903579057e+01
2.938413924862939552e+01
2.939174826765021464e+01
2.939700932644597486e+01
2.940008995970513439e+01
2.941052276909379870e+01
2.942633110041852262e+01
2.946500569187107033e+01
2.949079827382631791e+01
2.953431843184707262e+01
2.959548838691143047e+01
2.967235198309084865e+01
2.973599860685824225e+01
2.981855628294057681e+01
2.990630753438918887e+01
3.001611286291739944e+01
3.013657563985999133e+01
3.026284464595234525e+01
3.040736796602324077e+01
3.056505997265277585e+01
3.075075292373266578e+01
3.095997165130969719e+01
3.118934655138957623e+01
3.144898069193974877e+01
3.174326556739829286e+01
3.205531088932147554e+01
3.243484930252932941e+01
3.286852754111718156e+01
3.334102248384085954e+01
3.387744003710184870e+01
3.447649310860759186e+01
3.515957348336796429e+01
3.590578027660541238e+01
3.673727631998766441e+01
3.763190202138704166e+01
3.857166430111220023e+01
3.951898077156163680e+01
4.043311641513627563e+01
4.131000642709612691e+01
4.205478711986589246e+01
4.262188208260889866e+01
4.292507404217250411e+01
4.288746137221259147e+01
4.245897155929995392e+01
4.161973697628346969e+01
4.031193136146223566e+01
3.852322963510131615e+01
3.632568964822241497e+01
3.375024167304685108e+01
3.086407006908400064e+01
2.774183258448607248e+01
2.450760851682177588e+01
2.128465286305990034e+01
1.816231026997191833e+01
1.521424463613168143e+01
1.249324872814075249e+01
1.006665517453463465e+01
7.946837266875001582e+00
