1.178895049406135627e+02
1.190754395699475765e+02
1.190294194579514055e+02
1.188472876615827118e+02
1.185995162150858135e+02
1.182676559150236812e+02
1.177862449337464739e+02
1.172153583709740730e+02
1.165346284788789148e+02
1.157105962135182295e+02
1.148124329113949642e+02
1.137472534286490458e+02
1.125514637969123868e+02
1.112440282545333758e+02
1.098233058217301732e+02
1.082623147277093523e+02
1.065540958387363304e+02
1.047625453565900244e+02
1.028410677457060132e+02
1.008398073407992683e+02
9.875598633832447604e+01
9.653352711265162611e+01
9.425899404726806097e+01
9.196118545440387493e+01
8.956073112547002779e+01
8.717316781351109967e+01
8.471780883864266798e+01
8.224387292915425007e+01
7.975740831155660260e+01
7.730900927133592404e+01
7.483660345623502508e+01
7.239532392100792890e+01
6.998406407598264423e+01
6.759515847825322510e+01
6.523416845669595432e+01
6.291962626100090716e+01
6.065800078741772694e+01
5.845214296366126661e+01
5.629146001740527083e+01
5.418973979751657311e+01
5.216519488443574915e+01
5.020539331798176619e+01
4.827857008451569953e+01
4.646182847506457136e+01
4.467684681140558922e+01
4.293127262835009361e+01
4.128565717725561512e+01
3.970151216048947873e+01
3.818722963745757681e+01
3.672124484116729093e+01
3.530095278855393559e+01
3.396332147795086343e+01
3.267989630959183955e+01
3.142826349755988247e+01
3.024875695980962576e+01
2.910812624125456693e+01
2.802183518479028379e+01
2.699923513421445875e+01
2.601127742276003119e+01
2.507140406072075223e+01
2.416107851139289053e+01
2.330544503165421943e+01
2.249928303240449168e+01
2.173968561434756097e+01
2.099916155286094366e+01
2.031031102814207046e+01
1.965774770502402191e+01
1.905030995039528108e+01
1.846543503175942291e+01
1.790328270458849147e+01
1.737788476836350071e+01
1.688276758483455708e+01
1.643072636679345067e+01
1.600029713445756840e+01
1.557195220446899597e+01
1.520162469473305222e+01
1.484712263481277539e+01
1.452332791892048469e+01
1.421826428356709826e+01
1.394130745155335838e+01
1.367220328047147149e+01
1.342707492893613441e+01
1.321029795299465270e+01
1.298951653551517182e+01
1.279692283343239190e+01
1.262877371329684806e+01
1.245933248715785702e+01
1.230163414029326852e+01
1.217479692131099789e+01
1.204598651134357290e+01
1.194369515710665475e+01
1.184694136169532186e+01
1.175891736351574401e+01
1.166476022405549884e+01
1.158851964492350817e+01
1.152283653759190685e+01
1.144408225228026943e+01
1.139413674621997963e+01
1.134070293569109467e+01
1.128552444147256573e+01
1.125150511488835825e+01
1.120854560487593155e+01
1.117604631845218499e+01
1.114089400246222006e+01
1.110727226710878313e+01
1.107473759485098164e+01
1.105176960485469984e+01
1.102159428596496582e+01
1.098561948079926331e+01
1.096724417929848094e+01
1.094196885239539796e+01
1.091915892499188523e+01
1.089136658671001534e+01
1.086159657459292127e+01
1.083545549001751596e+01
1.082946813111710860e+01
1.079338297532457425e+01
1.076375896023172452e+01
1.073745587483669262e+01
1.069740098471649858e+01
1.066584277784244961e+01
1.063163352783562488e+01
1.060160133123604709e+01
1.056530897334838848e+01
1.052334078934250527e+01
1.048639815564577837e+01
1.045630827628903958e+01
1.041555037478812906e+01
1.036906033433559848e+01
1.031989736549763137e+01
1.026724300802581880e+01
1.022368944757100628e+01
1.017135884488622288e+01
1.013209066715919349e+01
1.008004256027440171e+01
1.002944099530577660e+01
9.971739901540180639e+00
9.903530535909036203e+00
9.848244368719557329e+00
9.779961105229126872e+00
9.723707216584848823e+00
9.664310904426706372e+00
9.609087712855803431e+00
9.541629567017984925e+00
9.480918542378478975e+00
9.422122868709266186e+00
9.356096266458431288e+00
9.287250283381176530e+00
9.218829813516801863e+00
9.160662975783148809e+00
9.085845471359789371e+00
9.008919955748650565e+00
8.944223647419777379e+00
8.878226927067670360e+00
8.803064029146399960e+00
8.739052037294539943e+00
8.664504156137505575e+00
8.592652118557857932e+00
8.530001180349952250e+00
8.453883438371121883e+00
8.379089167548549710e+00
8.312561964823139249e+00
8.232177032571700082e+00
8.162178186699748039e+00
8.087157183430260687e+00
8.016107954809235991e+00
7.949255971651938424e+00
7.875693353824317455e+00
7.807004921448727153e+00
7.730686999650465019e+00
7.660290866883264549e+00
7.586866523035698862e+00
7.520731379588444732e+00
7.441785595379769802e+00
7.384255593228671088e+00
7.309138755210572214e+00
7.245344857374827363e+00
7.176100202422174945e+00
7.107391028975446723e+00
7.044808042856554486e+00
6.971550985653367505e+00
6.904358491715457902e+00
6.843989137560129166e+00
6.776947517361906037e+00
6.707839709706604481e+00
6.640603025133411386e+00
6.581852103273074128e+00
6.517521203495562077e+00
6.450979399287866123e+00
6.389102320290273695e+00
6.316731008183625207e+00
6.257424324854380160e+00
6.192828450144992836e+00
6.129516406191720002e+00
6.066007870145970315e+00
6.008803417285283111e+00
5.950200363165802031e+00
5.886571612933443554e+00
5.833698141388595104e+00
5.774979194108810887e+00
5.732880132065878875e+00
5.673442221143179864e+00
5.613768410092840888e+00
5.551988900535636873e+00
5.498582581109884515e+00
5.435609435610887274e+00
5.392171364225861296e+00
5.342848316714581713e+00
5.285078843796832793e+00
5.237899276583145358e+00
5.193923434035645492e+00
5.142412088035295703e+00
5.083699735605882175e+00
5.037036756467488274e+00
4.988090189018596909e+00
4.935587421111348405e+00
4.889003275583188035e+00
4.848278303164988756e+00
4.794934004803912408e+00
4.750797009612950816e+00
4.707876596237635880e+00
4.650540017885052890e+00
4.614048638174103267e+00
4.573095890589886636e+00
4.526864472517950766e+00
4.495994862789909341e+00
4.450074595761382312e+00
4.403448584023863077e+00
4.360042992047965527e+00
4.322303153057065472e+00
4.277381333832939170e+00
4.239984630451847814e+00
4.199946585370020635e+00
4.167615591444903345e+00
4.129731019027531147e+00
4.093153221377481721e+00
4.053314396335433223e+00
4.019687651501347325e+00
3.992641564096427675e+00
3.952752364488939296e+00
3.916277219644851204e+00
3.877210561496516217e+00
3.843435748532000318e+00
3.804448717118551482e+00
3.769989477987918391e+00
3.739905088932977684e+00
3.714482578035029903e+00
3.686932636735340107e+00
3.650617880953682892e+00
3.625236724606818672e+00
3.598648498973084919e+00
3.570380539426373012e+00
3.535033308642192118e+00
3.507013419384343855e+00
3.480675066873017087e+00
3.451773916060725700e+00
3.424053120375093684e+00
3.399854619780348308e+00
3.377109268887175553e+00
3.351818626436094295e+00
3.325097137803418867e+00
3.301220079366531834e+00
3.271854269266542659e+00
3.249371560652636770e+00
3.231709193438291550e+00
3.202757541555911303e+00
3.183509565527654406e+00
3.161647692995352976e+00
3.137970560592495683e+00
3.114399902884744886e+00
3.094268392874962803e+00
3.077822834874192726e+00
3.056960040548195590e+00
3.038389208364403959e+00
3.020569363143295050e+00
3.004147675250553373e+00
2.984312055011590470e+00
2.967914747022506461e+00
2.948345943767991528e+00
2.940258065445555680e+00
2.925829367505179412e+00
2.912905504927039146e+00
2.898205136932018533e+00
2.882694744091066852e+00
2.873713772692200408e+00
2.866056451625707879e+00
2.854352918919175863e+00
2.845792024603320591e+00
2.833294069135768645e+00
2.822993880474112149e+00
2.810213975220297922e+00
2.805528806470748648e+00
2.805034276563674212e+00
2.798008672116945039e+00
2.788562386141469229e+00
2.782681781798601151e+00
2.784762842942857031e+00
2.785302526472757112e+00
2.789019089994124290e+00
2.797565920692351327e+00
2.801805966275019877e+00
2.807669440931123361e+00
2.805641723874335636e+00
2.815359452221956715e+00
2.819091006544315103e+00
2.836284807727982749e+00
2.841909721881771933e+00
2.860672616089383613e+00
2.889057768043130636e+00
2.916252114111557603e+00
2.951882395945075288e+00
2.985162093148877371e+00
3.020182123149020903e+00
3.074582817602074858e+00
3.122762163169682026e+00
3.179820460577805985e+00
3.245234243261317264e+00
3.317680793503920089e+00
3.390973382629454136e+00
3.463024217428432472e+00
3.522108800554027308e+00
3.587451052282833341e+00
3.629705640901294217e+00
3.654184558273603667e+00
3.648490160910619728e+00
3.601522553867349874e+00
3.515019760156671058e+00
3.395475742122572527e+00
3.241120020755463127e+00
3.057957918124480479e+00
2.824921743556236375e+00
2.584697879359333150e+00
2.327169330531938307e+00
2.064176844251859322e+00
1.775231043808162212e+00
1.515888164039804753e+00
1.261201728206490014e+00
1.041663047792907415e+00
8.426718135403158394e-01
6.635209391792563638e-01
