1.179399216840912317e+02
1.191752472134151759e+02
1.191434971968410537e+02
1.189701138107015481e+02
1.187235018725041300e+02
1.183959169726294931e+02
1.179170474150483301e+02
1.173494214890508545e+02
1.166689840706919057e+02
1.158481563926648619e+02
1.149502022523471823e+02
1.138904625916620716e+02
1.126956777896929367e+02
1.113913231049405681e+02
1.099718808378901400e+02
1.084105478326479641e+02
1.067065218707430176e+02
1.049124421080761920e+02
1.029934559069159974e+02
1.009923971879244249e+02
9.891312411444960162e+01
9.669059129061578517e+01
9.441624450678743585e+01
9.211950001538369293e+01
8.972223837819507253e+01
8.733799227016990585e+01
8.488296533519233833e+01
8.241297491133769881e+01
7.993130631139177922e+01
7.748737781728657126e+01
7.501938088240825664e+01
7.258255039182969881e+01
7.017791851359005761e+01
6.779497524589856994e+01
6.544584173815221106e+01
6.314543771316271403e+01
6.089484076649144839e+01
5.870095473086823290e+01
5.655948042878945614e+01
5.448159562794737099e+01
5.248299545578063885e+01
5.054947717239459593e+01
4.866202721826266497e+01
4.688838075448357756e+01
4.515135208388932853e+01
4.345983531305682845e+01
4.187821288469260139e+01
4.036634333561394783e+01
3.893777722561693366e+01
3.757033626847422170e+01
3.625730254172231071e+01
3.503382567792949942e+01
3.387768250662419689e+01
3.277113886929711839e+01
3.174252498830578162e+01
3.077220694727212447e+01
2.985790406432675326e+01
2.902532315718579170e+01
2.823678202687814576e+01
2.750720936415665108e+01
2.681189266476495447e+01
2.619088795325822261e+01
2.560858904650538292e+01
2.508990620325009147e+01
2.459572126189272723e+01
2.414617701278378448e+01
2.373937198808157945e+01
2.339207288194706535e+01
2.305420068302191794e+01
2.274015439758336043e+01
2.246110397647134960e+01
2.220511138402960327e+01
2.199775224742997182e+01
2.180457168098332232e+01
2.160890005314205098e+01
2.144939013878401113e+01
2.130596970125204948e+01
2.117874103525860363e+01
2.105611019405639794e+01
2.096230958642748377e+01
2.085655476261551300e+01
2.077803259891354415e+01
2.070323433318278816e+01
2.062726664936376864e+01
2.055385390726021555e+01
2.049535655685597035e+01
2.042889608799790224e+01
2.035609853567762428e+01
2.030678738772662228e+01
2.024487736045072594e+01
2.019389961597820005e+01
2.014742256442291790e+01
2.008100172246081883e+01
2.000475610451151809e+01
1.993753518878171960e+01
1.987586113893323514e+01
1.979780140457053861e+01
1.972498608608212578e+01
1.964391752084096154e+01
1.954633659207158658e+01
1.946318299737241375e+01
1.937309860262191918e+01
1.929141642422311875e+01
1.918911905400454998e+01
1.908667926862835884e+01
1.896976190143161389e+01
1.885478725211901718e+01
1.874156624182230857e+01
1.862172400599552446e+01
1.849581563503791770e+01
1.836760059806207934e+01
1.822232191409501922e+01
1.808798489574756729e+01
1.796824632647136966e+01
1.782730204901761439e+01
1.769025710928771389e+01
1.754097229842510330e+01
1.739154175255033863e+01
1.725028739165928471e+01
1.709595432629187783e+01
1.693121662280625728e+01
1.679158543774651235e+01
1.662705462425947189e+01
1.646457089607914170e+01
1.631286603460709372e+01
1.614538082045813283e+01
1.598091256059706211e+01
1.582173364485303502e+01
1.565437557155059523e+01
1.548601250785092454e+01
1.533795978480743116e+01
1.517388686827487376e+01
1.501506071993046376e+01
1.485574514998329931e+01
1.469637344239486509e+01
1.452557251250578219e+01
1.436726469794909100e+01
1.421242097744511312e+01
1.404874219973054217e+01
1.388462096059488005e+01
1.372617435434626287e+01
1.355137055056790452e+01
1.340098296540478806e+01
1.324250335515373322e+01
1.308214631055792232e+01
1.292435273072785762e+01
1.277136281753579716e+01
1.262233461894922826e+01
1.247309434082773016e+01
1.230871154430011849e+01
1.216002512081629661e+01
1.200268536164528754e+01
1.186161925850642973e+01
1.171530130153728777e+01
1.156487860903143883e+01
1.141704408472610766e+01
1.127535686372882751e+01
1.113828298408124162e+01
1.100010983325127079e+01
1.086983776899675469e+01
1.072051471554570767e+01
1.059384441913829988e+01
1.046475713213698810e+01
1.033693609562599036e+01
1.020657553430646658e+01
1.007785227449817711e+01
9.949902961237562238e+00
9.824576336580017610e+00
9.706186200802525477e+00
9.575863660002747579e+00
9.458934171849655570e+00
9.343083080318239197e+00
9.225780460155672102e+00
9.106735624890360370e+00
8.991725632196498452e+00
8.874762913419139920e+00
8.764560223143133655e+00
8.651332970812088519e+00
8.539399017993774876e+00
8.429087434067493945e+00
8.331434340009259643e+00
8.228948417740562959e+00
8.136578116772902547e+00
8.031695453657043515e+00
7.932623786334362492e+00
7.825557867168551951e+00
7.737963845539423957e+00
7.647026461756063931e+00
7.545661964971158042e+00
7.458685432664221793e+00
7.367728033930891485e+00
7.279795107949110999e+00
7.189545612575279243e+00
7.099882073493467338e+00
7.007483234215113654e+00
6.932004452683031559e+00
6.849388566385540500e+00
6.765851836962004207e+00
6.678369339969423280e+00
6.603630948087407582e+00
6.520062264986336231e+00
6.444868135472966664e+00
6.365802328205770522e+00
6.292810154768328168e+00
6.221039165432254769e+00
6.144392319644491174e+00
6.073149766876465350e+00
6.001278447194231980e+00
5.937493831850588322e+00
5.869900292820400267e+00
5.810424003336164489e+00
5.743202751502394676e+00
5.672594594976140492e+00
5.613131070819993518e+00
5.550486797363394231e+00
5.489097993303504452e+00
5.432700089385940068e+00
5.362598443196879394e+00
5.301906917244195938e+00
5.245804775713218682e+00
5.182270270979238980e+00
5.131481216133882306e+00
5.080267116323941679e+00
5.026073462381544843e+00
4.971043606288731098e+00
4.914567499938938155e+00
4.856442375936442346e+00
4.809810335851377516e+00
4.757593893135587670e+00
4.706988574833506078e+00
4.660486433241102233e+00
4.610734271558208697e+00
4.563746004624085195e+00
4.519175438934730060e+00
4.475872219798879392e+00
4.434186470953540571e+00
4.389762602539525993e+00
4.341276147713263533e+00
4.296504592212538221e+00
4.252435417845845222e+00
4.206962357844329148e+00
4.164070707797590032e+00
4.126751734512961178e+00
4.090139453351083532e+00
4.050109482059876420e+00
4.012728205416351557e+00
3.977552595858772744e+00
3.935958201220879804e+00
3.899739827029407024e+00
3.870812855505695094e+00
3.834602469681865689e+00
3.802002916785164111e+00
3.767937675687587973e+00
3.737021223590192065e+00
3.704405398315025799e+00
3.668737813726895336e+00
3.639092166080243107e+00
3.610198473816530473e+00
3.578265371059791811e+00
3.552077903205321796e+00
3.520865449060996522e+00
3.492329010998623140e+00
3.462494707304156538e+00
3.432606775468836080e+00
3.410558265271700140e+00
3.385665405593398347e+00
3.349530120638923414e+00
3.323212188513328780e+00
3.300595826210661166e+00
3.277725283987820148e+00
3.252973927702340617e+00
3.227747384200079672e+00
3.208173181395977736e+00
3.186397056716183673e+00
3.172122776508331299e+00
3.147052948311385379e+00
3.127526868910839308e+00
3.112756090704351664e+00
3.089816647995677457e+00
3.072225009298159115e+00
3.056947749521997437e+00
3.044497526354259964e+00
3.027473932442565907e+00
3.016926429027484424e+00
3.002315601075275175e+00
2.986956403228557821e+00
2.972596308837334167e+00
2.962040036192370884e+00
2.944538715347233548e+00
2.932136937561962142e+00
2.924731233260697838e+00
2.918974977607528221e+00
2.911902401958488706e+00
2.905099731921735540e+00
2.900794879999011755e+00
2.894745016832732443e+00
2.886462482261574980e+00
2.891496112001024965e+00
2.889797319399399989e+00
2.893309961745722525e+00
2.888591994790153272e+00
2.892461178513864528e+00
2.896355115084184639e+00
2.899593235433308713e+00
2.900982347834441200e+00
2.917683161588178642e+00
2.933505465845680948e+00
2.956525489791399952e+00
2.981415771672295101e+00
3.008351154521935467e+00
3.040597148394832860e+00
3.084174902230087056e+00
3.125677693169564009e+00
3.169613660209708694e+00
3.217816632241010666e+00
3.269662880235248092e+00
3.336290441660417549e+00
3.413596513422413103e+00
3.490280670579522848e+00
3.559732309801296957e+00
3.633345154062327609e+00
3.690244381160785903e+00
3.726259101182222366e+00
3.740519791634546287e+00
3.729017232648200508e+00
3.677711505028936401e+00
3.605104485061019659e+00
3.487210443760785594e+00
3.322905398103304986e+00
3.126380993105057016e+00
2.903171192440721526e+00
2.655178140046902779e+00
2.390345941711631284e+00
2.110505107156415150e+00
1.824534625384128805e+00
1.557374891436969166e+00
1.310268505437609976e+00
1.072031662521314654e+00
8.570603596842071292e-01
6.786158127457989631e-01
