1.180027776069697865e+02
1.192987704512755300e+02
1.192798824629296917e+02
1.191066126159130363e+02
1.188644947593533630e+02
1.185378348379502569e+02
1.180610728277048764e+02
1.174965326589461085e+02
1.168159344071916905e+02
1.159964381922844865e+02
1.151002278029854011e+02
1.140384730168767078e+02
1.128506430033594370e+02
1.115433936607441865e+02
1.101264653863585750e+02
1.085672386058237606e+02
1.068632077284855768e+02
1.050758289216642538e+02
1.031533667864471937e+02
1.011612521095958073e+02
9.908189355037433188e+01
9.686262652891066693e+01
9.458976087337941863e+01
9.230436349957341235e+01
8.991029046414122661e+01
8.753355648737569084e+01
8.508806304321882408e+01
8.263099882038012822e+01
8.016624033712690789e+01
7.773770899249615240e+01
7.528440475207753479e+01
7.287340538173319260e+01
7.049817386051937262e+01
6.814622735267039388e+01
6.583779001606873749e+01
6.357637830381281674e+01
6.138695399606108793e+01
5.925467632843518118e+01
5.718357715732418001e+01
5.518755416626421351e+01
5.328272990852322977e+01
5.145344826542876149e+01
4.968129560893349606e+01
4.803314328806138178e+01
4.643537064046055463e+01
4.489493024668708188e+01
4.348137264134129509e+01
4.214232196071598935e+01
4.089252863631635648e+01
3.971467728053944057e+01
3.860551258254175622e+01
3.759518201291535178e+01
3.665345082285219291e+01
3.576404504387432581e+01
3.496010849287267774e+01
3.421680924084244424e+01
3.354610366647183639e+01
3.292940576479304582e+01
3.236863659793097270e+01
3.186564027608579153e+01
3.139019977334990230e+01
3.096732586979245028e+01
3.059630023351767036e+01
3.026976358386066934e+01
2.996561183252682170e+01
2.970425429032184184e+01
2.946899839343192795e+01
2.926157928415987897e+01
2.907254891847777856e+01
2.890160391883303603e+01
2.875195878392292315e+01
2.861096695070672524e+01
2.849103038794257614e+01
2.838142706810807070e+01
2.824559549019775417e+01
2.815079679428082216e+01
2.805262964591383934e+01
2.796818207204341888e+01
2.787115531497531506e+01
2.779398647675083822e+01
2.770421702156050259e+01
2.761816372970740119e+01
2.751763420076006028e+01
2.740818129686845595e+01
2.730798220499936235e+01
2.720200959241224581e+01
2.708033812987721589e+01
2.696045528414348880e+01
2.684322576586984965e+01
2.671282961116068932e+01
2.657644557787312323e+01
2.643277135429282865e+01
2.627924053205384070e+01
2.611121147498488426e+01
2.596167647052142513e+01
2.578636098570293811e+01
2.559629225855072221e+01
2.542759492558737477e+01
2.523412847891449928e+01
2.503477996836106101e+01
2.485464013823204610e+01
2.462855959352519619e+01
2.442656003269884479e+01
2.420283411256968975e+01
2.398474903673761460e+01
2.377088578169544419e+01
2.354479967968331522e+01
2.330824586997429648e+01
2.307688240851793182e+01
2.283878195554845902e+01
2.260001229370633880e+01
2.236456724504629889e+01
2.211234328937199223e+01
2.188434990205698583e+01
2.162601669712199026e+01
2.138734017043477920e+01
2.114111946088572225e+01
2.087829879402286437e+01
2.062744143191311252e+01
2.037153177004721272e+01
2.012506990941862384e+01
1.987718524100879947e+01
1.964458915694720176e+01
1.939848267804417503e+01
1.913801224095125875e+01
1.890033258104489988e+01
1.865394588580561930e+01
1.841780048008594406e+01
1.817757140472531319e+01
1.793669720180332661e+01
1.770189617346558464e+01
1.746963781511617952e+01
1.723030267593761167e+01
1.702098564575943840e+01
1.679267043165034679e+01
1.654642009031441319e+01
1.632867872487339866e+01
1.608962176553905010e+01
1.588569989076091105e+01
1.566461589373648167e+01
1.544257989939716147e+01
1.521727744407123950e+01
1.501999842230644511e+01
1.480673369330664535e+01
1.461210723076429652e+01
1.440255929426186654e+01
1.419284990719622996e+01
1.399972203560173512e+01
1.380517997013198084e+01
1.361363634570605186e+01
1.342159088494049257e+01
1.323880836119254489e+01
1.305200542902780825e+01
1.286836069615350908e+01
1.268752530672484014e+01
1.251137243894239326e+01
1.232420630918608850e+01
1.216071341145369722e+01
1.198009799420833588e+01
1.181940379035141753e+01
1.164450024668541239e+01
1.148766358589960390e+01
1.132520226885875125e+01
1.117091360088023855e+01
1.101029863187836355e+01
1.086740846331748678e+01
1.072162729894949251e+01
1.057126263011660861e+01
1.042884878317514996e+01
1.028374346718192101e+01
1.013367217199670023e+01
9.990857431044181780e+00
9.870595501425365015e+00
9.722939137576354085e+00
9.593795972358849511e+00
9.462882701617976622e+00
9.335090211903056101e+00
9.203993097258111433e+00
9.080336776872476534e+00
8.957908617125617923e+00
8.842696925107803807e+00
8.729073324758145347e+00
8.624710773738721414e+00
8.505182810541656480e+00
8.376963492896821961e+00
8.271276140999463067e+00
8.170083570087122382e+00
8.056524088399278583e+00
7.945803507748577132e+00
7.839845062336987525e+00
7.735039258065323331e+00
7.632615158023933866e+00
7.539879604553182624e+00
7.448305088095366955e+00
7.350626172497868538e+00
7.256517625310355157e+00
7.170427374748720162e+00
7.073497044232984088e+00
6.982426008726987376e+00
6.894424643988410928e+00
6.808374836626979842e+00
6.716830776486959920e+00
6.632430816379685901e+00
6.554007931508952112e+00
6.476536676287651062e+00
6.391036378012763031e+00
6.313325520915289424e+00
6.240131921859251030e+00
6.163593370363944501e+00
6.090024042046731978e+00
6.020289368410077557e+00
5.954375389032065868e+00
5.878188390077816017e+00
5.811445189846886628e+00
5.740309663634333148e+00
5.670241053319639235e+00
5.613890122415290840e+00
5.539554467631710999e+00
5.479419501084420219e+00
5.415767624974250793e+00
5.353695632268984816e+00
5.295423519797623158e+00
5.242455570751594074e+00
5.178109360444876685e+00
5.122823570751481981e+00
5.058892199355694785e+00
5.003515275609162316e+00
4.947612686807082660e+00
4.898320346242851286e+00
4.846259793732315302e+00
4.790583368080358007e+00
4.735550861184795401e+00
4.684587815879947215e+00
4.637840270789133079e+00
4.593790520862158999e+00
4.546250027966582508e+00
4.502865273195008733e+00
4.452312406618148088e+00
4.405933603592631087e+00
4.355398118133759766e+00
4.310218878607782855e+00
4.271051293394218185e+00
4.228022708350585468e+00
4.184968416786028378e+00
4.141690190415829420e+00
4.101723235203987628e+00
4.059832559277613662e+00
4.020422699033385783e+00
3.978861678339955077e+00
3.953505329477290164e+00
3.912525915075093508e+00
3.871785596633950721e+00
3.837921323306444421e+00
3.807078647841182217e+00
3.772530110397686709e+00
3.744100746646937594e+00
3.706081880877415191e+00
3.670732355573111061e+00
3.639959589164289966e+00
3.606691363836742159e+00
3.576621480803522601e+00
3.553035595247314937e+00
3.518074570171949134e+00
3.489008825427541982e+00
3.461659694556146860e+00
3.432820041094803099e+00
3.414403661982052807e+00
3.391662191910048474e+00
3.369764837332897667e+00
3.340243738351596825e+00
3.320552118070837722e+00
3.293080047393838417e+00
3.271057348646637664e+00
3.250863241186986219e+00
3.225615301272935387e+00
3.207457925762153383e+00
3.186147098584721338e+00
3.164605731041067127e+00
3.143752626816017859e+00
3.125187833069099419e+00
3.104462933778348699e+00
3.082651074820508708e+00
3.067223463259223237e+00
3.049362349168708075e+00
3.034318481416752089e+00
3.017937447047895905e+00
3.005669924947950378e+00
2.991183737396366116e+00
2.977811194645861637e+00
2.966872741882172093e+00
2.955850384042908896e+00
2.947246662754979596e+00
2.940966233766327154e+00
2.928003475846101988e+00
2.923535590836157549e+00
2.922822366468608379e+00
2.916634978312584892e+00
2.912790409599741448e+00
2.918935855022735115e+00
2.921495019354753975e+00
2.922316823827309840e+00
2.925370933901932702e+00
2.926583377799639951e+00
2.933264359780070052e+00
2.946481444510734793e+00
2.960288252215832472e+00
2.975627017207443714e+00
2.987664101800570737e+00
3.011631700882895224e+00
3.030114345459474556e+00
3.065873213888456572e+00
3.113029863892330162e+00
3.148319103082434900e+00
3.191944687265074965e+00
3.249609914039158109e+00
3.301048430148512125e+00
3.366149274528854374e+00
3.427562598242527958e+00
3.506830240548071131e+00
3.590347112311671030e+00
3.664087950821138140e+00
3.716245530224922433e+00
3.755192370774845134e+00
3.778431913711958412e+00
3.757453305181115866e+00
3.722892580088227987e+00
3.638346062197039377e+00
3.517860226488361608e+00
3.338591077882382407e+00
3.153431989614748243e+00
2.933929880951634761e+00
2.687256521545350552e+00
2.409039768597318165e+00
2.127353698442069341e+00
1.847479775547981262e+00
1.571736802334069427e+00
1.311174345610197634e+00
1.077021730449309267e+00
8.714961103137789378e-01
6.858663611823835327e-01
