1.637164796719248727e+02
1.664301181761316286e+02
1.666956332843204223e+02
1.667132539593076785e+02
1.666650178727391847e+02
1.664998984864564591e+02
1.662198377357184143e+02
1.658898570044847531e+02
1.654257466170175519e+02
1.648983132863015442e+02
1.642778600438805086e+02
1.635554837733812974e+02
1.627330402452111286e+02
1.617994699561310767e+02
1.607740349195130989e+02
1.596619270514223103e+02
1.584220451022620466e+02
1.570995807659308525e+02
1.556635967987058677e+02
1.541788361111803738e+02
1.525636839966211369e+02
1.508921960966113147e+02
1.491162232175126974e+02
1.472888806300639999e+02
1.453911344812699440e+02
1.434530165790186800e+02
1.414441154252409092e+02
1.393948700282913933e+02
1.373054859809242032e+02
1.351985646561630574e+02
1.330455559457854235e+02
1.308845634913174933e+02
1.287124201118023450e+02
1.265207451798955987e+02
1.243401709516346898e+02
1.221721477548482540e+02
1.199955910128586964e+02
1.178518361301152737e+02
1.157007268537758620e+02
1.136039842217655718e+02
1.115197813409746317e+02
1.094954372801978195e+02
1.074704252824371622e+02
1.055149745567885162e+02
1.035670277240370609e+02
1.016826862598499162e+02
9.985009083096012716e+01
9.803947746859897450e+01
9.632110415717042429e+01
9.464842095484341655e+01
9.301115378032994840e+01
9.145871327012041263e+01
8.997686917352613989e+01
8.854402552884630495e+01
8.718557045653861337e+01
8.585941567468462665e+01
8.461935524616333737e+01
8.343017034548384459e+01
8.233924624681662863e+01
8.129838398761556562e+01
8.032097191130461056e+01
7.938918392247103384e+01
7.854057030175576415e+01
7.774771455925446162e+01
7.700202080842008456e+01
7.631984329528150113e+01
7.569488681412228459e+01
7.512168255919955584e+01
7.459258206990404005e+01
7.410339770037880669e+01
7.367159529760866121e+01
7.326592998463534911e+01
7.292059189773289063e+01
7.260558539561382929e+01
7.230366256728531482e+01
7.204012982283872191e+01
7.181451923329477438e+01
7.161254771757654680e+01
7.141429626189955115e+01
7.125618797814537686e+01
7.109583960918033085e+01
7.095885606310945093e+01
7.080898696255231073e+01
7.069136856296636040e+01
7.057621711673135678e+01
7.046873745652600007e+01
7.037239274407674827e+01
7.026246942334179835e+01
7.017849844046921248e+01
7.008260113804266211e+01
6.998312637933140934e+01
6.988589416751948136e+01
6.979892433181574063e+01
6.966938656066989211e+01
6.954712175536643315e+01
6.944877769587783689e+01
6.929606216460963708e+01
6.917197078090751461e+01
6.905698474897197059e+01
6.889277807225218453e+01
6.874552705817386311e+01
6.860314174504753737e+01
6.844345583835746538e+01
6.826963027119676042e+01
6.808846621501503193e+01
6.789235611415897154e+01
6.771310948338557978e+01
6.751226267381893820e+01
6.728490798236185810e+01
6.708652160889488414e+01
6.686560385589335453e+01
6.662441594676401735e+01
6.639086111039657112e+01
6.615598164459730413e+01
6.592161333113610056e+01
6.566381394557242857e+01
6.541278727147431482e+01
6.513471402652469067e+01
6.487211996841810446e+01
6.460891444098268721e+01
6.431358467897018727e+01
6.404029938526987564e+01
6.373980489602594446e+01
6.344717505031899663e+01
6.316431593390226595e+01
6.286972467482652149e+01
6.255596539611077134e+01
6.225583853854953986e+01
6.194622074196914951e+01
6.163810513481084996e+01
6.133802883191784616e+01
6.103152816576906048e+01
6.072065325608450337e+01
6.039936607385940448e+01
6.008122068139741856e+01
5.975366221014952828e+01
5.944426530448487256e+01
5.912601783434305247e+01
5.880211123104051296e+01
5.848005719925831869e+01
5.814897835834059947e+01
5.782413059667774746e+01
5.750600736680053870e+01
5.718730874163378530e+01
5.684942887616885088e+01
5.653114336047118371e+01
5.620290788574930474e+01
5.590070433501195168e+01
5.556160876998993103e+01
5.525213989061597175e+01
5.494060975830046090e+01
5.461077830869694338e+01
5.429387345880803650e+01
5.399011409792102967e+01
5.366468080595689827e+01
5.335072614194370999e+01
5.304346917840054942e+01
5.272894247273617196e+01
5.242508124414733572e+01
5.212629551624986846e+01
5.182172916208021007e+01
5.150315686679991956e+01
5.122139892314581999e+01
5.091135346193970435e+01
5.061455313351608254e+01
5.030830091836547524e+01
5.002162177672496313e+01
4.972327890371784775e+01
4.943187072366309565e+01
4.914483911445028497e+01
4.886911665308033292e+01
4.858512840605700944e+01
4.830098085788219464e+01
4.801830630406075784e+01
4.774781450423017048e+01
4.745985886646601415e+01
4.719525138093570149e+01
4.691562108997755587e+01
4.665207924166826814e+01
4.638279595194541116e+01
4.612734325220218778e+01
4.586575634852062677e+01
4.561582306833447120e+01
4.535764006828193828e+01
4.511039629429832587e+01
4.484286956891069309e+01
4.460393667095776493e+01
4.435580236317569103e+01
4.410433084942968662e+01
4.385627547585916375e+01
4.362081502711283321e+01
4.337377551980453916e+01
4.313937072216791080e+01
4.290367497971678290e+01
4.266313304109375082e+01
4.246019845073772814e+01
4.222764010019627534e+01
4.199143525710319125e+01
4.176835636379765759e+01
4.155015352508402771e+01
4.132812549470702379e+01
4.110436614431807811e+01
4.088868253942468556e+01
4.068348824117239815e+01
4.047326014910787961e+01
4.025780487050495537e+01
4.004618979087206299e+01
3.985955496585529545e+01
3.964476844129967503e+01
3.945247090797236211e+01
3.925923916555257165e+01
3.904245969860196652e+01
3.883456080680468858e+01
3.865540395256749662e+01
3.845945275097567162e+01
3.827474658558018916e+01
3.809668908730236581e+01
3.791752802511167175e+01
3.772190901264063001e+01
3.754670958791057700e+01
3.737221550103601686e+01
3.720081473334639099e+01
3.702888270507212809e+01
3.685124394438078355e+01
3.667791603732772643e+01
3.650655403983084568e+01
3.633108054072813786e+01
3.617114983470064971e+01
3.600321594847783757e+01
3.583963076170798701e+01
3.568366290434760657e+01
3.553165007125240749e+01
3.537753225095288911e+01
3.522493316078976733e+01
3.507555378429915294e+01
3.492809605288370278e+01
3.478632055796136768e+01
3.463301703375638851e+01
3.449359502704913183e+01
3.434164712900204819e+01
3.420305080887563065e+01
3.406483990326967870e+01
3.391851943587097651e+01
3.377969748653706006e+01
3.365821723015239542e+01
3.352870008067633023e+01
3.339867208836857770e+01
3.327638127221235465e+01
3.316138188176542911e+01
3.303674556685304964e+01
3.291472527781942858e+01
3.279615987760116269e+01
3.268225597562120299e+01
3.256373937178427980e+01
3.244565997159838133e+01
3.234956436858855966e+01
3.223350577620747970e+01
3.212852305650490337e+01
3.202926992907286774e+01
3.192570383256949640e+01
3.182232588042545984e+01
3.173087525612941207e+01
3.164128827738686311e+01
3.155132414467040292e+01
3.146036812970681851e+01
3.138275449246123472e+01
3.130065386782238335e+01
3.121478424960212550e+01
3.113791435401126861e+01
3.105923532265690312e+01
3.099369604956928370e+01
3.092767657028198514e+01
3.085726825119294148e+01
3.079097152632275325e+01
3.072427392153892356e+01
3.067980727699106325e+01
3.063057855379646099e+01
3.058040787269392169e+01
3.053816711828650909e+01
3.049693584687031844e+01
3.046850272574580742e+01
3.043782211104887381e+01
3.041957047778370793e+01
3.039043031821727325e+01
3.038331775470715712e+01
3.037329723071431431e+01
3.036848192892030696e+01
3.037665525636340647e+01
3.039035507359665544e+01
3.041454099871400629e+01
3.044149097319584030e+01
3.046664473007589891e+01
3.049912485867407952e+01
3.055965674602746418e+01
3.061615469578416437e+01
3.068520293467379290e+01
3.076115819135513973e+01
3.086276922295596492e+01
3.097971991518528512e+01
3.110708905661986634e+01
3.125023753596974885e+01
3.140474603667821540e+01
3.158510312457413605e+01
3.179075544995494340e+01
3.201379252712494150e+01
3.226987888063040799e+01
3.255940200718970345e+01
3.288071929922974590e+01
3.325842514199990774e+01
3.368302071358753835e+01
3.414716956566810069e+01
3.467729541169678953e+01
3.530033801123133941e+01
3.599357295138417356e+01
3.675122041864073452e+01
3.757377020250925170e+01
3.846039698475974689e+01
3.941022366281114131e+01
4.035491705116077554e+01
4.128770973586694026e+01
4.218115953923241079e+01
4.295338914131104247e+01
4.351333504387634576e+01
4.382259732545661279e+01
4.378485185914466626e+01
4.333069937355976009e+01
4.247603649427783523e+01
4.108863296819141908e+01
3.928144955541535666e+01
3.703706682207862144e+01
3.440524975333140389e+01
3.145163051947422517e+01
2.827963845098373596e+01
2.500436897479666243e+01
2.172221003048419874e+01
1.850461921378814267e+01
1.550072665157222751e+01
1.273552917483011804e+01
1.026384985716032894e+01
8.096285366562200991e+00
