3.676056627887317063e+01
3.317073863516160515e+01
3.247333190530657987e+01
3.196387582003292493e+01
3.136557102303695999e+01
3.070829918929442215e+01
3.001419683573129049e+01
2.917081886631254761e+01
2.822013518744540050e+01
2.715313978436552844e+01
2.598314437066786908e+01
2.467526417602814348e+01
2.329084439466542378e+01
2.183845374647132331e+01
2.031649968810328133e+01
1.879744147914960806e+01
1.725622276316196846e+01
1.575235938448225959e+01
1.432615641503319814e+01
1.296016475405956925e+01
1.167047571483856672e+01
1.046844028937702475e+01
9.367426269441992304e+00
8.361016482975683672e+00
7.462472454969678815e+00
6.651707594471035101e+00
5.928654715922780483e+00
5.291965367107820839e+00
4.731838641756493047e+00
4.234971024758871216e+00
3.800769129639510968e+00
3.424794559993296517e+00
3.095247776690869035e+00
2.806915742276562487e+00
2.559629105758401746e+00
2.343010308029273681e+00
2.155567245401903254e+00
1.992253432216365638e+00
1.851657430592350106e+00
1.729538616285689168e+00
1.622221738504190602e+00
1.532158092342752909e+00
1.453264015678941812e+00
1.385834679345919751e+00
1.327540667236090988e+00
1.277702484813629580e+00
1.235596750809623723e+00
1.199174496637148701e+00
1.169404599719762849e+00
1.145092131194163088e+00
1.124876812558413874e+00
1.108935026090499099e+00
1.095961362204305622e+00
1.085046504555702285e+00
1.078004471510502160e+00
1.072481266073774808e+00
1.069674165882400940e+00
1.067194346272641647e+00
1.066968638715509066e+00
1.067860265505223616e+00
1.069964228584386001e+00
1.072187956675701770e+00
1.074544913604244201e+00
1.078742957085027321e+00
1.082167353932996123e+00
1.086066432040277530e+00
1.089264189573600161e+00
1.093312869218655559e+00
1.097608077337375754e+00
1.101233596176074414e+00
1.105541850995192643e+00
1.108821599020800797e+00
1.111970763688382657e+00
1.114715667309141622e+00
1.117385697999701222e+00
1.120025444892713828e+00
1.121480956564834264e+00
1.123816124180217368e+00
1.126357749978523115e+00
1.127811407004771782e+00
1.128866671246683717e+00
1.129195867345448745e+00
1.130817674397573303e+00
1.131008241205343712e+00
1.131443774159952120e+00
1.131606399443529698e+00
1.131434442209722224e+00
1.131153850958953822e+00
1.130332790734787762e+00
1.129552604213056588e+00
1.128844650458266541e+00
1.128254650556401506e+00
1.127386592846040037e+00
1.125711931156647028e+00
1.124966390264408256e+00
1.123990215607644227e+00
1.122786444258563998e+00
1.121570216387269392e+00
1.119379791109467837e+00
1.117058986623514993e+00
1.115196320169819622e+00
1.112938572083946198e+00
1.111929515735515572e+00
1.110359452227694721e+00
1.108698369260862737e+00
1.106837227583311378e+00
1.105586553614779977e+00
1.103703088451091885e+00
1.101821012540030953e+00
1.099648280006836343e+00
1.098555755337960127e+00
1.097081118765905750e+00
1.095616907826880482e+00
1.093381194531137135e+00
1.092046221036874432e+00
1.089619281372854687e+00
1.087429245012229595e+00
1.085010050584962027e+00
1.083999492767295347e+00
1.082471790397521172e+00
1.080943176893388147e+00
1.080048222440492367e+00
1.077851809908974223e+00
1.076861259972533791e+00
1.075433310101752804e+00
1.074126018097215418e+00
1.073322275779709400e+00
1.071354726852560724e+00
1.069337769116344594e+00
1.067869481930959985e+00
1.065070509230519713e+00
1.065085642464818072e+00
1.064948078556202438e+00
1.062800032170383213e+00
1.062282542789160233e+00
1.060277603530488388e+00
1.058899749116917199e+00
1.058002445471635911e+00
1.056823102374527368e+00
1.055164815743723894e+00
1.053762028883724833e+00
1.052779930883440462e+00
1.051729274399540337e+00
1.051424349183914586e+00
1.051046594455646854e+00
1.051539456813914031e+00
1.050137996668273344e+00
1.049286417972127294e+00
1.049136762027209402e+00
1.048035909344697814e+00
1.046425454636394914e+00
1.044720540886453275e+00
1.042458784857730025e+00
1.042137772594629475e+00
1.041738304408381444e+00
1.040372294315055957e+00
1.040056729695546744e+00
1.037570595133805007e+00
1.036697789376596957e+00
1.036780944815827166e+00
1.036778604364082756e+00
1.036360274432593265e+00
1.036150284441075931e+00
1.035121099938424161e+00
1.036351447485106991e+00
1.035204413616261698e+00
1.033599884030095284e+00
1.033703869082247984e+00
1.031744495794544081e+00
1.031054807219024205e+00
1.029710817188007610e+00
1.028172862113430064e+00
1.029398820882173826e+00
1.028631530484725110e+00
1.028208219644545007e+00
1.027898951226631663e+00
1.027492955490353799e+00
1.025719071457879661e+00
1.024774772536173106e+00
1.025851156017672627e+00
1.025381066800748808e+00
1.023623934935795843e+00
1.024273544443204731e+00
1.024394063928819598e+00
1.024491084976388633e+00
1.023773973004197479e+00
1.022174302291890990e+00
1.021280462227078578e+00
1.020325590782651615e+00
1.021248088189570691e+00
1.019664265391955205e+00
1.020262435096726206e+00
1.017388771130379954e+00
1.016650323875771367e+00
1.017002316270088969e+00
1.017589560876309918e+00
1.019161871039611089e+00
1.019668593787707023e+00
1.017879963642896568e+00
1.018968342337615685e+00
1.017992992542121833e+00
1.018364377376476781e+00
1.017422894621203833e+00
1.016426121348149358e+00
1.016270035055214738e+00
1.018731001309167050e+00
1.020230977602618605e+00
1.022599137088239685e+00
1.022430126861474164e+00
1.025900400218439534e+00
1.020954355629911214e+00
1.024267298553625194e+00
1.018029755713578899e+00
1.023211929587303226e+00
1.019220737090319462e+00
1.011910726495630630e+00
1.028760779318719676e+00
1.034993118484444752e+00
9.997146750572624141e-01
9.499507907582516175e-01
9.633575581296979218e-01
9.796113605325338369e-01
9.881157711072714456e-01
1.161861988130092005e+00
7.459714778680179847e-01
3.915919403571748725e-01
7.059113655670954390e-01
9.257564375019590175e-01
1.552008696163537760e+00
2.393887419280877893e-01
3.829570564738320915e+00
1.386101539347458944e+00
8.959271969296745963e-01
7.373586537273062458e-01
1.454189397187226618e+00
1.048624647712679492e+00
1.027582916329809803e+00
1.354301124289725822e+00
6.747759375918755964e-01
7.424411025515884610e-01
6.710796929335793859e-01
1.429578119648650114e+00
1.603510875464931429e+00
5.763688783091317491e-01
1.198306266706843148e+00
5.351536115148384232e-01
7.705331708464716600e-01
1.005884723995150942e+00
9.404827291807968948e-01
1.805539869149630272e+00
