1.960170069819727701e+02
1.987309304118988109e+02
1.990241183708885444e+02
1.991345521342552161e+02
1.991150121656370118e+02
1.989583509843350271e+02
1.986675071198074534e+02
1.982585645549651190e+02
1.976556551052645432e+02
1.969364794578941371e+02
1.960295873446533790e+02
1.949886605969491029e+02
1.937544370003741392e+02
1.924079383547646103e+02
1.908450929024932918e+02
1.891116975430580283e+02
1.872455503214963528e+02
1.852454126043817837e+02
1.830382961512677866e+02
1.806923955327050635e+02
1.782540341467012013e+02
1.757067680203403484e+02
1.730045799116662408e+02
1.702705101339043097e+02
1.674276888483642836e+02
1.645298945763702534e+02
1.615449378979214146e+02
1.585170467153319009e+02
1.555045559965340090e+02
1.524855654147540918e+02
1.494162152602600599e+02
1.463786824589959679e+02
1.433288765934795777e+02
1.403139752159246143e+02
1.373142474795432690e+02
1.343687654183840152e+02
1.314342292805191619e+02
1.285799783850903566e+02
1.257626807838063598e+02
1.229770025031892544e+02
1.202888311897343669e+02
1.176312938797360061e+02
1.150336243020488070e+02
1.124949343943425788e+02
1.100366276945019308e+02
1.076246471899854100e+02
1.052761010572355360e+02
1.029857438373466181e+02
1.007755988194645482e+02
9.861498755014116568e+01
9.651543102584329858e+01
9.448318917315781107e+01
9.250621805258209918e+01
9.059557847580651924e+01
8.873089827151379438e+01
8.694191107711924360e+01
8.520201391569140981e+01
8.350805227177734480e+01
8.187765352868709101e+01
8.030113276185991822e+01
7.880197468591197207e+01
7.733790687937198527e+01
7.590379812721074870e+01
7.454629553779754758e+01
7.323895300775102157e+01
7.195685995830251613e+01
7.075105608164625437e+01
6.960217290925791644e+01
6.849341713302604262e+01
6.744506168762180209e+01
6.643703924358933932e+01
6.548148479659515431e+01
6.457224443138389347e+01
6.371098382575057428e+01
6.289979775454954591e+01
6.214763034728060376e+01
6.143028907548860218e+01
6.076118778574719670e+01
6.013933606785227681e+01
5.954720244764801151e+01
5.900896166465854975e+01
5.852650155963993939e+01
5.806242115761580891e+01
5.764051352916878557e+01
5.726117627976626778e+01
5.691804464149635834e+01
5.661638648503000582e+01
5.633529737285068961e+01
5.609428801548283872e+01
5.586611567185477156e+01
5.568340859292948153e+01
5.551588630815837178e+01
5.538783610457279138e+01
5.527513314229222630e+01
5.516985738655455407e+01
5.509913757535706935e+01
5.503681801360345816e+01
5.498439641600138117e+01
5.495197936813082862e+01
5.493116724281256325e+01
5.492339399095325803e+01
5.492962021299263853e+01
5.495584575166267882e+01
5.496316210571014693e+01
5.500797465045126700e+01
5.505332929685872045e+01
5.508993098277043998e+01
5.512939854344734414e+01
5.516726442545395770e+01
5.521021974037344648e+01
5.526183995123379589e+01
5.531246470064685639e+01
5.537093696844561919e+01
5.542710281837063491e+01
5.546571549527641309e+01
5.552375882412508901e+01
5.557165900747331477e+01
5.562039956499000937e+01
5.566090334279627427e+01
5.569722110478738841e+01
5.575116868741238108e+01
5.579478499832796246e+01
5.583096094942875709e+01
5.586117247505183059e+01
5.589438710080118966e+01
5.592946326417435188e+01
5.594982620491560255e+01
5.597175540075248534e+01
5.601581479539962061e+01
5.604033416323206040e+01
5.607750744882121552e+01
5.609091049912257176e+01
5.608835606485713754e+01
5.612414473591209685e+01
5.612448630413566519e+01
5.613730449928332433e+01
5.613618621243279705e+01
5.614055297375833931e+01
5.614560446278593275e+01
5.614420189384080118e+01
5.614263427593199651e+01
5.614921515670252461e+01
5.615331432830694069e+01
5.615697777418498760e+01
5.616313007394108325e+01
5.616009209953882930e+01
5.617051910217905686e+01
5.617422495392115422e+01
5.618506900127938053e+01
5.619037788405213973e+01
5.621032331190542664e+01
5.622734561206284098e+01
5.624622189875509548e+01
5.627380281097207160e+01
5.628452587606120971e+01
5.631713433939999902e+01
5.635099612953507631e+01
5.637923313218492183e+01
5.642221005608446660e+01
5.646981077527471626e+01
5.650914547844971025e+01
5.657852307306060879e+01
5.665367344152544860e+01
5.673683216436194954e+01
5.680655901660956175e+01
5.691435665711604486e+01
5.700730525966346107e+01
5.714148825286258671e+01
5.725794939432491049e+01
5.741894421124217018e+01
5.758020560968464707e+01
5.776348423726938819e+01
5.795940481144052114e+01
5.814889282358110023e+01
5.837688661185525518e+01
5.863939311639064300e+01
5.891447973651076353e+01
5.919149297020660327e+01
5.952277286992379857e+01
5.988687101314710759e+01
6.029012845950724397e+01
6.074573878494540224e+01
6.122600613055637808e+01
6.175507555704199092e+01
6.232968664823268767e+01
6.299225713860436571e+01
6.373316649657719069e+01
6.454292644885613583e+01
6.544795605985638076e+01
6.645667549443255950e+01
6.758811807091727530e+01
6.893173949252820876e+01
7.047708282512222411e+01
7.225137016869354056e+01
7.437485438947504690e+01
7.689433947582722340e+01
7.980877338043295310e+01
8.317420972527921208e+01
8.693853285813808895e+01
9.084896638687867210e+01
9.456543200648478376e+01
9.756855070659175055e+01
9.930255668540192460e+01
9.910219513681759906e+01
9.645303693295103642e+01
9.116300505662644582e+01
8.326056856567585385e+01
7.329541547142690661e+01
6.195729418674340394e+01
5.017002389703730358e+01
3.890610683568631600e+01
2.877411741957819302e+01
2.032471046315837881e+01
1.369901970685167569e+01
8.788731794125803631e+00
5.375573407787198832e+00
3.133858687351373629e+00
1.739414532519968137e+00
9.154932905923057751e-01
4.540252077206790027e-01
2.175029395769945417e-01
1.014806975357453733e-01
4.485556268142994879e-02
2.023059624188102909e-02
9.777244504487856910e-03
5.301131794841615862e-03
3.642862560766959960e-03
2.856873581718444039e-03
2.602936117506486017e-03
2.370810094194297866e-03
2.414982396335457488e-03
2.222043512010634780e-03
2.047908515958950237e-03
1.866015554184566458e-03
2.161531821887064438e-03
1.992117367869863324e-03
2.052362987451543559e-03
1.898467249802909731e-03
1.995743385101777199e-03
1.686523096294480955e-03
1.623637710397545734e-03
1.764241229515039078e-03
1.683081283353054895e-03
1.806279227291551510e-03
1.821968344891572748e-03
1.670247450619239326e-03
1.392275204685837616e-03
1.207018158944676020e-03
1.383474721084475972e-03
1.233017908427109241e-03
