1.960083125555731556e+02
1.987130346946713928e+02
1.989988868653288137e+02
1.991046746323743832e+02
1.990823494398893274e+02
1.989249159249617946e+02
1.986325684886499801e+02
1.982220165218325292e+02
1.976173519707356547e+02
1.968974032387831414e+02
1.959894954208461115e+02
1.949492746496698885e+02
1.937073850926414309e+02
1.923631797786207471e+02
1.908010577393106928e+02
1.890685623286204873e+02
1.872004016952554082e+02
1.851960056696033519e+02
1.829908624653039624e+02
1.806443639921067756e+02
1.782037923737819654e+02
1.756556680533742565e+02
1.729517110695959161e+02
1.702198031700515628e+02
1.673745396757173012e+02
1.644799552213326876e+02
1.614904513604380725e+02
1.584663802626158997e+02
1.554492447593859765e+02
1.524290357253131276e+02
1.493629380906952235e+02
1.463237884995898241e+02
1.432732924940444263e+02
1.402573177935360604e+02
1.372603374174508986e+02
1.343082909063137720e+02
1.313780440033684727e+02
1.285205112489855424e+02
1.256985895241225535e+02
1.229158756243658672e+02
1.202257906932949538e+02
1.175688621116922121e+02
1.149719028317580012e+02
1.124275547612991204e+02
1.099676150229933853e+02
1.075514037595542618e+02
1.052025680533050291e+02
1.029126765396440248e+02
1.006995226954551867e+02
9.853500355004064204e+01
9.643226807270588097e+01
9.439561697364437975e+01
9.241435322405209263e+01
9.050200983834653812e+01
8.862724058428200635e+01
8.682782440714079542e+01
8.508191934650844246e+01
8.337821881820036651e+01
8.173392547508906603e+01
8.014537053146679568e+01
7.862731467283951758e+01
7.714098879754581617e+01
7.568341782623130598e+01
7.430609088834791010e+01
7.296565233248232119e+01
7.164549023748449486e+01
7.040623249816346174e+01
6.921315926528248497e+01
6.805487979282129629e+01
6.695782706495756997e+01
6.590253358113284321e+01
6.488408657177913597e+01
6.391196074146731831e+01
6.297802081944344366e+01
6.209613353521421431e+01
6.126781523372898164e+01
6.047771991214092679e+01
5.973090236314543944e+01
5.902399334807821418e+01
5.835260625405162926e+01
5.772933369057883368e+01
5.715317638513547394e+01
5.660228376093787261e+01
5.609109753337965287e+01
5.562827871078228981e+01
5.519278356417108711e+01
5.481075829829234181e+01
5.445185245870749213e+01
5.413083982949724771e+01
5.382706204244743020e+01
5.356284963304644720e+01
5.332365849498241772e+01
5.311547049187806380e+01
5.293373614589843612e+01
5.277124658967288440e+01
5.264498110397698127e+01
5.252003597631848919e+01
5.241627718512106071e+01
5.233699405260629334e+01
5.227239506934662927e+01
5.223375651688776600e+01
5.219716080254612223e+01
5.218335058347409472e+01
5.216603712271366078e+01
5.217822905651551224e+01
5.220602069547681623e+01
5.222778003186368068e+01
5.225688413846280156e+01
5.229322104117720471e+01
5.234396184919817330e+01
5.237463805322968113e+01
5.241036058606317738e+01
5.247387672707671413e+01
5.253877342113964488e+01
5.259018202381359686e+01
5.263593216072183623e+01
5.270461586543955690e+01
5.275657642244869550e+01
5.281922395375775636e+01
5.288022708863932309e+01
5.295144828184680819e+01
5.301414010448206682e+01
5.308318721038908450e+01
5.314412599571012663e+01
5.319667576000227172e+01
5.325396837702736264e+01
5.331618061272495623e+01
5.336316898655447716e+01
5.342076565045243086e+01
5.346892439830904920e+01
5.353009786661287706e+01
5.357286356457571941e+01
5.361654929625817090e+01
5.367484532911502271e+01
5.371276824017046891e+01
5.375902465577971867e+01
5.380168525702982407e+01
5.383136094772878977e+01
5.388541478953644770e+01
5.391142646503743663e+01
5.395782111445885931e+01
5.398716124758001200e+01
5.401778674479058395e+01
5.405330769126201318e+01
5.410346376942047186e+01
5.412490500769749957e+01
5.416400131771571580e+01
5.420112444684684760e+01
5.425534004579677827e+01
5.428724899373852963e+01
5.433188156031781091e+01
5.437942518946172044e+01
5.441841689719753106e+01
5.447735405226249128e+01
5.451575751138811654e+01
5.455928458146977533e+01
5.463150225917983960e+01
5.469227339675351374e+01
5.474736444430511284e+01
5.481845558316227596e+01
5.489993620544855446e+01
5.500275284338843562e+01
5.508626553849407514e+01
5.518717567630326215e+01
5.529332479860615024e+01
5.542742184128790939e+01
5.555966286974891943e+01
5.569662572532373446e+01
5.583842309145234140e+01
5.600032733469917900e+01
5.618768045698654134e+01
5.637652068427481566e+01
5.659514274966021219e+01
5.682481379647001773e+01
5.706498918556650324e+01
5.733848429575895267e+01
5.762832740480325810e+01
5.793577623363493245e+01
5.828888752010284691e+01
5.864762520454939221e+01
5.905776032385972485e+01
5.952077974836139163e+01
6.002327848051749015e+01
6.056667960175661136e+01
6.116696726988416088e+01
6.183575094153913199e+01
6.256848204119109624e+01
6.339506487045513694e+01
6.430760646286249482e+01
6.532960252294466841e+01
6.646692470323866075e+01
6.778747769541818968e+01
6.931781781959936950e+01
7.107153691124659645e+01
7.317022632187563147e+01
7.568047122058877108e+01
7.859629823201454712e+01
8.195005529118941467e+01
8.566814781513973287e+01
8.953425529374999314e+01
9.322400333149082030e+01
9.621256602667590130e+01
9.788659518235729706e+01
9.767185166413726449e+01
9.507124725769551787e+01
8.988073594188563220e+01
8.215249377964325106e+01
7.234912545623333813e+01
6.117837955412097273e+01
4.955950275139143457e+01
3.843116295816977157e+01
2.843386805368658088e+01
2.007529070776745428e+01
1.352620285793201482e+01
8.670276915564855358e+00
5.293492439521197745e+00
3.080932902396983142e+00
1.706858473743465776e+00
9.029507463585375593e-01
4.531935501461936688e-01
2.170087020714270565e-01
9.922730080651676055e-02
4.470377660845556433e-02
1.961293050322800505e-02
8.763462749417087055e-03
5.045127584566050025e-03
3.635367845399529486e-03
2.869983779610000250e-03
2.569584830079497950e-03
2.228544023727921375e-03
2.530244319498439060e-03
2.050211895667277458e-03
2.114258661546822900e-03
1.973429733292147992e-03
2.199097676201162890e-03
1.944268745992160053e-03
2.080988479735417819e-03
1.895093796159463048e-03
1.877697369322589007e-03
1.861575942697431913e-03
1.519136698331914571e-03
1.780497614913267466e-03
1.699813225061724787e-03
1.832376561302778272e-03
1.707341441570548379e-03
1.739208028304277658e-03
1.521764969817365840e-03
1.329917844204724043e-03
1.459633470070576542e-03
1.366719679048771386e-03
