1.959570047251343397e+02
1.986035845330027314e+02
1.988362300852903388e+02
1.989020272957023394e+02
1.988514575672335241e+02
1.986751109789411203e+02
1.983705809178316599e+02
1.979493447228241223e+02
1.973311407012371319e+02
1.966079763225000079e+02
1.956905063505509474e+02
1.946408870384423722e+02
1.933935201420339638e+02
1.920421542394726941e+02
1.904683330608954464e+02
1.887310050070754812e+02
1.868567109543615175e+02
1.848450028260077431e+02
1.826303911948760117e+02
1.802807615236727372e+02
1.778304151820350114e+02
1.752742364114600946e+02
1.725684911563079709e+02
1.698286935564932776e+02
1.669825547327907600e+02
1.640795565981233608e+02
1.610845422152144408e+02
1.580580914749158126e+02
1.550362140879663571e+02
1.520078584721368031e+02
1.489382420275380525e+02
1.458939658251916569e+02
1.428398444858278538e+02
1.398213622294511254e+02
1.368182089206934791e+02
1.338679390971899466e+02
1.309300276544800283e+02
1.280680667043207848e+02
1.252460412046900586e+02
1.224544698744052056e+02
1.197615248227965168e+02
1.170984146603851173e+02
1.145015790888495246e+02
1.119540023920077232e+02
1.094884047120781219e+02
1.070640378592700586e+02
1.047057738467059522e+02
1.024063365311486962e+02
1.001877011743112860e+02
9.801628565373782465e+01
9.590704820656658569e+01
9.386120692961820566e+01
9.187115966087755226e+01
8.994659440709170894e+01
8.805787748672604209e+01
8.624649816345267084e+01
8.448369075218758439e+01
8.276290130163972947e+01
8.109480708927713977e+01
7.948626853713257390e+01
7.794185176979259211e+01
7.642254313227559237e+01
7.493298090653155441e+01
7.351108639615394225e+01
7.212738467228714967e+01
7.075214186219864132e+01
6.944638855851808046e+01
6.818846861466256826e+01
6.695075189949821493e+01
6.576337478749043441e+01
6.460643813235921584e+01
6.347304716937050983e+01
6.238024324005967003e+01
6.130687081062566079e+01
6.026926979093613568e+01
5.927545394953897784e+01
5.829350806260847406e+01
5.735351173351717335e+01
5.642526373805973350e+01
5.551961440666241998e+01
5.464622938247600104e+01
5.381125365581671360e+01
5.297869398587958756e+01
5.216708261081558362e+01
5.138936764625726283e+01
5.063218693096394674e+01
4.990122137830194049e+01
4.918403085385092055e+01
4.849696668105621455e+01
4.781273076764357199e+01
4.716131495385406680e+01
4.652068657032658194e+01
4.590721456547179002e+01
4.530731536507381207e+01
4.470974977004130579e+01
4.415667098780652822e+01
4.360103004447693564e+01
4.306901571267685824e+01
4.254591852220185899e+01
4.204718171177140817e+01
4.156694764416483423e+01
4.109235319192541880e+01
4.064943442331261991e+01
4.020845538944109876e+01
3.979792315951580406e+01
3.940094184903913543e+01
3.901416375279042370e+01
3.863764845028561012e+01
3.828649126182900631e+01
3.794817771307138798e+01
3.761815435113906858e+01
3.729781299765505764e+01
3.700752475408274478e+01
3.673221475600240638e+01
3.645966301481429639e+01
3.619905612089191038e+01
3.597814939732077022e+01
3.574346914355155036e+01
3.553945291555618979e+01
3.534191925309623628e+01
3.517085823960585600e+01
3.499591406440842434e+01
3.484558662799984319e+01
3.470886523144004343e+01
3.458311055078050344e+01
3.447388555765006402e+01
3.437262114105342903e+01
3.428762418114161648e+01
3.422035469699925869e+01
3.416435113344315511e+01
3.412038524696028929e+01
3.408098843553085544e+01
3.404269441810355090e+01
3.404071836882204849e+01
3.402409359776896025e+01
3.402734934627508778e+01
3.403476302404494902e+01
3.405256699374963603e+01
3.408481938682048451e+01
3.412903502394068056e+01
3.419068556345734322e+01
3.424706263553159147e+01
3.431355582213876687e+01
3.439648093653524086e+01
3.448173974406672215e+01
3.455948215663579504e+01
3.467421182819040126e+01
3.477825276280489675e+01
3.490400151210690893e+01
3.501659527188410692e+01
3.514009832616309126e+01
3.527990483821717049e+01
3.541775050842818473e+01
3.557536739532396552e+01
3.573108107488872776e+01
3.589090733495538643e+01
3.606945484286891457e+01
3.623512727613400841e+01
3.640645219288829537e+01
3.662057555176635759e+01
3.680893775616026886e+01
3.701593438388773905e+01
3.723942790546210091e+01
3.746236332501448629e+01
3.770018959127461500e+01
3.794111380103672815e+01
3.819189492287407006e+01
3.845391723767239966e+01
3.872418422879005817e+01
3.901929178335038984e+01
3.931505497966352891e+01
3.962017491207816988e+01
3.994939996594593623e+01
4.028048911990330083e+01
4.062523900680768207e+01
4.099874318022605735e+01
4.136811587762932874e+01
4.177712130716928129e+01
4.222396842990428212e+01
4.268080294616440540e+01
4.316839045005052355e+01
4.369125564346666835e+01
4.424161426001168707e+01
4.482194932280994948e+01
4.546002125675062189e+01
4.615630782476634408e+01
4.689462290410695289e+01
4.771068897640686401e+01
4.860636932044144487e+01
4.958418236614876662e+01
5.066548597169330037e+01
5.190367608772267971e+01
5.327721249559952099e+01
5.486220362212574031e+01
5.671288582850753102e+01
5.889047626878598862e+01
6.140827396258956128e+01
6.425921593284371625e+01
6.743312769456629496e+01
7.074168036002174631e+01
7.387375015717489646e+01
7.645809591957331008e+01
7.798493209270795035e+01
7.798793862258877141e+01
7.605319940478433693e+01
7.200420834404637560e+01
6.585432103753934996e+01
5.804925394170016517e+01
4.917755156779657000e+01
3.985929310624101873e+01
3.092150052307748354e+01
2.286400637821839155e+01
1.615682485193920925e+01
1.091114259966256306e+01
7.000756189062957269e+00
4.272169310773710649e+00
2.487796574387432180e+00
1.379462784290517829e+00
7.303250429374479324e-01
3.675029045218500268e-01
1.761258831952832726e-01
8.128271688652490001e-02
3.749892871374772840e-02
1.649364181371794011e-02
8.364123813526316842e-03
4.602024356745936309e-03
3.532167427448273077e-03
2.742420187361274252e-03
2.727349877379945612e-03
2.297883570462135993e-03
2.417028384263543179e-03
2.281559767157477579e-03
2.105294958333839110e-03
1.928707000260391526e-03
2.130447165381279141e-03
1.889561032671817830e-03
1.979570889291134596e-03
1.841140459139169834e-03
1.821846930383896456e-03
1.775611516116023256e-03
1.769252982398059840e-03
1.759211358359574328e-03
1.810621956679243092e-03
1.903376430222477027e-03
1.581876906688123091e-03
1.486766110617088448e-03
1.554460332695013162e-03
1.458970905655098413e-03
1.477827443877102742e-03
1.299639782181215850e-03
