1.960561669467254262e+02
1.988161574386134021e+02
1.991372909920842744e+02
1.992667711222007085e+02
1.992552574530055551e+02
1.991037301992623156e+02
1.988206804827759129e+02
1.984175118037379377e+02
1.978164321877478926e+02
1.971059242569405967e+02
1.962024852468348115e+02
1.951684558809620000e+02
1.939349737520793724e+02
1.925945274203933195e+02
1.910333867370066514e+02
1.893058095186501077e+02
1.874434574552279571e+02
1.854415319142503336e+02
1.832420797903092478e+02
1.809004060400981757e+02
1.784614566283817396e+02
1.759161375735183697e+02
1.732136001343072564e+02
1.704878392212500273e+02
1.676451097304594953e+02
1.647511554763437118e+02
1.617624409249374082e+02
1.587468079918008641e+02
1.557347465958842747e+02
1.527139176531102009e+02
1.496511611856894035e+02
1.466136621061619110e+02
1.435703395529639579e+02
1.405592532394747423e+02
1.375632283299063090e+02
1.346245186717501099e+02
1.316953052812986016e+02
1.288457890464570141e+02
1.260372299875934345e+02
1.232590081890799780e+02
1.205830909793186265e+02
1.179326250907014924e+02
1.153563143355434590e+02
1.128255228901158063e+02
1.103883338190318852e+02
1.080004733619511654e+02
1.056799186525721126e+02
1.034157384187724489e+02
1.012478956626741535e+02
9.913225504883834560e+01
9.708934195437116443e+01
9.511735566334668590e+01
9.322056272825643930e+01
9.140244282804243880e+01
8.963496663442019496e+01
8.796484237368701997e+01
8.636327900751847153e+01
8.482421598565805709e+01
8.336367637330080527e+01
8.198638599365514779e+01
8.070102948194144687e+01
7.946174792656611885e+01
7.828233946590060555e+01
7.719847131849338950e+01
7.618690672439689138e+01
7.521967594395174217e+01
7.434177509836312936e+01
7.353861522462759126e+01
7.279074682391166107e+01
7.211253883320763691e+01
7.150424016599141908e+01
7.093729004592472620e+01
7.042751168273441920e+01
6.997314313198589275e+01
6.955133632887428519e+01
6.919406832772456539e+01
6.887520506294320910e+01
6.860622373811932562e+01
6.835637981925071927e+01
6.813393726524121519e+01
6.796849132224842549e+01
6.784018022616113797e+01
6.770652682637651765e+01
6.761462000801876115e+01
6.754458269789836322e+01
6.748092514498924288e+01
6.743964336792120662e+01
6.740418674877163596e+01
6.739809670756848448e+01
6.739308612879437987e+01
6.739219122551892838e+01
6.739694504628545246e+01
6.741577459451939092e+01
6.743643248353171771e+01
6.743661654725934795e+01
6.746241825890417942e+01
6.746692458336220000e+01
6.747428587227247476e+01
6.747004146832939853e+01
6.747859430023032701e+01
6.748075239604257547e+01
6.747094931664575768e+01
6.746568878267220271e+01
6.745913874233009722e+01
6.745163127916305257e+01
6.743854702087526221e+01
6.742308040284335391e+01
6.736755434809329302e+01
6.733182476036050446e+01
6.729520239755525779e+01
6.723794531871466518e+01
6.716823731722585933e+01
6.709875564444082841e+01
6.703026778213090608e+01
6.694297484129673137e+01
6.685038113136070592e+01
6.677123432289261018e+01
6.666979377103169213e+01
6.658519690941456304e+01
6.647135712283834152e+01
6.636284303933199169e+01
6.624702947845791812e+01
6.612548189993994185e+01
6.600687989027176172e+01
6.586983148197865034e+01
6.574648181196698715e+01
6.562129873800694213e+01
6.549735648717928882e+01
6.534990987193214096e+01
6.521854117606301315e+01
6.509279416596764634e+01
6.493735570111121547e+01
6.478646687117526426e+01
6.467149587345720363e+01
6.451808655395009851e+01
6.438747425743009956e+01
6.424018484712733823e+01
6.409539501006166518e+01
6.395642213744637417e+01
6.378992302710434359e+01
6.367141050517109591e+01
6.353180242515018250e+01
6.340019491476521551e+01
6.327508082126050937e+01
6.316025692582078932e+01
6.301966959236138166e+01
6.290384822258360487e+01
6.277104085586611859e+01
6.266070892695414329e+01
6.253518020183791037e+01
6.243859801627652928e+01
6.233756465842119354e+01
6.223533258503429266e+01
6.214166532168270862e+01
6.204883502686192998e+01
6.197871487162071702e+01
6.189753513110046157e+01
6.181425453270608017e+01
6.176121843378930976e+01
6.172040096443850388e+01
6.167522116448558478e+01
6.164554304184287048e+01
6.163538402894169366e+01
6.162084746552070413e+01
6.163134616419875300e+01
6.164986340310746726e+01
6.168232749971480189e+01
6.171962785630815773e+01
6.176018228064246784e+01
6.184509642664428952e+01
6.193902416530877275e+01
6.204244762780993483e+01
6.216286880647856350e+01
6.231402459857049791e+01
6.248368839781959849e+01
6.267474555515570955e+01
6.288688159012194490e+01
6.312636786022539326e+01
6.341236971966364422e+01
6.373191370960456936e+01
6.408215968011667485e+01
6.449379911314665037e+01
6.493160740290961996e+01
6.543550589593918687e+01
6.599531417071104045e+01
6.660764271030947725e+01
6.730635447288855744e+01
6.809958578493534276e+01
6.899130004030148200e+01
6.999767755894335153e+01
7.112962752550642165e+01
7.246545834230725802e+01
7.401278140762742908e+01
7.579776597739970612e+01
7.793739761036337654e+01
8.049332654234109441e+01
8.350154845353360145e+01
8.693121531326049478e+01
9.078377261013524446e+01
9.479138067164187476e+01
9.857531940214059318e+01
1.016802777163699005e+02
1.033960253997554304e+02
1.031296145844008976e+02
1.003559198975147524e+02
9.483704014214208655e+01
8.659214437239188555e+01
7.619241137929047625e+01
6.443636530749122926e+01
5.222141598952072172e+01
4.047046326799589622e+01
2.990099533607773097e+01
2.112813113170550139e+01
1.424197246440330744e+01
9.136044314487586249e+00
5.585122389135905863e+00
3.256888855738830912e+00
1.795249019515187339e+00
9.480357174098827944e-01
4.749514785786101978e-01
2.289225411427250612e-01
1.069282509594501607e-01
4.868776390332020532e-02
2.135145384056092929e-02
9.714849154723651653e-03
5.203197449050848272e-03
3.256500863984759884e-03
2.861874980941161994e-03
2.515288167396951841e-03
2.303929906142166643e-03
2.242568857731908408e-03
2.225451926688346970e-03
2.207029594448538246e-03
2.189249868201341431e-03
2.175743611484926877e-03
2.037279628687798782e-03
1.989435643268854751e-03
1.844788181493901055e-03
1.621621826165368929e-03
1.856463651221149092e-03
1.552622996388270966e-03
1.571444226525975894e-03
1.659009315778623220e-03
1.587879929909728370e-03
1.593290692108845523e-03
1.559318544336999596e-03
1.510190681881516542e-03
1.343756987777944929e-03
1.570221156034747089e-03
1.477598020401207305e-03
