1.415478125147508592e+02
1.429659240972175951e+02
1.430098244496875850e+02
1.428566834866222734e+02
1.425879311146200052e+02
1.421425718036706485e+02
1.415400692460874268e+02
1.408272949123654882e+02
1.398109084769288017e+02
1.386558979964595153e+02
1.372843195822222526e+02
1.356822874449329390e+02
1.338823948784459787e+02
1.319024637409198135e+02
1.296338694399406961e+02
1.272151102876846949e+02
1.245999243603194628e+02
1.218209787160869553e+02
1.188493034161623996e+02
1.157647115991049844e+02
1.125735041411551549e+02
1.092715148151877997e+02
1.058608537848081710e+02
1.024542218610343554e+02
9.897164295186910010e+01
9.547918563843833795e+01
9.198027793006298225e+01
8.851858908143023541e+01
8.508267572654423816e+01
8.169088852534575551e+01
7.838564591703146789e+01
7.517151585300194938e+01
7.200245917301961640e+01
6.893205687649121671e+01
6.596041025404701941e+01
6.310579995011923415e+01
6.033084496664620389e+01
5.767197985557787376e+01
5.513340862996281544e+01
5.269262176452644297e+01
5.033451101859746757e+01
4.813099800799844274e+01
4.599506016495999461e+01
4.397199804606498219e+01
4.204845681227743626e+01
4.024098209536815318e+01
3.853265727480821567e+01
3.688528831154043530e+01
3.536747088737643452e+01
3.392986474167749833e+01
3.258680646866883279e+01
3.132950651609442261e+01
3.017154260605133942e+01
2.907289942420579365e+01
2.805474417549299204e+01
2.712480943540059286e+01
2.626814895596665522e+01
2.546083834964601067e+01
2.471803454234678554e+01
2.404361463075555605e+01
2.345030514918552456e+01
2.288961552018170309e+01
2.239813656804876274e+01
2.194123040563297522e+01
2.154243267829426500e+01
2.115580079822231951e+01
2.083888152825077000e+01
2.053938071728528669e+01
2.029916717161217576e+01
2.006856004544533789e+01
1.986699564374672988e+01
1.968551680065381149e+01
1.953512628322156885e+01
1.939339361489853886e+01
1.927649066824879753e+01
1.918743791679541388e+01
1.910270443897590908e+01
1.903986316466600570e+01
1.896575463263111061e+01
1.891975387263422093e+01
1.885627157613635063e+01
1.881767221545386803e+01
1.876968513956914464e+01
1.873959558529572433e+01
1.870171694085001945e+01
1.865537946122801927e+01
1.861552951904013753e+01
1.856697490914828208e+01
1.853871661538465077e+01
1.851403865839044371e+01
1.847089051962312567e+01
1.841636330768879759e+01
1.836486869977994019e+01
1.830601750407367945e+01
1.824918792293303582e+01
1.819217852772110078e+01
1.812489207233819855e+01
1.806098580505285156e+01
1.797384661818957952e+01
1.789792810380458832e+01
1.781995148687726882e+01
1.772065087469915667e+01
1.762108640672845894e+01
1.752507122430122521e+01
1.742412159447040665e+01
1.731439880519691599e+01
1.721243101110060891e+01
1.710576209488014499e+01
1.699991671575440222e+01
1.688030727869934466e+01
1.675316355936229229e+01
1.661379572914706415e+01
1.648781894271572313e+01
1.635481256577703846e+01
1.622007308465738973e+01
1.607707343312601367e+01
1.593162487198909183e+01
1.578908095943431000e+01
1.565520010764400105e+01
1.550926875757674317e+01
1.536442496855225848e+01
1.521744817640218450e+01
1.506869666816459841e+01
1.492269797540373233e+01
1.478549829497933388e+01
1.463965044253402326e+01
1.448395445591045672e+01
1.434428306648300833e+01
1.419652999502917190e+01
1.405400530166096118e+01
1.390377910517984006e+01
1.375690991348690417e+01
1.360684023900992301e+01
1.346905856351885511e+01
1.333950060171385665e+01
1.319485352209044748e+01
1.305200045431653599e+01
1.289018462536235710e+01
1.275614159885379983e+01
1.261823758710589694e+01
1.248593872019814199e+01
1.235454297479656027e+01
1.222220934679110904e+01
1.209868394955992699e+01
1.196959688100549890e+01
1.184496042732563303e+01
1.173150375092195219e+01
1.161233200753728489e+01
1.149037761323981854e+01
1.136867397175067040e+01
1.124316060625844571e+01
1.112063030029336552e+01
1.101298549802353044e+01
1.089825280341837122e+01
1.078760548639628603e+01
1.067439832590106441e+01
1.056544184208744142e+01
1.046797677398555848e+01
1.037354760368665119e+01
1.027727818126893666e+01
1.018566883893476671e+01
1.009502612592445558e+01
9.991981970663699641e+00
9.904803014153408469e+00
9.816830378543171420e+00
9.736472483931315480e+00
9.642906597194572882e+00
9.567520484742191300e+00
9.496457726591163606e+00
9.437487639072868362e+00
9.376928699099355669e+00
9.307031312957406044e+00
9.254838696163561806e+00
9.189774272652963205e+00
9.136854306380781665e+00
9.078313104808330536e+00
9.038573300879862771e+00
8.984323518557680188e+00
8.954361738430129947e+00
8.922923431731760502e+00
8.892755908167195855e+00
8.888275471515953541e+00
8.876028898275560408e+00
8.863124522794452176e+00
8.856845523334211379e+00
8.865801412819159566e+00
8.894250056706368923e+00
8.923414168155026971e+00
8.973480095155537128e+00
9.034362146320441767e+00
9.093721102923154831e+00
9.178539179368979006e+00
9.301880834313729807e+00
9.445902681909501553e+00
9.638959690824979276e+00
9.862769807999333338e+00
1.014950354873306182e+01
1.048162323712474731e+01
1.086634780839085579e+01
1.124976957485907647e+01
1.161226908407277492e+01
1.190802866303258511e+01
1.206528137437999249e+01
1.195819712575111105e+01
1.157874225038621141e+01
1.091177685362183425e+01
9.940776650379929080e+00
8.723193281951049372e+00
7.351371306512090698e+00
5.948800001241680846e+00
4.619591581686917081e+00
3.400604979730107669e+00
2.402664078684109583e+00
1.619855199694737014e+00
1.029883177433576824e+00
6.175240413382804272e-01
3.607512812600409124e-01
2.033599470316298785e-01
1.076408434013498838e-01
5.376079898211767044e-02
2.486650034047564739e-02
1.160149687169679047e-02
5.756315723816633929e-03
2.834098564941644853e-03
9.296234403556579437e-04
3.528789738742307619e-04
3.472947265027695094e-04
1.768979772756029689e-04
1.722234647742257188e-04
1.892341520248254924e-04
1.280416900574109413e-04
1.308526405466118594e-04
1.388878432273385130e-04
1.489078264191094582e-04
2.162763798667274027e-04
2.086570375851828549e-04
8.667449731521902545e-05
1.428879715137377192e-04
8.759786456350819584e-05
8.287428709441435615e-05
5.302785200821268541e-05
2.159812442944078004e-04
7.668887840611018718e-05
5.785638612722089169e-05
6.233251095645443263e-05
1.025829432658395025e-04
9.416489673632868129e-05
4.141372967957821877e-05
5.182708488489352438e-05
4.974787707722836002e-05
