1.960266097265524081e+02
1.987511203943624594e+02
1.990526802491479543e+02
1.991682590516709581e+02
1.991500052000229175e+02
1.989969051236965640e+02
1.987089193049833113e+02
1.983003086869815661e+02
1.976967142920464937e+02
1.969798328310461386e+02
1.960737932945470448e+02
1.950337832552113753e+02
1.937991200941146701e+02
1.924570962695597416e+02
1.908932816721342363e+02
1.891613811097778921e+02
1.872975511693875603e+02
1.852974947006068760e+02
1.830907409250159787e+02
1.807461210117744770e+02
1.783107692360657381e+02
1.757607438741485169e+02
1.730570256235760098e+02
1.703273226507613174e+02
1.674877316491816259e+02
1.645872671418955520e+02
1.615998913892048279e+02
1.585781174232028263e+02
1.555650677552342529e+02
1.525429351297865992e+02
1.494788530333132712e+02
1.464405149999856803e+02
1.433897044396676677e+02
1.403772422213667994e+02
1.373787714501443418e+02
1.344320215831953931e+02
1.315005265428408734e+02
1.286441687611396674e+02
1.258312903844123696e+02
1.230441496649864774e+02
1.203582782211712328e+02
1.177038358253501542e+02
1.151131056462937750e+02
1.125739086264618436e+02
1.101180457814483873e+02
1.077040355921391779e+02
1.053615703699024806e+02
1.030743909031470054e+02
1.008686212715802810e+02
9.871118011648640334e+01
9.661879104835853127e+01
9.459250078406884654e+01
9.262627362677486076e+01
9.072592518964670205e+01
8.887233232980324260e+01
8.709796242196240712e+01
8.537256534911225003e+01
8.370248209110964410e+01
8.208900330281677782e+01
8.054329313481248676e+01
7.907940161704604520e+01
7.764350462834626398e+01
7.624948263232829504e+01
7.493696438406148275e+01
7.368332006937143319e+01
7.245677753233141516e+01
7.130755518488932410e+01
7.022424712276135494e+01
6.918025331811448098e+01
6.820988140016368106e+01
6.728260402092413983e+01
6.640747180258995286e+01
6.559048152692574263e+01
6.481433403114343150e+01
6.409615419565245986e+01
6.343559614395195467e+01
6.282966713645281231e+01
6.226233232956887065e+01
6.173018702016818082e+01
6.125021693699530090e+01
6.081741618733758514e+01
6.043686682511282271e+01
6.006594412117458148e+01
5.974224376309461348e+01
5.945982904451106776e+01
5.919729670800447963e+01
5.898792706218694804e+01
5.879206174804753005e+01
5.863538889362075679e+01
5.849470950134724490e+01
5.839244463992390877e+01
5.829179257173481687e+01
5.821869011997077337e+01
5.816715272430517558e+01
5.811503263949634857e+01
5.809742342463552234e+01
5.807718736426647865e+01
5.807238301526532354e+01
5.806905784498635370e+01
5.809496649513955191e+01
5.811906068329457042e+01
5.814045589052300045e+01
5.818646291292753148e+01
5.820869502788346495e+01
5.824568984607795841e+01
5.828790447107425621e+01
5.832892575311461769e+01
5.836405382994524160e+01
5.841199114136728809e+01
5.846483634070556690e+01
5.850336239829324114e+01
5.852730877821817046e+01
5.857759857083512856e+01
5.861596862534433683e+01
5.862947668300397908e+01
5.865682416035089375e+01
5.869017019451443673e+01
5.870477461733344171e+01
5.872414012892630808e+01
5.874459685805479836e+01
5.875456553009632898e+01
5.875583608316478745e+01
5.876162219802800735e+01
5.876240078290852153e+01
5.875117723889806598e+01
5.875654010512749181e+01
5.875140054999145178e+01
5.873270040262331548e+01
5.873403590174880406e+01
5.871525884818928631e+01
5.869794039561338650e+01
5.866775940769382913e+01
5.863716528977153786e+01
5.863336601015146243e+01
5.858754405459246328e+01
5.857445839178070912e+01
5.852576553813307214e+01
5.847378849845581072e+01
5.845124142378521981e+01
5.841252602535140426e+01
5.839554328414890705e+01
5.835909366103435048e+01
5.832284368380565098e+01
5.830231201249605277e+01
5.827464846075800153e+01
5.823261704596917809e+01
5.822551557785935472e+01
5.819477962288501516e+01
5.817110087297719900e+01
5.813886298702946220e+01
5.811555427911716976e+01
5.810275622295394982e+01
5.807369417575495163e+01
5.806077790916729953e+01
5.805024939839491083e+01
5.804315242443792755e+01
5.804346151515028396e+01
5.803548739649180987e+01
5.805410253863534109e+01
5.808434669772144332e+01
5.810148090951960143e+01
5.814206024833360686e+01
5.817683170519847380e+01
5.823805837537194918e+01
5.828745122101056353e+01
5.836629831860253859e+01
5.844407616829690255e+01
5.854164828424605815e+01
5.863564960806188253e+01
5.877123399056711861e+01
5.891346377099677767e+01
5.908343333529920471e+01
5.926012794283488461e+01
5.943858273798315395e+01
5.965355718055601386e+01
5.989050814370205700e+01
6.014522212427662140e+01
6.042649072352303818e+01
6.073650741129475961e+01
6.108631177342947183e+01
6.146940907693122824e+01
6.190491876292579576e+01
6.236540346680936864e+01
6.289368084628135591e+01
6.347587788109559881e+01
6.411922451806105983e+01
6.482500896122024869e+01
6.564789923644696046e+01
6.655323723880690068e+01
6.759395544450094917e+01
6.872515860832763224e+01
7.005199238946518392e+01
7.159467732063346546e+01
7.337053396728302346e+01
7.548737794989331462e+01
7.801784088750206081e+01
8.097776599304656031e+01
8.438441489240591409e+01
8.815026706248652033e+01
9.212387714073693701e+01
9.586457109768288376e+01
9.888338358635111547e+01
1.006118493089639117e+02
1.004135783296239453e+02
9.771948101975678469e+01
9.229144852890969730e+01
8.432159439728481232e+01
7.418987098328494767e+01
6.274274256920780601e+01
5.084394230131174908e+01
3.944283035877417376e+01
2.918274459333041904e+01
2.062345391622486446e+01
1.388303450887229040e+01
8.899774474577487382e+00
5.441673004928924584e+00
3.169696591785310602e+00
1.752371428430008704e+00
9.220715351238177870e-01
4.622425540265379107e-01
2.232712675918077094e-01
1.028810459992010318e-01
4.634774655998273596e-02
2.063425489473165800e-02
1.005864418554378546e-02
5.282873847897080234e-03
3.440262318050492114e-03
2.723878815672909313e-03
2.584372859987667161e-03
2.255969096643666624e-03
2.440696134158276947e-03
2.361117540972470629e-03
2.035005272049506941e-03
2.014454149206721788e-03
2.175780649944564736e-03
2.131875887484310957e-03
1.983967589394665994e-03
1.983597627630804671e-03
1.843381282494846148e-03
1.819476891142520879e-03
1.639952762855324776e-03
1.713197472264522481e-03
1.709177606422208331e-03
1.768206154940592072e-03
1.812069716962006177e-03
1.484012292816588299e-03
1.308164262226916728e-03
1.389483862603952194e-03
1.614791393193837051e-03
1.203249491989943345e-03
