1.961074524871663129e+02
1.989115310977917659e+02
1.992585770627446777e+02
1.994015864016566866e+02
1.993938793263390608e+02
1.992539116107500377e+02
1.989746326151629319e+02
1.985780217441293303e+02
1.979852759246161611e+02
1.972766739944140397e+02
1.963823684016445270e+02
1.953504234862932947e+02
1.941187317575366080e+02
1.927826390380750183e+02
1.912231247990885379e+02
1.895027512175633433e+02
1.876379447393054818e+02
1.856469897922659413e+02
1.834454926796856569e+02
1.811030286296617362e+02
1.786715717584840206e+02
1.761310998963225813e+02
1.734249389550751914e+02
1.707053076640351037e+02
1.678632796264477918e+02
1.649737949824443035e+02
1.619953898618061032e+02
1.589829431527191161e+02
1.559699654866584524e+02
1.529609398391324646e+02
1.499070723300618226e+02
1.468745090783195053e+02
1.438453183963175377e+02
1.408452684655275959e+02
1.378696880143850194e+02
1.349462079487468600e+02
1.320425838964060574e+02
1.292280058786992072e+02
1.264500927131183232e+02
1.237157279986292764e+02
1.210893734798619903e+02
1.185053073502712522e+02
1.160025156177868126e+02
1.135652698539248746e+02
1.112325703851306713e+02
1.089648844024504228e+02
1.067960065099863556e+02
1.047087187286126380e+02
1.027290780655389284e+02
1.008369071181015642e+02
9.904669785101111756e+01
9.735263371235484442e+01
9.575888180372841418e+01
9.426102177377141800e+01
9.285276766012115957e+01
9.156029123926623470e+01
9.036180007190361607e+01
8.924279057649607694e+01
8.822474915481274138e+01
8.730451746890648224e+01
8.649080129119680294e+01
8.573791456282957313e+01
8.504340302691628040e+01
8.444665915051206184e+01
8.392055110302392507e+01
8.341428184072748309e+01
8.300631796345544444e+01
8.266098613499916326e+01
8.235748565760900419e+01
8.209808583511849633e+01
8.188075822544382731e+01
8.170018251609987203e+01
8.156133251620926217e+01
8.143369026907996044e+01
8.133501155204666588e+01
8.126723344736534216e+01
8.120394551442714715e+01
8.115094331104548075e+01
8.110941000672200119e+01
8.106682889877421871e+01
8.103837284290973741e+01
8.103340325288031920e+01
8.098976697867217922e+01
8.095737602465956684e+01
8.093239061552594649e+01
8.088726322078838393e+01
8.086088988685844470e+01
8.080723385512308710e+01
8.076579121449510978e+01
8.070567449527355564e+01
8.064602264753840188e+01
8.055833908357926987e+01
8.047312934355875313e+01
8.037684659775965201e+01
8.025733933741173587e+01
8.015416405558687529e+01
8.001452414457499174e+01
7.986271320199668367e+01
7.970725167283028156e+01
7.953953767697748845e+01
7.938830786951399432e+01
7.919663151766057752e+01
7.902164808221483838e+01
7.881111045018641903e+01
7.861001664431117320e+01
7.839675699020806121e+01
7.817018489158286343e+01
7.792599195949094337e+01
7.770719700505182459e+01
7.746148767921714295e+01
7.720591493883114254e+01
7.694141997389853316e+01
7.667082973808871316e+01
7.639535190005450715e+01
7.611876582916990230e+01
7.582170772767690892e+01
7.556357774323696219e+01
7.526183466585050041e+01
7.498068511196302666e+01
7.469013460827412132e+01
7.440592423137375988e+01
7.410403739909548904e+01
7.381376536604918215e+01
7.350980909801519658e+01
7.320525372512008744e+01
7.292374534535757391e+01
7.262526215861196022e+01
7.233614888655336017e+01
7.204780070928948987e+01
7.176050745369457218e+01
7.149010842006858013e+01
7.119209938173277408e+01
7.090499630383601470e+01
7.064243483925163503e+01
7.034704891224929213e+01
7.007516334126282231e+01
6.980424665175247867e+01
6.952137047062814190e+01
6.926905054121093031e+01
6.899827184919148237e+01
6.874576486658514796e+01
6.849858541241849252e+01
6.824198704447502450e+01
6.801908416167978544e+01
6.778784000448315794e+01
6.755242989790602337e+01
6.733561154349236233e+01
6.711407991643706339e+01
6.691467282802594241e+01
6.669194965985850843e+01
6.650020645922519691e+01
6.630813032330591739e+01
6.612000294540206369e+01
6.594613267292790226e+01
6.578080633192695359e+01
6.562118075969668496e+01
6.544112253562462911e+01
6.530984477897045792e+01
6.518134270298484978e+01
6.506332435720567275e+01
6.493779813060820061e+01
6.485969574517990566e+01
6.478017056221405312e+01
6.470391855384011137e+01
6.464214263611508215e+01
6.459459023643634623e+01
6.456493471577050514e+01
6.456049839322118089e+01
6.455370687356530368e+01
6.459272828202080063e+01
6.462770324934233201e+01
6.469391695845112622e+01
6.478179865706756857e+01
6.488898797005529673e+01
6.500172029334183321e+01
6.515807709256267799e+01
6.534177399195731084e+01
6.554139713944601908e+01
6.578159788306545863e+01
6.605610821434157742e+01
6.637335631700311467e+01
6.674897880444942189e+01
6.716553759417098490e+01
6.764058638831485837e+01
6.815089448389028348e+01
6.877174044536052122e+01
6.944801303279862736e+01
7.021724797074489288e+01
7.110531518379967508e+01
7.211335135073311164e+01
7.323968330052544218e+01
7.456416963299477629e+01
7.609739038296588376e+01
7.791600936315272463e+01
8.007855625399376720e+01
8.265341530713847362e+01
8.570510867363611851e+01
8.922283159923094331e+01
9.313545320702752406e+01
9.720627178100110655e+01
1.010606584339113425e+02
1.041667679391549513e+02
1.059122264221733047e+02
1.055889583351786172e+02
1.026871285760125829e+02
9.694125344514984022e+01
8.850578946277843784e+01
7.788995065611645430e+01
6.586602251112898898e+01
5.336786314553527433e+01
4.135335364681627368e+01
3.059528329485941001e+01
2.159873972501629424e+01
1.453083864144761961e+01
9.328595732034601795e+00
5.704671817874258366e+00
3.319033341960758055e+00
1.842112884027421460e+00
9.682690834271304725e-01
4.851670978125668388e-01
2.349153221636238464e-01
1.097228521346278879e-01
4.895583282429313843e-02
2.171537247484692582e-02
1.027833399041269691e-02
5.313674529063162205e-03
3.691829016007500651e-03
2.730599017465285515e-03
2.697970971072118172e-03
2.586094312418873477e-03
2.199428752791913674e-03
2.161623780586854806e-03
2.299153190615722386e-03
1.970760947057853367e-03
2.051463160505303390e-03
1.948429642406459628e-03
2.095385423492389550e-03
2.044971143463599535e-03
1.786819686860361594e-03
1.850970529499449237e-03
1.681785782469030852e-03
1.773818901427164606e-03
1.490685202155637556e-03
1.454424408557092189e-03
1.705997786949211203e-03
1.557648496332517205e-03
1.364924563035242776e-03
1.331099169078509307e-03
1.512874248536202459e-03
1.382804040658214273e-03
