1.962314204222206513e+02
1.991366556692032930e+02
1.995176741765369570e+02
1.996786528005575860e+02
1.996818713795485110e+02
1.995549315947113769e+02
1.992871694617724359e+02
1.988990426039696615e+02
1.983105358079432960e+02
1.976135269956240279e+02
1.967227660945483763e+02
1.956964620514840476e+02
1.944760955703078480e+02
1.931493664443346177e+02
1.915951846396306735e+02
1.898776420102944940e+02
1.880314946670286531e+02
1.860434614954316146e+02
1.838524481342819570e+02
1.815306013357150050e+02
1.791070214811948631e+02
1.765859607035125407e+02
1.739159099248794007e+02
1.712253950735199908e+02
1.684223823858751246e+02
1.655793154036363433e+02
1.626559450863340999e+02
1.597147610178153343e+02
1.567922493278000502e+02
1.538829980855052497e+02
1.509582646570307247e+02
1.480851915844359326e+02
1.452303278481294910e+02
1.424544229597404126e+02
1.397376974269402297e+02
1.371132977422862211e+02
1.345627170952832614e+02
1.321356798384294677e+02
1.298093592881013763e+02
1.275843756584690425e+02
1.255250732744666351e+02
1.235578802473949338e+02
1.217324141264805633e+02
1.200343729510380371e+02
1.184864970086165812e+02
1.170520846576941949e+02
1.157511497174181301e+02
1.145757783529827947e+02
1.135354192028133440e+02
1.126013019386748368e+02
1.117690163796693952e+02
1.110581490870275445e+02
1.104343654753103863e+02
1.099001453676121827e+02
1.094168218615871098e+02
1.090232252711238914e+02
1.087030715142882968e+02
1.084238487093448811e+02
1.081934292917786848e+02
1.080102093828013921e+02
1.078724323126647846e+02
1.077371099263897918e+02
1.076053317441975565e+02
1.075107347918341247e+02
1.074185632490151221e+02
1.072926484504261140e+02
1.071923482643539955e+02
1.071130362586685436e+02
1.069986635581396826e+02
1.068835102984192389e+02
1.067523549058903427e+02
1.066008961875245689e+02
1.064402122743262140e+02
1.062353308121322328e+02
1.060274559858615362e+02
1.058164000235356212e+02
1.055698054692833665e+02
1.052981489069773460e+02
1.050066259251176604e+02
1.046888993718351770e+02
1.043478594988942092e+02
1.040123853111218750e+02
1.036410327670176486e+02
1.032411769497061016e+02
1.028390617860405456e+02
1.024115942838017190e+02
1.019916545169424325e+02
1.015286427218702414e+02
1.010571608929719645e+02
1.005696977796893066e+02
1.000771750210672195e+02
9.956316111421683956e+01
9.905248969963398054e+01
9.853160470690458794e+01
9.798075449024773320e+01
9.745375890049068346e+01
9.690626939357345293e+01
9.633306512137399125e+01
9.577145811035695999e+01
9.520741682267544093e+01
9.462571307018409072e+01
9.405267075350272421e+01
9.346589833509095513e+01
9.289216266467832384e+01
9.230301647448631286e+01
9.173065693444377189e+01
9.114792509958296307e+01
9.054828434303979634e+01
8.998112487658454484e+01
8.940983675946409903e+01
8.882549019375348109e+01
8.824582938977232516e+01
8.767528729243042562e+01
8.711961536544883700e+01
8.654328122670997914e+01
8.596850542906874182e+01
8.542182631719010999e+01
8.485255623004417203e+01
8.430500827631929894e+01
8.374553624702764409e+01
8.321776771330654299e+01
8.266341417808958170e+01
8.213692977335389855e+01
8.160915332276090339e+01
8.108879399743644001e+01
8.059182639479816146e+01
8.008519390245831460e+01
7.958939172741945356e+01
7.911776538068262710e+01
7.863780803968600708e+01
7.818020486198777519e+01
7.770549974032124396e+01
7.724128990177554499e+01
7.681432893882150381e+01
7.635751406637589866e+01
7.592748347641426676e+01
7.549015207808614036e+01
7.508164406471446739e+01
7.466874604230947909e+01
7.426360641197258872e+01
7.388652647070513524e+01
7.349892202007933406e+01
7.312813117074772151e+01
7.275516850516754630e+01
7.240322870956936185e+01
7.204974671997076996e+01
7.172853266774039582e+01
7.140525030970407272e+01
7.109580176794132456e+01
7.077633349644541738e+01
7.048913302681167181e+01
7.020774212254298163e+01
6.992468640289837367e+01
6.967798953630907022e+01
6.941482248823669465e+01
6.916974010904847603e+01
6.892494554584321520e+01
6.869214845374268918e+01
6.847287265707385018e+01
6.828230608187699602e+01
6.808632102432932243e+01
6.793358538333158947e+01
6.778575719195409022e+01
6.765497883527206113e+01
6.753312645742346376e+01
6.743149260899515696e+01
6.734108858114659313e+01
6.728708887061789312e+01
6.722531935716477847e+01
6.718551027440091161e+01
6.718066258506084409e+01
6.718855594198386427e+01
6.722557471362878800e+01
6.727262057086466029e+01
6.735847470892512945e+01
6.746261803198211737e+01
6.759178180168397887e+01
6.775626318190961683e+01
6.796697812680359618e+01
6.821730117433342855e+01
6.851335081308810970e+01
6.885296807915283068e+01
6.925756211346563873e+01
6.970517178734867514e+01
7.021227224987093507e+01
7.080959064148723314e+01
7.146118290242861804e+01
7.221195866506128880e+01
7.308415872760147636e+01
7.406332486806813620e+01
7.517626456170340532e+01
7.649403643305339529e+01
7.805318629929297458e+01
7.985495099275257758e+01
8.201962113839687163e+01
8.463983137883522545e+01
8.770260768329542600e+01
9.126256046167380021e+01
9.518076794667469187e+01
9.929373997261633633e+01
1.031870277078138400e+02
1.063357195468826717e+02
1.081082554781083189e+02
1.077812050469172078e+02
1.048315981255394718e+02
9.901598460433595505e+01
9.038396015787279225e+01
7.950942914417554164e+01
6.724556970420555047e+01
5.445810398402672803e+01
4.221594171669377715e+01
3.120787829173773176e+01
2.202877819005837878e+01
1.486249681931346345e+01
9.540677161316169830e+00
5.819737683274457396e+00
3.386735411802932916e+00
1.871317710756478458e+00
9.920389923542967114e-01
4.964381685984159409e-01
2.392009910863634181e-01
1.116012630476700823e-01
5.016024114471018952e-02
2.229215756460114009e-02
1.052884418629358720e-02
5.305896283930737478e-03
3.358123264941360268e-03
2.638826437706596161e-03
2.728463495406605478e-03
2.270828479605324548e-03
2.311969743187424885e-03
2.181336979701062329e-03
2.164254865062513813e-03
2.066626433839460677e-03
2.188704949657346768e-03
1.928672294524119918e-03
2.156106160089610053e-03
2.022872342199312501e-03
1.850703858841520021e-03
2.128432724727645931e-03
1.709519993955668912e-03
1.887788555175553586e-03
1.507288500392846373e-03
1.663743371978910861e-03
1.673555204156534741e-03
1.422151257756337512e-03
1.591540195152935057e-03
1.565138718988096046e-03
1.587663401699617805e-03
1.320432339182437201e-03
