1.961380426662873333e+02
1.989728467448714468e+02
1.993326860564775984e+02
1.994786556406812679e+02
1.994765036310083417e+02
1.993397222215372722e+02
1.990654664484025034e+02
1.986715465403219980e+02
1.980787386061848565e+02
1.973747665473544259e+02
1.964833497770950146e+02
1.954495121768273691e+02
1.942244257505861071e+02
1.928863130088737705e+02
1.913320505314734987e+02
1.896117967574083139e+02
1.877512644392301979e+02
1.857575076211465444e+02
1.835620748369966861e+02
1.812243834050014755e+02
1.787915074127771788e+02
1.762466140420789600e+02
1.735526475907089718e+02
1.708337456618457963e+02
1.679980810141953498e+02
1.651108796620941916e+02
1.621360666481906776e+02
1.591352619719276902e+02
1.561285594627079547e+02
1.531300576802661340e+02
1.500855677038560714e+02
1.470757586033662392e+02
1.440581702481371167e+02
1.410849884291429532e+02
1.381437108460982301e+02
1.352511784355276063e+02
1.323916283486709062e+02
1.296288954447462061e+02
1.269201166075618374e+02
1.242627476734408702e+02
1.217271810915290757e+02
1.192509865090843846e+02
1.168611642962668782e+02
1.145648251004634801e+02
1.123938902293439668e+02
1.103047641914390198e+02
1.083305365926550081e+02
1.064550114306832853e+02
1.047106232104771379e+02
1.030580555650524701e+02
1.015230236964923591e+02
1.001000317289521604e+02
9.879346746455445327e+01
9.760136674135523549e+01
9.648271542357873898e+01
9.550451043764877568e+01
9.461721394126517737e+01
9.381056795003141247e+01
9.309421743782708347e+01
9.246816930119605615e+01
9.193764262500616269e+01
9.144764486827332917e+01
9.101982189859099037e+01
9.066576120329450816e+01
9.036821039795975707e+01
9.008830652893054491e+01
8.987428648927024710e+01
8.971278122802215194e+01
8.955946569285156045e+01
8.944736977222039798e+01
8.936849634366238604e+01
8.928411374397659017e+01
8.922165150814821288e+01
8.915736860813586873e+01
8.910076291945651406e+01
8.906327716006549622e+01
8.901422416533402782e+01
8.896392421914632109e+01
8.890546047128671603e+01
8.884450607361262087e+01
8.877801414233005062e+01
8.872588437076326784e+01
8.863052770397615632e+01
8.853540916417387052e+01
8.843248549614435206e+01
8.831382288797038882e+01
8.817997752639480780e+01
8.803327338302209171e+01
8.786806916402208856e+01
8.769247501644876763e+01
8.752349211153432407e+01
8.732013214486454444e+01
8.711534507224084223e+01
8.690547413610619287e+01
8.666128460790116605e+01
8.644391866413172920e+01
8.616860200713119866e+01
8.589344409397531876e+01
8.562432315097761659e+01
8.532312743466818006e+01
8.501780314667247751e+01
8.471118562662046259e+01
8.440566168616895482e+01
8.406406558519547900e+01
8.373154447359313224e+01
8.339695680582795489e+01
8.304962194133167941e+01
8.269571835320601849e+01
8.235151781290882411e+01
8.198032643269174002e+01
8.161070762182234262e+01
8.124261536223794167e+01
8.087627979176347992e+01
8.049232076205323949e+01
8.010450292349709400e+01
7.971082085129815198e+01
7.934062289191537332e+01
7.894512696323101864e+01
7.857795527162764415e+01
7.817733701909922672e+01
7.780463210581626754e+01
7.741467554336401236e+01
7.704465642046952212e+01
7.665450871271912092e+01
7.627855179687550446e+01
7.591916011891845528e+01
7.554916772431394634e+01
7.516709176094626343e+01
7.481401441045724710e+01
7.444822381280256707e+01
7.410029004603183012e+01
7.375049107480313637e+01
7.338410880150695448e+01
7.305229110859976061e+01
7.271015636417824624e+01
7.237034658067999260e+01
7.204087106633106430e+01
7.169781075880912624e+01
7.138478921137060240e+01
7.108469473854644605e+01
7.077827910165092362e+01
7.048393657859406858e+01
7.018912472505721212e+01
6.991045668763011633e+01
6.963563131801336681e+01
6.934191714070016133e+01
6.907689271262835007e+01
6.881414996843022891e+01
6.856713166818492766e+01
6.831744700478226662e+01
6.809077841555723865e+01
6.785969690296607837e+01
6.763755000415721952e+01
6.742622014111381645e+01
6.722223667457285501e+01
6.703116063372900157e+01
6.683825891681671294e+01
6.667660320557975240e+01
6.651347089147768088e+01
6.636552063198196549e+01
6.619951593218129915e+01
6.609815521127357840e+01
6.598574087110768005e+01
6.590903839624576221e+01
6.581299938035586194e+01
6.575718795305894560e+01
6.570036346094208568e+01
6.566730663686942648e+01
6.563310733992742030e+01
6.565291348223981061e+01
6.566659586679415384e+01
6.570971853446995681e+01
6.577946590934783444e+01
6.584437871094078787e+01
6.594716317567048236e+01
6.607806782800200551e+01
6.623900708303479234e+01
6.642625587494022454e+01
6.663985375257713883e+01
6.691125480786875812e+01
6.721811340527771961e+01
6.759458462427166126e+01
6.799593552804691399e+01
6.845969200138478072e+01
6.899570031407402837e+01
6.959837849566127943e+01
7.025988567159869547e+01
7.103122691347864759e+01
7.188832230936280610e+01
7.288028933360168082e+01
7.401028614799176353e+01
7.534530391786817916e+01
7.688501197209630789e+01
7.868855942696634997e+01
8.085309485537158025e+01
8.344570412013077032e+01
8.649747270545094580e+01
9.001926251245701849e+01
9.393876627609357399e+01
9.801200175681920257e+01
1.019138330519539863e+02
1.050420760401552371e+02
1.067818990003734143e+02
1.064686580357129344e+02
1.035420527869627563e+02
9.776966254364127451e+01
8.925760377201844165e+01
7.856051750015028290e+01
6.640311300695644547e+01
5.377190537632415612e+01
4.166969243886504870e+01
3.081962434728450617e+01
2.177086407195355022e+01
1.467650267872800818e+01
9.431361340327285347e+00
5.763350489987916880e+00
3.353833968781154251e+00
1.862121477824172144e+00
9.829663209276802149e-01
4.942288866750130238e-01
2.360466542130884304e-01
1.102564303432139181e-01
4.881145318073572270e-02
2.056991898351736778e-02
9.400667645806992656e-03
5.000032514868798378e-03
3.652565590361294984e-03
3.053586898943247592e-03
2.642268546753365373e-03
2.582604119518856246e-03
2.373441279464181836e-03
2.279671059789001482e-03
2.150567900070581365e-03
2.173872083003291610e-03
2.168155446602237565e-03
1.893212610386374060e-03
2.067844406297846167e-03
1.981000598458505530e-03
1.763247681043585580e-03
1.787476755240898114e-03
1.721048441241679891e-03
1.798377921913135551e-03
1.668253648023023446e-03
1.547882079729707852e-03
1.617946853109402663e-03
1.376868152755159275e-03
1.404921765020993984e-03
1.348125846608908994e-03
1.567639318280451485e-03
1.361263574248872989e-03
