1.960030236463478559e+02
1.987021009638334874e+02
1.989832548560846419e+02
1.990871494812985532e+02
1.990631730421077066e+02
1.989032942378501048e+02
1.986131447419002427e+02
1.982001008245114235e+02
1.975931385368460269e+02
1.968743939972088697e+02
1.959653266545068959e+02
1.949235270889943479e+02
1.936820403223079836e+02
1.923357543115438943e+02
1.907720562269373090e+02
1.890419827100979546e+02
1.871727523168376308e+02
1.851648503389866676e+02
1.829622143834387202e+02
1.806160428690456854e+02
1.781735746393159729e+02
1.756235503702265248e+02
1.729221260694111777e+02
1.701892077453792638e+02
1.673410202883553382e+02
1.644479479799123567e+02
1.614584675451080216e+02
1.584348701106676458e+02
1.554161539145558493e+02
1.523943093553770325e+02
1.493313858335633597e+02
1.462887313757132119e+02
1.432390452855085528e+02
1.402219468980983663e+02
1.372254029920309790e+02
1.342726995589568162e+02
1.313412388363956325e+02
1.284864112461006300e+02
1.256630352876312884e+02
1.228782273022448237e+02
1.201876859278568617e+02
1.175304911783998847e+02
1.149342746990790971e+02
1.123889533404042851e+02
1.099297334788422091e+02
1.075101603302746724e+02
1.051612109310538159e+02
1.028685291360828984e+02
1.006547505706416388e+02
9.848967454670618338e+01
9.638621824135330485e+01
9.434695973255126944e+01
9.236208716314652634e+01
9.045086102891829682e+01
8.857141480944198975e+01
8.677013975086236997e+01
8.501853394174594314e+01
8.330710264062001613e+01
8.166066710152543351e+01
8.006690133420724464e+01
7.854334877817133531e+01
7.704636198091446886e+01
7.558127192969371322e+01
7.418426592101785388e+01
7.284032570598714074e+01
7.150757328588031214e+01
7.024691675921097556e+01
6.903870353381553571e+01
6.785559062274167275e+01
6.673749440167760838e+01
6.565408024193904168e+01
6.460564220790162437e+01
6.360735147641050702e+01
6.264020525774937198e+01
6.171653223306352487e+01
6.085066974557678776e+01
6.002473563724362293e+01
5.923252739289137025e+01
5.847822491834424596e+01
5.776204605492566202e+01
5.709487600544336061e+01
5.647031820002126778e+01
5.586981478851431149e+01
5.530901716328223472e+01
5.479364095034286919e+01
5.430710820991438226e+01
5.386899406624846876e+01
5.345476397556406312e+01
5.308418238271404022e+01
5.273122376946745504e+01
5.242463799049615858e+01
5.213996246093177689e+01
5.188226304246862242e+01
5.165335641661006605e+01
5.143898634301969963e+01
5.127166077449022197e+01
5.110996955147497545e+01
5.097891393590327880e+01
5.085590910173237233e+01
5.075390175962718331e+01
5.068003631898678663e+01
5.061040850546974923e+01
5.057900179163726762e+01
5.053888103415012267e+01
5.052389721138124656e+01
5.052659868835220180e+01
5.053176276405397260e+01
5.054156511314159417e+01
5.057169641754754252e+01
5.060453900271792804e+01
5.063571394980398566e+01
5.067303023279523444e+01
5.072475580840438170e+01
5.076828286819863933e+01
5.082491425797524442e+01
5.087760295038167868e+01
5.094148368547167394e+01
5.099719472798799558e+01
5.106503737988552416e+01
5.112615303602411387e+01
5.121358767147726354e+01
5.127598023090662593e+01
5.135040370974583368e+01
5.141789112312149257e+01
5.148292007969169504e+01
5.155976022176046314e+01
5.163446574665043443e+01
5.169865743517861745e+01
5.177095877878178953e+01
5.184287481483467275e+01
5.191779573537564119e+01
5.197034864251448738e+01
5.203023096088568877e+01
5.209985815748188998e+01
5.215384484480311045e+01
5.222107722845209565e+01
5.228024613543053079e+01
5.233517677762802123e+01
5.240077929020816327e+01
5.245303557811242001e+01
5.251449240307612598e+01
5.257334698900225334e+01
5.262291966899098128e+01
5.267000346912794129e+01
5.273970987717076753e+01
5.278021230061050062e+01
5.283992120171732410e+01
5.288503869008825120e+01
5.295248540701623341e+01
5.300527438953874793e+01
5.306436848040032572e+01
5.313729258209668416e+01
5.321281945736826202e+01
5.326864862156696034e+01
5.332676932691176575e+01
5.339383403148087126e+01
5.347149105794377277e+01
5.355070636786825844e+01
5.363146077800914213e+01
5.373480863883485625e+01
5.381912642656277512e+01
5.393335136455282708e+01
5.403822737151007516e+01
5.415470666728242577e+01
5.427025030017327367e+01
5.441787777113685109e+01
5.455916667784412510e+01
5.471440903643892995e+01
5.488458209424498335e+01
5.506081563166285520e+01
5.525000491469489106e+01
5.544968175016919076e+01
5.567970319401675994e+01
5.592522033869084908e+01
5.616227642522902386e+01
5.645831718850107706e+01
5.676335297516216372e+01
5.707683946977985556e+01
5.743843188906987507e+01
5.782355264766502501e+01
5.823732437329815781e+01
5.870722713030527729e+01
5.920337443031821323e+01
5.975564525811132199e+01
6.035915110770352499e+01
6.101790302295379576e+01
6.174997601366811040e+01
6.259086272249091110e+01
6.350596680281773132e+01
6.454164431810350777e+01
6.568461329747002253e+01
6.702389875321372870e+01
6.854521516160667716e+01
7.030902510516729365e+01
7.239726865080363893e+01
7.488211280543507087e+01
7.777516816017163137e+01
8.110384763071826342e+01
8.479820589909920159e+01
8.866370998568571338e+01
9.233120298501376055e+01
9.528039314507989843e+01
9.697007941224234173e+01
9.677970455564377517e+01
9.419184633218991110e+01
8.904979342137995957e+01
8.138133626978616064e+01
7.162570069791280503e+01
6.062635394977876757e+01
4.911688789826059320e+01
3.807149459063046493e+01
2.815721422784916328e+01
1.990597873512996330e+01
1.340594947116283109e+01
8.595717732723038296e+00
5.251573808162426360e+00
3.059024153630019782e+00
1.694739142139412902e+00
8.970640834981116196e-01
4.502897243445036501e-01
2.163639338117435695e-01
9.964395274967458027e-02
4.519938634899545865e-02
2.023670368625081484e-02
9.774791448961307055e-03
5.028471179478622571e-03
3.535988038325616444e-03
2.819479398816995223e-03
2.460678348443953375e-03
2.219218670731045590e-03
2.340793925297569335e-03
2.001887410801654350e-03
2.143225133166284328e-03
2.049767874889231456e-03
2.114797464269872404e-03
2.021027896755043379e-03
2.042077547121428239e-03
1.940157001023229324e-03
1.839179634185618114e-03
1.972371907621996330e-03
1.652411372473284318e-03
1.738939080545102815e-03
1.654578965284329980e-03
1.635321337582045995e-03
1.739619949074805482e-03
1.691140474655221859e-03
1.508342325682192559e-03
1.467614683223302050e-03
1.587365361626123447e-03
1.397630601358599385e-03
