2.812984335163532523e-01
5.284978617260078781e-01
7.267135396751029930e-01
8.776172487835446345e-01
9.950655465031766900e-01
1.094952449164074304e+00
1.178548013391277571e+00
1.252514086534366688e+00
1.316213132622283677e+00
1.371709920944550465e+00
1.430962728574977083e+00
1.477559349482965967e+00
1.522420093222157655e+00
1.564223950016860654e+00
1.601568460231692415e+00
1.639339059344863792e+00
1.674978218983877998e+00
1.712136997742195188e+00
1.747267517085313138e+00
1.776796850642949455e+00
1.813719938029931589e+00
1.839885191384126095e+00
1.879915112685905054e+00
1.913202443826605759e+00
1.947753333377053586e+00
1.985742023282544677e+00
2.029021440241490115e+00
2.072782449602275090e+00
2.117941795661739679e+00
2.175761743838835915e+00
2.238178163303022217e+00
2.315826232026166220e+00
2.395777004331661963e+00
2.493868541215098933e+00
2.616794401201594233e+00
2.745970811132338429e+00
2.904819510981573760e+00
3.095814604922332514e+00
3.313485364882289286e+00
3.564635784309881927e+00
3.856219658170100484e+00
4.188947613399645498e+00
4.567682547870714593e+00
5.004199949954776017e+00
5.494497268759594100e+00
6.038060455439391738e+00
6.638060876676778577e+00
7.291263742150973393e+00
8.012577841943402390e+00
8.790010628527692660e+00
9.625336387380887260e+00
1.051088362520057728e+01
1.145742012565971457e+01
1.245133332251089442e+01
1.348604316508661149e+01
1.457797675947896821e+01
1.568335797143779864e+01
1.683059274563235164e+01
1.800741527734508551e+01
1.920165272427913905e+01
2.041290773331454034e+01
2.162192474541845044e+01
2.285320215325905835e+01
2.408065279830421801e+01
2.530783559246944847e+01
2.651759545587576739e+01
2.771385776413798752e+01
2.889849043504558423e+01
3.006074807813892846e+01
3.119377821941259299e+01
3.230388307737034381e+01
3.337855396502031624e+01
3.443031512650563997e+01
3.544492375481735280e+01
3.642251895863726219e+01
3.735652075807806227e+01
3.826364728538146665e+01
3.911658083064276070e+01
3.995292863917120485e+01
4.076185597300855790e+01
4.150817979945303193e+01
4.222574972095723211e+01
4.290526639013260279e+01
4.354187423265778989e+01
4.415287206511826668e+01
4.471533116645949946e+01
4.525284367934899876e+01
4.575154923556480213e+01
4.622735909332367754e+01
4.665706645143028197e+01
4.707261733689687588e+01
4.744643079130256069e+01
4.780190152666193626e+01
4.811970091934693983e+01
4.843110448865454032e+01
4.872004251834422917e+01
4.896003022397167115e+01
4.919194905501931459e+01
4.940377902320010861e+01
4.959489500509248217e+01
4.976185771731100971e+01
4.993014688260988976e+01
5.007102425143815339e+01
5.020090109799254208e+01
5.032206440540717551e+01
5.042830902800669435e+01
5.051877847211262207e+01
5.060372440609377520e+01
5.068580995005303436e+01
5.073483623768873940e+01
5.080402924297501244e+01
5.084835855266117477e+01
5.088130929786744616e+01
5.092057990233242037e+01
5.094942163477392683e+01
5.097931369605222329e+01
5.099336264904524540e+01
5.101594164368314210e+01
5.105132516570419909e+01
5.105589256468963555e+01
5.106769983330587337e+01
5.106866438696797417e+01
5.107429107560178494e+01
5.106259814145311537e+01
5.106630738020421489e+01
5.107299198841012355e+01
5.106822073158302544e+01
5.105515828319266092e+01
5.106336747236487383e+01
5.106199145367200742e+01
5.106828582859679244e+01
5.105588441610831296e+01
5.104558708069836115e+01
5.106122637004874321e+01
5.104915505467738512e+01
5.104190607300865423e+01
5.105140695560152153e+01
5.107496323362143897e+01
5.108045950213408304e+01
5.110587348350721015e+01
5.109973426773565564e+01
5.111247099545425954e+01
5.112836254613131359e+01
5.113869993861469965e+01
5.115412873062299326e+01
5.117440506769283814e+01
5.119121678233896944e+01
5.122812023417714755e+01
5.125378230779054434e+01
5.128265753342967059e+01
5.131685129042260485e+01
5.134902110560197031e+01
5.139954609504160743e+01
5.143506716767565479e+01
5.148723754850608003e+01
5.154268459179857587e+01
5.161736853159518290e+01
5.169665405773869793e+01
5.177657879601122914e+01
5.185504727243900902e+01
5.194361290086849436e+01
5.202557253688479477e+01
5.211993199938935106e+01
5.223530684606294727e+01
5.235376200538463110e+01
5.246913553345299874e+01
5.261834498439490915e+01
5.275357766753481314e+01
5.293432042945822502e+01
5.310743253054966573e+01
5.330035587186330304e+01
5.350743868026130912e+01
5.372507648598957530e+01
5.396947801511425524e+01
5.420767902045149356e+01
5.448774879156414386e+01
5.478846565071603436e+01
5.513402253639216610e+01
5.549010771280452303e+01
5.588861889415480277e+01
5.631610763417221222e+01
5.677230719422176719e+01
5.727752333762995818e+01
5.780621240241205783e+01
5.840761705344241506e+01
5.908023934162100232e+01
5.979967830381156801e+01
6.061322947233318814e+01
6.151375646828297761e+01
6.251697104603858435e+01
6.365318308366113342e+01
6.496132197478152648e+01
6.644720075952972138e+01
6.821593816353721706e+01
7.028015622468736012e+01
7.271152749829654738e+01
7.555110323700743891e+01
7.881223063295269071e+01
8.242998943119928867e+01
8.619760161794560815e+01
8.974564243720789136e+01
9.267202324382469669e+01
9.433382871673818215e+01
9.416573017480055796e+01
9.168528929728931587e+01
8.670214308664033354e+01
7.922509584033809915e+01
6.974430190406820884e+01
5.898520960378810685e+01
4.778852945553985876e+01
3.703161413917192846e+01
2.743468792883971474e+01
1.939801845735867758e+01
1.307017329729753286e+01
8.391506582864302288e+00
5.125814189237433816e+00
2.982639957037215073e+00
1.660121904271741666e+00
8.770694747538352321e-01
4.432456587523826985e-01
2.107347366894035123e-01
9.726459220610542133e-02
4.453013359701456925e-02
1.969123347842910085e-02
8.782606224350520893e-03
5.024070531223711993e-03
3.435504030561370523e-03
3.001978059738130006e-03
2.579120631081168076e-03
2.493741230241452046e-03
2.436825207223210048e-03
2.339663757337088947e-03
2.230192757995278722e-03
2.341684190111594562e-03
2.146975186846805141e-03
1.889036566681799546e-03
1.953218702478758811e-03
1.919450570972860851e-03
1.840099397791910944e-03
1.688281235800050519e-03
1.747660009575188137e-03
1.882456483488555198e-03
1.698563846043794423e-03
1.563376669724429345e-03
1.591958081512062596e-03
1.670709241637926721e-03
1.492276100598576407e-03
1.446146364658231712e-03
1.493905749517555025e-03
1.334033152587818126e-03
