2.040924879388287927e+00
2.694927724096350730e+00
2.977672346400562109e+00
3.180161677079969440e+00
3.354006081511693882e+00
3.505023207661151829e+00
3.649034650679851666e+00
3.781830647560325609e+00
3.914457114753657319e+00
4.047577933512327419e+00
4.205419252272397657e+00
4.356672981732296002e+00
4.544381500500075610e+00
4.746582904753722687e+00
4.981995880307476199e+00
5.239052883898248858e+00
5.543262993239655323e+00
5.890131616859872743e+00
6.278159890424496403e+00
6.726276300382975748e+00
7.236445476055781256e+00
7.820325026532959356e+00
8.480941207108916302e+00
9.225071314269877476e+00
1.006054313425962654e+01
1.098694866833165662e+01
1.202678231501141504e+01
1.316938956746810163e+01
1.442421062456420167e+01
1.578598604520928284e+01
1.726399651398462964e+01
1.884912285955797984e+01
2.053535272550084301e+01
2.236023069436178901e+01
2.425145030632511478e+01
2.623635744510538359e+01
2.829873150037130358e+01
3.041620127179658795e+01
3.259776489420557510e+01
3.481009622445683505e+01
3.707003423289156530e+01
3.932488325956096276e+01
4.159513326657228305e+01
4.383138319476219635e+01
4.606208860576547437e+01
4.826227516482280322e+01
5.042686572987337712e+01
5.250659646815843473e+01
5.454592930942135354e+01
5.649139466415303446e+01
5.835838537233857437e+01
6.015636517595252997e+01
6.186278242263907146e+01
6.348217774473525310e+01
6.500584941996049793e+01
6.644011686039500830e+01
6.777510919586184457e+01
6.902332878423764839e+01
7.017533883494735392e+01
7.123807227364342509e+01
7.218640244759561142e+01
7.308066151037816383e+01
7.387421898001936427e+01
7.461471098453944251e+01
7.525074824626570091e+01
7.583893632425308340e+01
7.633970607440886624e+01
7.678563018275823993e+01
7.720044631769651744e+01
7.753144039560713452e+01
7.781779399262839547e+01
7.802972903836361240e+01
7.821745989257337328e+01
7.835515737887789101e+01
7.846679501527115974e+01
7.853316941750307478e+01
7.858438794320410636e+01
7.859628760831829197e+01
7.859313272929071559e+01
7.857213214078316810e+01
7.851701000747065962e+01
7.846008231284051249e+01
7.837032392399819969e+01
7.824509929602456282e+01
7.812647342740137901e+01
7.799409216610081330e+01
7.784685287685108790e+01
7.768953273341398358e+01
7.753451606362045823e+01
7.734745152298449966e+01
7.717604594869358436e+01
7.697153361268334493e+01
7.679126558428050942e+01
7.659334561894141302e+01
7.638702369148421667e+01
7.618111915738923301e+01
7.599307361444033404e+01
7.577182768270348845e+01
7.554179551514560842e+01
7.535170005334448717e+01
7.511779973197437243e+01
7.491023943779541128e+01
7.467828935318497940e+01
7.442502965914758306e+01
7.422846091181406791e+01
7.397212770243859836e+01
7.373315465722228623e+01
7.348589049147808794e+01
7.324979477304250963e+01
7.300861049342421438e+01
7.275425796221477981e+01
7.252238890201670074e+01
7.228149360897084819e+01
7.203817515694622386e+01
7.178770085252872946e+01
7.154136859703748996e+01
7.128847549530804883e+01
7.103880607211333142e+01
7.080462780977666171e+01
7.055697840598023163e+01
7.031704671698356890e+01
7.006676968830623764e+01
6.980304000390012220e+01
6.956047915016736738e+01
6.930699158118014225e+01
6.907714727637697649e+01
6.882332642826611391e+01
6.858205176546792359e+01
6.836662319455469117e+01
6.811566474133412896e+01
6.787026833840263862e+01
6.764485830852608217e+01
6.740886797959518617e+01
6.719273234046750076e+01
6.696844282477660215e+01
6.674356672717274819e+01
6.652781333734547786e+01
6.630413731336625460e+01
6.609586569554201674e+01
6.588949228575658879e+01
6.568478204909644091e+01
6.548742100379314479e+01
6.530835387559726257e+01
6.510277751193218876e+01
6.492493693017085832e+01
6.474945410203099527e+01
6.457536070275082807e+01
6.441536266817988121e+01
6.423919951867446798e+01
6.409026981249878929e+01
6.392763106791424832e+01
6.376856406551484469e+01
6.363777688103395747e+01
6.350299414573962764e+01
6.338337603853485547e+01
6.327019770803132559e+01
6.315736581610518385e+01
6.305366797297769921e+01
6.295497839060968914e+01
6.287481047289928426e+01
6.280636277866759798e+01
6.275067585913711810e+01
6.270692567984355037e+01
6.266742259497733869e+01
6.261452349870077683e+01
6.263102898376268257e+01
6.262834811394782975e+01
6.265644954914803577e+01
6.267812176582563666e+01
6.273671763983892902e+01
6.279105569545478716e+01
6.288371336232870590e+01
6.299224230063845908e+01
6.312987166799223360e+01
6.327786017493648529e+01
6.346227999214646331e+01
6.365256621278949467e+01
6.388731683929361793e+01
6.416034794940522090e+01
6.446547446574999185e+01
6.479912725262262541e+01
6.519047437684561430e+01
6.560443391418422721e+01
6.609151566870876593e+01
6.662256574779902962e+01
6.723594859123964795e+01
6.792727754235252746e+01
6.871910504586421098e+01
6.959097846877361349e+01
7.058278320791563942e+01
7.171896219147284057e+01
7.303714956010475134e+01
7.456126691962708719e+01
7.637813489989771654e+01
7.853374060959505698e+01
8.110928728602333138e+01
8.412477020273236406e+01
8.761377500270606333e+01
9.145544604451117721e+01
9.549751325629988230e+01
9.932687648549659798e+01
1.024290297940035117e+02
1.041729738258884055e+02
1.038765355301636504e+02
1.010432221568002831e+02
9.540972219356690687e+01
8.714019234773685696e+01
7.670403470436558280e+01
6.481214001402487668e+01
5.249943887651934915e+01
4.068424772034004633e+01
3.012302538435137222e+01
2.128068109778787331e+01
1.430650277128600223e+01
9.188608102461127913e+00
5.617508336514562828e+00
3.263524460950583794e+00
1.815758320994529162e+00
9.604184526051259274e-01
4.802569704282239615e-01
2.341461902582188115e-01
1.072893926178115215e-01
4.850675388311933428e-02
2.146528435926830028e-02
9.918873697288837707e-03
5.537040501072465655e-03
3.579147224154164385e-03
2.919939675813268496e-03
2.540865375965947835e-03
2.395321050562932048e-03
2.374806506124454118e-03
2.403704630910936772e-03
2.241280488306569667e-03
2.223218569700348857e-03
2.085848017996121476e-03
2.200254001643675225e-03
2.183419987802952961e-03
1.956650537207849268e-03
2.047603923106911059e-03
1.651238505077858411e-03
1.476598733348728938e-03
1.774578323465014502e-03
1.678099981698887716e-03
1.579910242437409032e-03
1.629300068602615318e-03
1.594708956505726423e-03
1.417696442258416061e-03
1.616334070706497818e-03
1.434786474839113302e-03
1.206523554794025101e-03
