3.097454131935815980e+01
3.166830418290185634e+01
3.175339369673915257e+01
3.180427904537786077e+01
3.184302280590928191e+01
3.187004864453225039e+01
3.187834226688172734e+01
3.189446843595361258e+01
3.189181845371258106e+01
3.188968352253932537e+01
3.188550503080531584e+01
3.186886221962070209e+01
3.185298027447213798e+01
3.182145416433952079e+01
3.179306600886869916e+01
3.175771444949975120e+01
3.170843290754716648e+01
3.166301976761216608e+01
3.160464338986712107e+01
3.154178387082436430e+01
3.148005740096895266e+01
3.140466193308196097e+01
3.132578105891173337e+01
3.124261299581884543e+01
3.115102544893996850e+01
3.105348842853541669e+01
3.095252043727660407e+01
3.084626932832220803e+01
3.072678774963917192e+01
3.061034442343615325e+01
3.047835049699257226e+01
3.034207045277833359e+01
3.021117421677612214e+01
3.006103703326982668e+01
2.991291166564824167e+01
2.975871210445154702e+01
2.959480650388505651e+01
2.942090209368095444e+01
2.925292582395805141e+01
2.907461961838338027e+01
2.888966129261170579e+01
2.870067812002181995e+01
2.851005899841205604e+01
2.830608221052421314e+01
2.811163489035937957e+01
2.790224547482438666e+01
2.769697554362128500e+01
2.748511211993798398e+01
2.727121948265948248e+01
2.705498183406577795e+01
2.683127894627232735e+01
2.660915198478461718e+01
2.637551039629513738e+01
2.614739511142036577e+01
2.591673275673559829e+01
2.568501602901731928e+01
2.545352521331367157e+01
2.521407550831974476e+01
2.497888735360623613e+01
2.475065081577077564e+01
2.451128678767478775e+01
2.426752506652908536e+01
2.403249022935421664e+01
2.379824762437425179e+01
2.355513792070790657e+01
2.332414110732660006e+01
2.308782182104727099e+01
2.284885802812469890e+01
2.261548252089050592e+01
2.238122574564224365e+01
2.214307518753123460e+01
2.191559598201047265e+01
2.168405269315847050e+01
2.145304288495799838e+01
2.122601721790698903e+01
2.100423237786249331e+01
2.077899089157394030e+01
2.055990709775739944e+01
2.034006898581966283e+01
2.012560656030531447e+01
1.991278541653304757e+01
1.969807542815956225e+01
1.949020245156576792e+01
1.928131126248420557e+01
1.907480418696252755e+01
1.887046472669690544e+01
1.867174522322948249e+01
1.848210413422985354e+01
1.828682192237702253e+01
1.809155563629861163e+01
1.790795753912974320e+01
1.772289617577044751e+01
1.754428189756061229e+01
1.736667199407931861e+01
1.718796860716796360e+01
1.701636091085793723e+01
1.684680474030564667e+01
1.668489901874455228e+01
1.652082568282177633e+01
1.636107943999941128e+01
1.621064574409822256e+01
1.605770224976049931e+01
1.590947565440836975e+01
1.576655568662084228e+01
1.562527023802177162e+01
1.548741343623823141e+01
1.535661872880469581e+01
1.522665794556930408e+01
1.510102476214308709e+01
1.498229384874083436e+01
1.485946380210395290e+01
1.474588355225526470e+01
1.463528446188705523e+01
1.453211444987353218e+01
1.442352801802090845e+01
1.432498448980173755e+01
1.422908624729536164e+01
1.413904071376687099e+01
1.404892447032094971e+01
1.396391150002227377e+01
1.388170556502706532e+01
1.380572888016359201e+01
1.372701436050877888e+01
1.365760953671282607e+01
1.358320674344462731e+01
1.351893396516988233e+01
1.345734257637071885e+01
1.339854358699475867e+01
1.334306367554568418e+01
1.329188807202186418e+01
1.324067916224997887e+01
1.319084206961841943e+01
1.314876392785656911e+01
1.310560962173274824e+01
1.306474881228061946e+01
1.303114796850349144e+01
1.299517143993677415e+01
1.296423155142805506e+01
1.293632951859021141e+01
1.290700239449613917e+01
1.287564458480732199e+01
1.285257651228440601e+01
1.282969263670325688e+01
1.280611848339098735e+01
1.278909461453103269e+01
1.277166926151450355e+01
1.275605390908788905e+01
1.274398876094013033e+01
1.272772887813032483e+01
1.271843350787614746e+01
1.270763336913864094e+01
1.269996775040776171e+01
1.269336123218646151e+01
1.268393205741262442e+01
1.267773000407372130e+01
1.267258937555355836e+01
1.267056281885325753e+01
1.266754466429691206e+01
1.266199393297562992e+01
1.265799382013465291e+01
1.265391328072528943e+01
1.265565663748799707e+01
1.265115921555081968e+01
1.264891927179928288e+01
1.265277653222861609e+01
1.264923615495132481e+01
1.265232456032041597e+01
1.265381822922031141e+01
1.265585655049035196e+01
1.265571443084593994e+01
1.265598523337858161e+01
1.265795156208224803e+01
1.266134318122397673e+01
1.266409752121173327e+01
1.266503703898973221e+01
1.266424831454477662e+01
1.266342405744056876e+01
1.266442602160882558e+01
1.266550360568285427e+01
1.266585421672812828e+01
1.266560451627788808e+01
1.266788711310320892e+01
1.266706707837086121e+01
1.266758375253588120e+01
1.266817824543682747e+01
1.266801771763604911e+01
1.267049973681112895e+01
1.267274018050955853e+01
1.266910901382473931e+01
1.266730933092901168e+01
1.266904283186319446e+01
1.266710217883749046e+01
1.266546979926207861e+01
1.266016394554764446e+01
1.265621670231993967e+01
1.265325136812063711e+01
1.264968186674748907e+01
1.265069854409977168e+01
1.264504526367612236e+01
1.264743210191667089e+01
1.264048383478554882e+01
1.263748547340592765e+01
1.263149209607407286e+01
1.262874818429414425e+01
1.262350016957222110e+01
1.261732607015549590e+01
1.261472607715135830e+01
1.260818897078492284e+01
1.260220521434196073e+01
1.259440479403203028e+01
1.258406572985552430e+01
1.257686642019413981e+01
1.256881901266938506e+01
1.256391698807507140e+01
1.255685881181622143e+01
1.255132419837769042e+01
1.254319582191125093e+01
1.253243688621609486e+01
1.252732929498181669e+01
1.251974548037989976e+01
1.251148421878955475e+01
1.250200819355732484e+01
1.249281589469493348e+01
1.248869222572606752e+01
1.247824077293923750e+01
1.247110390927601564e+01
1.246679879636277555e+01
1.245692855884958128e+01
1.244675956803573413e+01
1.243980617580394998e+01
1.243254543179788030e+01
1.242592049438423807e+01
1.241951869186370239e+01
1.240702479723685059e+01
1.240100988264630288e+01
1.239398164366206245e+01
1.238668970846225292e+01
1.237822496664219685e+01
1.237122013454941438e+01
1.236644183872424740e+01
1.236075294717235273e+01
1.235121501222236873e+01
1.234623313438045145e+01
1.234174087137285269e+01
1.233738221036283278e+01
1.232995857347963309e+01
1.232663053457523894e+01
1.232371023891005990e+01
1.232333785234642676e+01
1.232187668607763342e+01
1.231237197111951254e+01
1.231218247280848743e+01
1.231010183020522852e+01
1.230574197933038683e+01
1.230768336931866003e+01
1.230794956266320916e+01
1.230720752663092199e+01
1.230344658819204007e+01
1.230901283208925356e+01
1.231039769797970074e+01
1.231249638049314399e+01
1.231795016712174551e+01
1.232235008712248359e+01
1.232683585958873174e+01
1.233680634886384553e+01
1.234196098853454160e+01
1.234804661544947280e+01
1.235887398673819959e+01
1.236771873572667069e+01
1.237781489947344760e+01
1.239085335755233608e+01
1.240584986202093631e+01
1.241819393282070116e+01
1.243385277017279478e+01
1.244805031582918531e+01
1.246809714914721567e+01
1.248990496598393030e+01
1.251101235353039165e+01
1.253439369231313094e+01
1.255875938510454759e+01
1.258529508575337807e+01
1.261689410776081566e+01
1.264751335985526914e+01
1.268585516167894589e+01
1.271620966140000775e+01
1.275467949315602567e+01
1.279513473768382781e+01
1.284021491853986596e+01
1.288578656019599045e+01
1.294038825146536276e+01
1.299350386007695235e+01
1.304981597936767734e+01
1.311127299557549364e+01
1.317581902803568461e+01
1.324797737345123494e+01
1.332154141455490937e+01
1.340659774145312078e+01
1.349746212986681648e+01
1.358588917135216256e+01
1.368739561012028538e+01
1.379887395258569605e+01
1.391630927417040908e+01
1.404303030560924448e+01
1.418166847338476266e+01
1.433057661798341975e+01
1.449826414307111655e+01
1.468148591539963732e+01
1.488279463308086648e+01
1.510420457750227108e+01
1.534830998444352090e+01
1.561437005300498626e+01
1.591872295196877474e+01
1.626233195278171806e+01
1.663854502727291163e+01
1.705093059080673612e+01
1.750126639087412883e+01
1.798154445780023991e+01
1.848842696095347193e+01
1.900193161709767864e+01
1.951275476565703215e+01
1.998682035577824934e+01
2.039553243714665953e+01
2.071933403371007998e+01
2.090497625355587630e+01
2.091986335393511709e+01
2.075859265105943408e+01
2.037538968516811266e+01
1.975248173790367545e+01
1.889685076703648647e+01
1.783445707272566949e+01
1.657667814203838219e+01
1.517145849278411518e+01
1.365477406719833553e+01
1.207855269085995964e+01
1.049588561721792779e+01
8.956156497629400803e+00
7.496752583788632407e+00
6.160905236417808517e+00
4.969559396645282234e+00
3.927897711073976339e+00
3.045110230715987409e+00
2.313245902257018649e+00
1.723258184458540843e+00
1.260622786998577549e+00
8.988467998127355196e-01
6.324436507985536915e-01
4.341712443272908728e-01
2.920672622047590927e-01
1.926743181995630161e-01
1.254272371483074189e-01
