3.095888324118052637e+01
3.164038542036285762e+01
3.170906093024021644e+01
3.174715178813414695e+01
3.177592006845471673e+01
3.179510819838029789e+01
3.179666380325339858e+01
3.180801953605430299e+01
3.180101508543565103e+01
3.179790636643792823e+01
3.179047717334267276e+01
3.177195134140808008e+01
3.175471209116597748e+01
3.172135180199730442e+01
3.169102433275968522e+01
3.165483713553208389e+01
3.160465402400827983e+01
3.155796817483080474e+01
3.149746455191930039e+01
3.143485689577650888e+01
3.136973354246072887e+01
3.129395561106385060e+01
3.121268019825858886e+01
3.112699731049413998e+01
3.103569580096727520e+01
3.093762716062395768e+01
3.083413866678251836e+01
3.072619246319621666e+01
3.060661736899022856e+01
3.048928006692837300e+01
3.035582186175659558e+01
3.021788646676533574e+01
3.008451942407640445e+01
2.993463561509948789e+01
2.978530701531593650e+01
2.963060376005372731e+01
2.946601300491788678e+01
2.929075509654427023e+01
2.912178120681482341e+01
2.894082751522446273e+01
2.875660438659254581e+01
2.856656757503628441e+01
2.837418578021665994e+01
2.817006881760208259e+01
2.797610925219574440e+01
2.776355436040318736e+01
2.755799176262583572e+01
2.734670881694662725e+01
2.713142261685616319e+01
2.691436875437370801e+01
2.669012299877555350e+01
2.646618839214039909e+01
2.623403786554446171e+01
2.600480207912008268e+01
2.577430696895091700e+01
2.554101670967766324e+01
2.530758039932874581e+01
2.506859851746879642e+01
2.483024306285894056e+01
2.460315683399900877e+01
2.436458947253708374e+01
2.411985408911212758e+01
2.388302251783227703e+01
2.364761960795745566e+01
2.340301341755087350e+01
2.317194055477380843e+01
2.293312551433316315e+01
2.269538072891814195e+01
2.245889417680803390e+01
2.222527865401701419e+01
2.198570618800333776e+01
2.175578046103643715e+01
2.152421317849032079e+01
2.129190151382367802e+01
2.106244244289900536e+01
2.083923512602079242e+01
2.061169308196440042e+01
2.039069589076943601e+01
2.016792258715869579e+01
1.995030176462343974e+01
1.973564584321044890e+01
1.951833981729202350e+01
1.930598796514668791e+01
1.909473871867607997e+01
1.888344720455787851e+01
1.867460502396228250e+01
1.847186369327990008e+01
1.827576438626874022e+01
1.807395628039004265e+01
1.787318077065981825e+01
1.768340326603452795e+01
1.749089995234594497e+01
1.730321187003391614e+01
1.711547493004535525e+01
1.692742052550913456e+01
1.674537204358316345e+01
1.656394378915591048e+01
1.638917753886402906e+01
1.621318290390515315e+01
1.603795593206042014e+01
1.587086003818609470e+01
1.570188644127354394e+01
1.553468426715475914e+01
1.537330660314867359e+01
1.521151244546878800e+01
1.505216748445799624e+01
1.489846535410698358e+01
1.474468761157159413e+01
1.459175561125269027e+01
1.444549016000803299e+01
1.429384311757259596e+01
1.414910410231319027e+01
1.400651619388115598e+01
1.386749813812436294e+01
1.372757411159818730e+01
1.359240402349337984e+01
1.345798766143506064e+01
1.332632045642281149e+01
1.319545078009087824e+01
1.306892181389554253e+01
1.294156154650451285e+01
1.281989896122968453e+01
1.269526136969879815e+01
1.257708488736075658e+01
1.245454650036539057e+01
1.233766086912187276e+01
1.222352062722693766e+01
1.211190224311516950e+01
1.200042684163006612e+01
1.189473759215778692e+01
1.178520480959342365e+01
1.167854445302491051e+01
1.157624877795439389e+01
1.147426715913664097e+01
1.137316064062589227e+01
1.128006626933312617e+01
1.118116327178987568e+01
1.108690246930773604e+01
1.099484273550794278e+01
1.090314391638353619e+01
1.081297997646535691e+01
1.072467798987033660e+01
1.063985082553315564e+01
1.055280277146190748e+01
1.047125433460730726e+01
1.039151180921944295e+01
1.031348527625801914e+01
1.023733911950029629e+01
1.015885289135765923e+01
1.008608287415772686e+01
1.001190542571580266e+01
9.943318977108186019e+00
9.875162281369069817e+00
9.805184196524098894e+00
9.736467909237742191e+00
9.675700782358163110e+00
9.615266500188972998e+00
9.554688643838805007e+00
9.495935674148100247e+00
9.436641611192776224e+00
9.378932860025280149e+00
9.328093346500466509e+00
9.274215900550895952e+00
9.221522960170970507e+00
9.177026328755735207e+00
9.127602951391656561e+00
9.081636089043591653e+00
9.036757472361955479e+00
8.997496410204014694e+00
8.955721271093416647e+00
8.914764090250265838e+00
8.876915271405652064e+00
8.842788754721190969e+00
8.810853532420750867e+00
8.777622845999793810e+00
8.743981282010251377e+00
8.713358399699792756e+00
8.685724198622040149e+00
8.656206485716573695e+00
8.629262080659067635e+00
8.604225777300158029e+00
8.580885653365106336e+00
8.556769923403130917e+00
8.535219432974743725e+00
8.516028213965315175e+00
8.499052332817193189e+00
8.484009568628962938e+00
8.466385450296870729e+00
8.451637419472499246e+00
8.435440643710881758e+00
8.423856932882547000e+00
8.414145514299761430e+00
8.404676254873212571e+00
8.392396932364132311e+00
8.383286380893620660e+00
8.375337928999984527e+00
8.369586618541251966e+00
8.364299141346299038e+00
8.358606581167526528e+00
8.355960456775996192e+00
8.350744348582482601e+00
8.349541931162153929e+00
8.347784459094000908e+00
8.348299711305420701e+00
8.347917073884016048e+00
8.350644526739184670e+00
8.352020614021119727e+00
8.353420262717431655e+00
8.355185923425587191e+00
8.357693668528529685e+00
8.360629914841753774e+00
8.366738378613492344e+00
8.371877779443261502e+00
8.377790673456628312e+00
8.385358878031555108e+00
8.395245397912143304e+00
8.400764392857160701e+00
8.406065377874700317e+00
8.415969378172286852e+00
8.426513968973095459e+00
8.435356191170216178e+00
8.444634575723101833e+00
8.457243835232990392e+00
8.467575549375892408e+00
8.476867473184295676e+00
8.491171855445600158e+00
8.504384675040947528e+00
8.515383462622395427e+00
8.524915631179551312e+00
8.539508512129664553e+00
8.553528267396703910e+00
8.569815096075677374e+00
8.584947365559690624e+00
8.598320070258306913e+00
8.612232035032228339e+00
8.629069085114359439e+00
8.643686462709689877e+00
8.659729807420324832e+00
8.671338165975958745e+00
8.690297841184335681e+00
8.707511243669676659e+00
8.725358424865627072e+00
8.743302034837560299e+00
8.764435520646609135e+00
8.781510516006241218e+00
8.799619911791333848e+00
8.820027613371799191e+00
8.841180980253994903e+00
8.860159806083595768e+00
8.884271254196173473e+00
8.901654874280685803e+00
8.923034543076941105e+00
8.944219308769843835e+00
8.967151731564692696e+00
8.990267062451739122e+00
9.015068464561192485e+00
9.035438779781491903e+00
9.058674827832771115e+00
9.088274563339949097e+00
9.110676610998810432e+00
9.136882639857532240e+00
9.165167422397503927e+00
9.190060456395519495e+00
9.218371828110319299e+00
9.248647024148128892e+00
9.275624970638473243e+00
9.303359321471805998e+00
9.336242175190285764e+00
9.365961957376754299e+00
9.395482481223439208e+00
9.430296323257721269e+00
9.465492714421895215e+00
9.499380152837115787e+00
9.535395042531050080e+00
9.569933486844277581e+00
9.607650614937586653e+00
9.647133539334433294e+00
9.686134831457669847e+00
9.726777697943417067e+00
9.768433726483344515e+00
9.811141312849340324e+00
9.859332392201071826e+00
9.908344656279416185e+00
9.956728737229772364e+00
1.000814677104968986e+01
1.006084851330228069e+01
1.011369565497522416e+01
1.017297612054440137e+01
1.023148254262418888e+01
1.029535522912904888e+01
1.036047336456507217e+01
1.042758799776582990e+01
1.050025427131808620e+01
1.057555151918520409e+01
1.065799334400180776e+01
1.074041475296429837e+01
1.083140463368406969e+01
1.092539930539079762e+01
1.102142771054338866e+01
1.112945087329164018e+01
1.123985870341458160e+01
1.136162805635588846e+01
1.148735862097627702e+01
1.162474587761688838e+01
1.177142782553297806e+01
1.193124608494129468e+01
1.210588639074666339e+01
1.229635073453574456e+01
1.250854187829897413e+01
1.273893491259329380e+01
1.298967855923569559e+01
1.326818004913530835e+01
1.358355856666098660e+01
1.392273082863260925e+01
1.429608580117234951e+01
1.470126971154420481e+01
1.513766492094173621e+01
1.559071668183849368e+01
1.604757911887969968e+01
1.649964286893502674e+01
1.692869908529178957e+01
1.729915454600384805e+01
1.759774502670016005e+01
1.778199540512562038e+01
1.781063348229540466e+01
1.768710702421204672e+01
1.736108332180406677e+01
1.684299351086419705e+01
1.612680929189612300e+01
1.522568876891606138e+01
1.417330952840419123e+01
1.297277415881214324e+01
1.167881921531546752e+01
1.032775033924089314e+01
8.977085973930938323e+00
7.664372668440326386e+00
6.419546505271398473e+00
5.277127801029239507e+00
4.259998698792319516e+00
3.370271454818940970e+00
2.610906457640050249e+00
1.983580120484337295e+00
1.481256011039241649e+00
1.081176625264391955e+00
7.728106175636118014e-01
5.457803793479650833e-01
3.756086879515971311e-01
2.526959816755948163e-01
1.680272376436126591e-01
1.090304319509495939e-01
