4.587045838174132195e-02
7.477750544464711879e-02
1.081826821464080407e-01
1.397132374673634436e-01
1.696779463296244628e-01
1.945997558333879274e-01
2.190166078669527339e-01
2.392768647066794430e-01
2.587782658095752475e-01
2.738399749122372717e-01
2.889955953763589380e-01
3.030483139924748937e-01
3.160344915414114997e-01
3.276224160391444373e-01
3.396584587869558303e-01
3.509637315804739477e-01
3.591425087618048129e-01
3.685420639519108033e-01
3.784375889558079242e-01
3.858842022607419930e-01
3.950780864587348784e-01
4.019189932998183390e-01
4.081937184553021125e-01
4.146842953661500908e-01
4.223368499137254983e-01
4.287007936905699035e-01
4.340664004430861422e-01
4.403351520840744771e-01
4.466646200062029948e-01
4.503904491313505121e-01
4.575540215190561644e-01
4.625312368195476087e-01
4.671841000499659668e-01
4.726865675095049957e-01
4.767538961691230592e-01
4.810317510084295978e-01
4.845618450184908665e-01
4.890508100234953748e-01
4.937356846182729408e-01
4.983197653468196542e-01
5.029222822738290688e-01
5.053154752395346838e-01
5.100897441139242705e-01
5.144440940165846410e-01
5.173266130941405194e-01
5.209097892185381440e-01
5.256780607838015262e-01
5.297158656901224116e-01
5.328178281817699258e-01
5.377142856343334332e-01
5.405836168064197533e-01
5.442638303132670829e-01
5.486488263585589387e-01
5.504450716947922873e-01
5.545807531561112169e-01
5.599586508324303491e-01
5.643339706289148827e-01
5.669358127530141900e-01
5.722175777583261569e-01
5.763047835450444412e-01
5.807652819713363668e-01
5.849152273370450406e-01
5.915709441027793281e-01
5.943350068695802957e-01
6.007456828670575399e-01
6.053864816622965828e-01
6.117181517323379003e-01
6.185744549468471520e-01
6.239155948896411008e-01
6.304384921169737810e-01
6.376734818653302383e-01
6.458523872046569858e-01
6.549438311482789210e-01
6.639404737022887026e-01
6.738296256351630209e-01
6.858049258277598703e-01
6.964096139060088619e-01
7.082302036400459633e-01
7.241378377285143664e-01
7.361443239566745067e-01
7.517243509329967210e-01
7.686406190889155665e-01
7.868000547969881131e-01
8.058002382318129042e-01
8.256494887203299493e-01
8.487540048334223375e-01
8.732321077888167693e-01
8.974642115586661806e-01
9.236859123457648035e-01
9.528015947431869304e-01
9.833112662330997233e-01
1.016048867866867766e+00
1.051274672538260679e+00
1.087635442154522458e+00
1.123522762791257401e+00
1.164786590496059704e+00
1.207779588315962771e+00
1.253979116238322478e+00
1.299185366711862910e+00
1.347321847062004307e+00
1.398324468951331445e+00
1.452877396264492971e+00
1.508944904398220599e+00
1.563849246273389948e+00
1.623421396666787642e+00
1.683737833012852958e+00
1.749720310489063069e+00
1.814114978416753177e+00
1.881288040982645127e+00
1.951727723580812368e+00
2.022247047490006278e+00
2.093754320195558183e+00
2.169422102369385819e+00
2.246650936855078218e+00
2.325189020199752488e+00
2.403311919068439551e+00
2.484177827197468602e+00
2.569555309500800799e+00
2.650574244829078552e+00
2.735594018916421177e+00
2.822811407561168551e+00
2.906933528935589539e+00
2.995279049975834607e+00
3.082703161803731273e+00
3.174559922499080145e+00
3.262799797078031361e+00
3.353699921461511746e+00
3.445648325820126701e+00
3.537999886075267497e+00
3.627556495062525865e+00
3.717268941479237920e+00
3.809925643288662567e+00
3.898848210907520428e+00
3.992231309299566711e+00
4.084543223947353141e+00
4.175991847195092532e+00
4.266203842482766184e+00
4.357063277349360497e+00
4.444156629714663076e+00
4.535095966479034679e+00
4.623017290659307221e+00
4.707500731503078129e+00
4.794585831798148234e+00
4.882932627065238229e+00
4.967547645418294522e+00
5.052448769025341235e+00
5.132432260772185728e+00
5.215851478663705798e+00
5.299582237426021081e+00
5.380359612292745730e+00
5.458583910202933431e+00
5.534097639591519346e+00
5.610932124749943739e+00
5.684838420873600917e+00
5.759959637860902149e+00
5.833281194815532089e+00
5.905697890459612687e+00
5.975009163450827998e+00
6.045680927446539954e+00
6.112523327199348877e+00
6.174703968904566409e+00
6.241258218782478551e+00
6.303124163317368023e+00
6.364374016400396350e+00
6.425627039466154322e+00
6.486355151714676026e+00
6.545299273969778397e+00
6.601564234590228786e+00
6.658375143612607516e+00
6.711214784928595911e+00
6.765647078092481337e+00
6.818910237118829265e+00
6.868201370742145428e+00
6.917948575581617909e+00
6.964159159503996221e+00
7.010814324984914414e+00
7.057448964358606247e+00
7.098628741553645760e+00
7.143586420744799881e+00
7.184568112023822728e+00
7.223300929451483832e+00
7.268222916220312690e+00
7.304082472715771601e+00
7.342983867338690906e+00
7.377082708818997858e+00
7.413602407790426341e+00
7.447578053377427842e+00
7.478638473628919314e+00
7.513034419840302292e+00
7.542203339501328152e+00
7.571781744840946793e+00
7.602587169079416896e+00
7.632713879857752737e+00
7.658422697160459869e+00
7.687927251459491629e+00
7.713569871766345898e+00
7.738368620862659419e+00
7.765251892024602753e+00
7.790711482371810881e+00
7.811382595468703727e+00
7.834251915964701496e+00
7.854707808670303493e+00
7.874607413994939797e+00
7.895276766340005636e+00
7.913562499461970212e+00
7.931795618339537057e+00
7.950943202125514198e+00
7.968464866469062713e+00
7.987596172670754946e+00
8.005383769507668390e+00
8.019844335625798237e+00
8.037136290211531531e+00
8.053413750381013259e+00
8.068566946300995468e+00
8.084738933132799232e+00
8.096897757569548659e+00
8.113209220357637363e+00
8.127187356579412381e+00
8.137254064090216232e+00
8.152703970803798939e+00
8.168796821144578502e+00
8.178890233617497785e+00
8.193581681423362184e+00
8.204938175407454182e+00
8.221173071641615593e+00
8.232847964590817469e+00
8.244724967221090495e+00
8.256923450861510361e+00
8.269696751718555561e+00
8.289255423455204053e+00
8.298389112059458839e+00
8.311403779978446593e+00
8.324828826885209310e+00
8.334628277090173398e+00
8.346628582529168838e+00
8.360361750428172201e+00
8.375154131361822962e+00
8.386629948350712738e+00
8.400811292510953265e+00
8.412147084866939295e+00
8.426653137229132895e+00
8.440368625885129816e+00
8.449314036536719641e+00
8.466114740664824723e+00
8.479034179300933616e+00
8.491250178099649659e+00
8.507478880195813886e+00
8.522340292644948079e+00
8.537477774956169441e+00
8.549981960470480757e+00
8.567347582304172704e+00
8.582421569082592683e+00
8.600511467182991865e+00
8.616604527904467403e+00
8.631906657754965906e+00
8.650981709616660353e+00
8.667059986924300574e+00
8.686378529046860919e+00
8.705604594906832361e+00
8.723601126256554039e+00
8.745531807362663557e+00
8.766740732250930535e+00
8.784903379182365413e+00
8.805606408519043526e+00
8.830892205566410524e+00
8.854891239522949320e+00
8.881299968922931498e+00
8.904030711112930874e+00
8.933311490743497174e+00
8.959558075184393289e+00
8.986036994348754803e+00
9.015253718316834863e+00
9.043186954746934347e+00
9.076273455906120446e+00
9.105454361465913138e+00
9.137892281363500402e+00
9.170545659544172779e+00
9.208922651490302869e+00
9.242950322516739092e+00
9.278046329527770197e+00
9.320163540261193091e+00
9.360277701058953070e+00
9.402043830364291921e+00
9.445876995317998848e+00
9.488794083207887198e+00
9.539674765545189672e+00
9.591690638912901079e+00
9.640594943322524202e+00
9.695481930607263266e+00
9.752345631122713243e+00
9.811282371392515245e+00
9.876626307109885872e+00
9.946509804610782268e+00
1.001648788854639704e+01
1.009013601506631375e+01
1.017096751263017218e+01
1.025143881939575152e+01
1.033811221671551728e+01
1.043070226367344233e+01
1.052955139054547296e+01
1.063820249864266820e+01
1.075126040483079493e+01
1.087200846243443131e+01
1.100383428681604769e+01
1.114257352527229905e+01
1.129476661917949265e+01
1.146318678766636090e+01
1.164041223973576145e+01
1.183604632227734577e+01
1.205177894311240827e+01
1.229128123627401337e+01
1.255694430730919287e+01
1.284981940100344389e+01
1.317704967232137037e+01
1.353160245666386530e+01
1.392059125536973951e+01
1.433758594253908036e+01
1.476129142516577453e+01
1.520025094848115899e+01
1.563654624864536125e+01
1.603588510914582699e+01
1.638252021939341319e+01
1.666291183326461578e+01
1.682834537884087212e+01
1.687172678754394539e+01
1.674365934055176552e+01
1.643650010003773332e+01
1.595648812630986946e+01
1.528018630074356921e+01
1.442731724001116866e+01
1.342126192902554749e+01
1.228592086535866024e+01
1.106870888934281538e+01
9.793539732548335763e+00
8.513767950109098592e+00
7.266688022679535841e+00
6.088682916308717274e+00
5.005292371487809255e+00
4.033753929367081881e+00
3.189186784866425040e+00
2.477311221198824853e+00
1.882484960052924094e+00
1.403376688422916851e+00
1.025472294440196164e+00
7.318734922515046648e-01
5.140912984354473192e-01
3.538688900395945414e-01
2.379506188979066406e-01
1.573025482214894799e-01
1.030291342959395312e-01
