2.621071528109160664e-01
3.475957606515889808e-01
4.105991592932681233e-01
4.617576215705803122e-01
5.030980315988620166e-01
5.387717403592290344e-01
5.689528910552076324e-01
5.978983937843336260e-01
6.223516470415694224e-01
6.468199632964726220e-01
6.657727054395973232e-01
6.852850511980348447e-01
7.044826487991078245e-01
7.240257762686158616e-01
7.387035769978186339e-01
7.557535560923174245e-01
7.695453291248686156e-01
7.869489316187440187e-01
8.005453180567483340e-01
8.163559761740777354e-01
8.302757061265917393e-01
8.440276369805504997e-01
8.606737292958761554e-01
8.762255628520244644e-01
8.902500396801064086e-01
9.057212133086092187e-01
9.216868572558259975e-01
9.385272142923849481e-01
9.569800508353420998e-01
9.746651944700702730e-01
9.935039083550281092e-01
1.013051995036560626e+00
1.031991774136708395e+00
1.054888781119618590e+00
1.076079554327370236e+00
1.099496442332050794e+00
1.124763508339091223e+00
1.151591601707781853e+00
1.182734903825178208e+00
1.211463938183082067e+00
1.242814023287798442e+00
1.277685404766999211e+00
1.313694320387541525e+00
1.352311338966965204e+00
1.393881643416189586e+00
1.436273372827390871e+00
1.481517389771858539e+00
1.530249388035608282e+00
1.582214802522701635e+00
1.636886053912947281e+00
1.693516197766750331e+00
1.754138257876856066e+00
1.817841694300846855e+00
1.883885750459247665e+00
1.958005562321357029e+00
2.033366440425939725e+00
2.111723004832315009e+00
2.194118451479674992e+00
2.279228811569872448e+00
2.371564433961051765e+00
2.464891013573574874e+00
2.564884134323357490e+00
2.665514607853904927e+00
2.769253568777103158e+00
2.881719438139111578e+00
2.995894477291527913e+00
3.115948168069774926e+00
3.235811098956847154e+00
3.362811331896411016e+00
3.491353292371050632e+00
3.627180114481855178e+00
3.766339802835352302e+00
3.903105754552635531e+00
4.050538029276225416e+00
4.197611691435068515e+00
4.345505416873307603e+00
4.502056808173774627e+00
4.655270902755392015e+00
4.812729421072610592e+00
4.971997517078871276e+00
5.132812471878112959e+00
5.295769853141138128e+00
5.462018926591439616e+00
5.628189526194420367e+00
5.793340473752049746e+00
5.960947554596863540e+00
6.131017916194124062e+00
6.298128651418926083e+00
6.466364084986398808e+00
6.634688553978762116e+00
6.802130021903391999e+00
6.969227614807888216e+00
7.133399596928875930e+00
7.298174410214304686e+00
7.460192235699515173e+00
7.625809242137251864e+00
7.787581573529772427e+00
7.947322721143648572e+00
8.102399398118755869e+00
8.258991544908333537e+00
8.410258109552037453e+00
8.561663354430859130e+00
8.708671526761976978e+00
8.847654794773394116e+00
8.996064069202265756e+00
9.136691485680799474e+00
9.271619534990394484e+00
9.398731901641319553e+00
9.533799482680525017e+00
9.659763715074859647e+00
9.785186582168973857e+00
9.898480227233330098e+00
1.001780652413318151e+01
1.013342394577603400e+01
1.024288962576253859e+01
1.035243417898946916e+01
1.045217049570267243e+01
1.055141566610923043e+01
1.064885618172691117e+01
1.074116742159639060e+01
1.082954944327956781e+01
1.091664922756035239e+01
1.100001470558865790e+01
1.107968228722555182e+01
1.115195235970953824e+01
1.122516255705998844e+01
1.129631155706359458e+01
1.136254418548735856e+01
1.142678030603881467e+01
1.148724617681330251e+01
1.154991162722988740e+01
1.160256183961869425e+01
1.165529520767709037e+01
1.170125120774164706e+01
1.175403650141287315e+01
1.179180135924042894e+01
1.183361032840467253e+01
1.187596563441210229e+01
1.191301459261318030e+01
1.194503138862998881e+01
1.197518821619175711e+01
1.201083275892322355e+01
1.203787904407133702e+01
1.206352065594169076e+01
1.208747114617160534e+01
1.211321155190612231e+01
1.213171493242028198e+01
1.215382334755975613e+01
1.216900325953207940e+01
1.218539104669534190e+01
1.219862692868706411e+01
1.221061250320315850e+01
1.222132111869670190e+01
1.223053675013115438e+01
1.224642045483346386e+01
1.224930834417969017e+01
1.225266841297649911e+01
1.226226571567602086e+01
1.226694294306213173e+01
1.226835444110032292e+01
1.227134842295051342e+01
1.227515980152399955e+01
1.227477952518634829e+01
1.227308416200414420e+01
1.227792688671250687e+01
1.227589952175817878e+01
1.227304748882951380e+01
1.227154771995546945e+01
1.226515879476130699e+01
1.226276807556810411e+01
1.226046052290140942e+01
1.225569229689830486e+01
1.225195096562889496e+01
1.224843631207715156e+01
1.224008380672604801e+01
1.223490992523042564e+01
1.222618661058870337e+01
1.222061408548263550e+01
1.221176172363188961e+01
1.220610358434157128e+01
1.220012117332121093e+01
1.218839127548262802e+01
1.218127120229813798e+01
1.216956794619918192e+01
1.216806385309010707e+01
1.216080738436480324e+01
1.214578245313108162e+01
1.213474101174661435e+01
1.212697913204087996e+01
1.212064103259745274e+01
1.211376401890324672e+01
1.209946328462649490e+01
1.209311747623596389e+01
1.208331417109879879e+01
1.206903701330634426e+01
1.206227228388226180e+01
1.205735988306676276e+01
1.204538753032209897e+01
1.203133613856798689e+01
1.202042644749991318e+01
1.201045165515682278e+01
1.200214382588177031e+01
1.199324267989882919e+01
1.197890603042085900e+01
1.197129017095137904e+01
1.196160593504053082e+01
1.195066081554166715e+01
1.194177179401557787e+01
1.193015196914698350e+01
1.192241224196772720e+01
1.190973054759847116e+01
1.190175610609017909e+01
1.189037700929880081e+01
1.188216216389605862e+01
1.187459876213564947e+01
1.186509308522703066e+01
1.185420403959376046e+01
1.184575420635626308e+01
1.183571239009064868e+01
1.182517231863928409e+01
1.181805276032599572e+01
1.181164944670304351e+01
1.179958207818238769e+01
1.179336020691011733e+01
1.178616177391884356e+01
1.177711660977861996e+01
1.176474362010196018e+01
1.175654489039683526e+01
1.175154946324312988e+01
1.174318036924059605e+01
1.173479489788895336e+01
1.172810812943920311e+01
1.172049987707781682e+01
1.171503209210064256e+01
1.170920882175049194e+01
1.170851533532122879e+01
1.169865976797372298e+01
1.169494751163767177e+01
1.169274966116276282e+01
1.168705413510782876e+01
1.168589509820501959e+01
1.168291488831087221e+01
1.167680643533273432e+01
1.167284294249367882e+01
1.167227937065425891e+01
1.166770231508183286e+01
1.166644023706111888e+01
1.166667906053018910e+01
1.166600489541732166e+01
1.166549010813336729e+01
1.166420777618937876e+01
1.166116971280220227e+01
1.166521822044491863e+01
1.166421793649520211e+01
1.166592141775314673e+01
1.166868491292690635e+01
1.167327634421333293e+01
1.167581780199274988e+01
1.167687166467799287e+01
1.168728681120301971e+01
1.169139551784232900e+01
1.169665854260423821e+01
1.170416637761117684e+01
1.171362687819330439e+01
1.172234284259258885e+01
1.173400909775257084e+01
1.174624939271610202e+01
1.175826824346060384e+01
1.177188062203044439e+01
1.178256212164420447e+01
1.179650884634001251e+01
1.181208159336267727e+01
1.183061847663000954e+01
1.184718580193734816e+01
1.186808161914184012e+01
1.188814089204377566e+01
1.191341199607336598e+01
1.193923132160648315e+01
1.196723327296489714e+01
1.199353342705728664e+01
1.202180722674602364e+01
1.205617582179691816e+01
1.209028074820634835e+01
1.212536879649599264e+01
1.216389403667987779e+01
1.220382037660569630e+01
1.225022495510585685e+01
1.229274314408859681e+01
1.234056100534247769e+01
1.239325169070262156e+01
1.244798768199956385e+01
1.250737117132650944e+01
1.256919194564433617e+01
1.263412247170025182e+01
1.270363742712766708e+01
1.277948496277263679e+01
1.286302659934086812e+01
1.295211397825736377e+01
1.304699386732594313e+01
1.315041072468877381e+01
1.326080270720092358e+01
1.337835448559106055e+01
1.350644134882521108e+01
1.364391677787581614e+01
1.379430644078512813e+01
1.395935498007482956e+01
1.414116947410560243e+01
1.433821051085853426e+01
1.455281212856808715e+01
1.479853382707601739e+01
1.506725299871771462e+01
1.536262712654928464e+01
1.569523433039051064e+01
1.606304916700158003e+01
1.646480785048228768e+01
1.690643815936385508e+01
1.737844759097308156e+01
1.787257583685115137e+01
1.837498496143791726e+01
1.887734212951212598e+01
1.934238198020150534e+01
1.974394122952524455e+01
2.005081097988359318e+01
2.023447888196748679e+01
2.025957024167602327e+01
2.009876995685259615e+01
1.972167307686065030e+01
1.912171307016733834e+01
1.829411771077600690e+01
1.728017760771884070e+01
1.607236797062606826e+01
1.471239510951443208e+01
1.323228975082588121e+01
1.170833863384057594e+01
1.017457720765111695e+01
8.684835506890202339e+00
7.269768005582438519e+00
5.977646209463314264e+00
4.817136379851700845e+00
3.810222783570653249e+00
2.954669785032903562e+00
2.242619824499678671e+00
1.670900008837395090e+00
1.223237836452951477e+00
8.732885315787837222e-01
6.137503738384185725e-01
4.213740337999616892e-01
2.846265268911994939e-01
1.877434971214129444e-01
1.227156686774185379e-01
