6.019742706940056678e+02
3.511973229308837858e+02
2.520777306578545733e+02
1.937268325056648166e+02
1.659190698962608508e+02
1.457162654156323072e+02
1.309139423778499065e+02
1.208661089572953529e+02
1.118545756167729621e+02
1.047554080190692929e+02
1.002135607229461414e+02
9.581311299040892493e+01
9.180757380216054742e+01
8.776897398844734255e+01
8.420837714990145173e+01
8.206026581035763456e+01
7.918073922404639120e+01
7.688442460393709155e+01
7.493504977101540021e+01
7.245712527241668965e+01
7.101118380258709806e+01
6.874918121728359210e+01
6.743770754530547151e+01
6.628289612217400872e+01
6.485138504989340902e+01
6.278493936896804684e+01
6.116211310956268932e+01
5.992300026986135464e+01
5.913045897320491662e+01
5.754585460584122814e+01
5.640978713113849352e+01
5.482895202501517673e+01
5.346627387396747366e+01
5.267680016103470564e+01
5.144997423415212268e+01
5.008768407082266805e+01
4.889797206530896290e+01
4.777031218126008838e+01
4.636060437139485657e+01
4.492017666095248529e+01
4.381862581949452817e+01
4.228472116549826865e+01
4.110527406524624894e+01
3.984000176516514102e+01
3.824367814465073678e+01
3.692310051092370315e+01
3.553300622590565183e+01
3.415961030435406087e+01
3.294726560886906697e+01
3.156367612006664913e+01
3.024705092178529853e+01
2.891473757727920102e+01
2.738981374785571887e+01
2.617065104650158958e+01
2.475394425076061466e+01
2.348734277740672027e+01
2.226555225533115490e+01
2.100702930323699746e+01
1.973162429281982710e+01
1.865163848198555741e+01
1.750281682256272475e+01
1.643398947369067997e+01
1.542488065634362648e+01
1.444578323720590163e+01
1.352967601891298699e+01
1.270442619814565255e+01
1.187857424334733736e+01
1.111349265785128360e+01
1.036601163344392518e+01
9.725440936844766071e+00
9.131289175022546445e+00
8.532766885835929571e+00
7.982869212320305330e+00
7.501744641563099059e+00
7.053655956795134685e+00
6.610635330403016319e+00
6.213643142414352560e+00
5.854197475601919720e+00
5.526615653285487539e+00
5.217229748395378230e+00
4.923725506148250552e+00
4.655248904213399541e+00
4.400775301722577915e+00
4.164499752466304550e+00
3.956216652604466422e+00
3.756840535762504985e+00
3.573775756752978427e+00
3.403078395987988891e+00
3.238489268694494161e+00
3.089660524538727415e+00
2.957674582352919135e+00
2.830548045285509406e+00
2.713842433593500303e+00
2.606140296146537860e+00
2.504984135808523416e+00
2.405441049392381458e+00
2.315049978944753839e+00
2.231436576632237934e+00
2.151876300667226793e+00
2.080787230042355329e+00
2.010150870614119789e+00
1.943395065176059644e+00
1.885285171030164353e+00
1.830489557793336886e+00
1.775926294022650564e+00
1.724256582910847824e+00
1.678025124637956278e+00
1.634443399878669601e+00
1.590192280548435644e+00
1.552277020282769371e+00
1.515507152546193392e+00
1.480076239313558695e+00
1.450895325303103833e+00
1.419514905971781982e+00
1.391876713943473787e+00
1.364915097618199846e+00
1.340736909421081702e+00
1.317978517104814618e+00
1.297922278387543926e+00
1.275458723837171737e+00
1.257746746245796521e+00
1.238351543933424503e+00
1.221351603568510136e+00
1.206430544626936108e+00
1.192064185201466175e+00
1.176987375132211966e+00
1.164361904523332436e+00
1.151375082936822336e+00
1.141491538483976331e+00
1.129833256469428227e+00
1.121600868461470890e+00
1.111677999373964720e+00
1.104757823940085482e+00
1.096457564398903628e+00
1.088432608057669393e+00
1.083615428927101609e+00
1.078340702627442083e+00
1.073449130873801005e+00
1.066796949358690627e+00
1.062857883495741174e+00
1.059031175462357144e+00
1.055109823161100469e+00
1.051208678724895096e+00
1.048485518177865394e+00
1.045243762747211536e+00
1.042931941289539033e+00
1.040482633109076405e+00
1.038461515572359994e+00
1.037045384145109050e+00
1.036215292539482302e+00
1.034231526591223860e+00
1.032469195826206221e+00
1.033212398523073450e+00
1.032571711549635785e+00
1.032646285045117684e+00
1.033468873962800405e+00
1.032545667097237274e+00
1.032292810026272489e+00
1.033484742520698996e+00
1.034023189990699754e+00
1.034861963503895144e+00
1.034211318711953265e+00
1.032316116243168880e+00
1.033291929216227034e+00
1.034109267385714181e+00
1.034918873705157782e+00
1.035998665126500073e+00
1.036308738246661587e+00
1.035806945145196778e+00
1.037371655414482507e+00
1.038139525032049093e+00
1.039087553700162259e+00
1.039624757654919129e+00
1.039809814588305237e+00
1.040565553025182055e+00
1.040639385696399133e+00
1.039557979137515131e+00
1.040024291263133893e+00
1.041645744996887002e+00
1.042917191009314015e+00
1.043170949912561651e+00
1.045093673983758631e+00
1.046004391775865461e+00
1.047447205984909591e+00
1.047523777585268601e+00
1.047375765731632491e+00
1.048276746513638669e+00
1.049179115697996822e+00
1.050491310732167616e+00
1.050751356673992998e+00
1.050490648122158088e+00
1.053195633952862309e+00
1.053021701774710994e+00
1.052252862962602675e+00
1.051707924808989558e+00
1.051221952652367841e+00
1.052266419560785371e+00
1.051285388470898585e+00
1.052981384074419768e+00
1.053200019391172804e+00
1.051527517682658397e+00
1.053512369356326639e+00
1.054665062427175171e+00
1.056556713919077461e+00
1.057511203704428526e+00
1.057477277137624183e+00
1.059855410399058284e+00
1.058054788962264459e+00
1.051109412948556088e+00
1.051480948041008556e+00
1.053261681306584041e+00
1.076631683409113638e+00
1.050404749608853772e+00
1.001184889379692189e+00
8.852898805525820647e-01
1.034003129606263727e+00
8.703951283603736933e-01
9.623347733866665088e-01
1.066768910069809451e+00
9.266493586058081044e-01
7.916367743569558968e-01
1.249999388709941206e+00
8.623365100656859017e-01
1.546296348274908361e+00
9.216435188691716185e-01
8.446415992363068836e-01
1.081127153304717536e+00
9.390089924889583051e-01
1.417884533680232373e+00
8.147293360471615786e-01
1.247463730566736206e+00
1.301322095845855342e+00
1.011307064220043461e+00
1.181990067043330761e+00
9.144383232008750362e-01
1.053641086621661449e+00
1.142845748513866999e+00
1.357848578638334747e+00
1.059849918066639196e+00
9.699267597312869471e-01
8.810610716285370847e-01
1.029806218481054803e+00
7.297442745081620386e-01
1.571733095744137332e+00
8.184964510836083562e-01
1.016705518882128123e+00
9.393827862128388828e-01
1.025356220733514512e+00
9.177846901147345138e-01
8.446662755405308642e-01
