8.932231476357984548e+02
5.525564792943896464e+02
3.699336988333799923e+02
2.820178008569766916e+02
2.341089210032891117e+02
1.995536685121612948e+02
1.789471540991542611e+02
1.615056993303070101e+02
1.494277438470042512e+02
1.387297027307968165e+02
1.324939479033787961e+02
1.255774410894471060e+02
1.187241741250516185e+02
1.135711058920487915e+02
1.089635332611138239e+02
1.051101810189592385e+02
1.012537707006833614e+02
9.836744969533616256e+01
9.557156391678196883e+01
9.335984414173337598e+01
9.064207154774727826e+01
8.768163711670048599e+01
8.678623045309173278e+01
8.418122105481393191e+01
8.210706184433284704e+01
8.014677269780229096e+01
7.769417310607654770e+01
7.615298869601019760e+01
7.495264889186425705e+01
7.317402913847969614e+01
7.185208850956138349e+01
7.066241027953660137e+01
6.873630489811259281e+01
6.761124014624245149e+01
6.603405606580035681e+01
6.438507892950701716e+01
6.341646997046840539e+01
6.198238776277325002e+01
6.064876106355092134e+01
5.942876719247581718e+01
5.856559828698527070e+01
5.759002998106986837e+01
5.580094856698111272e+01
5.475129652094820898e+01
5.394861770268578027e+01
5.214717934539129374e+01
5.101040572519053029e+01
4.985951320964377231e+01
4.890712063377872454e+01
4.773963907038832133e+01
4.664415222149356310e+01
4.583632940792944765e+01
4.440747897626445706e+01
4.315410015662228460e+01
4.184436186378393074e+01
4.079931945955915751e+01
3.973263347594747330e+01
3.855894974991547741e+01
3.709452946544041652e+01
3.596480824332864756e+01
3.482600592479099078e+01
3.368829589561963900e+01
3.263381067134085356e+01
3.135818571560827550e+01
3.013916889461027182e+01
2.903741555957474318e+01
2.781830183658823685e+01
2.649809126751648947e+01
2.540716921404290574e+01
2.414353529613959637e+01
2.293140108028352842e+01
2.181387466992759272e+01
2.061398410556857286e+01
1.962604525853667070e+01
1.854565050321626529e+01
1.751845701309495951e+01
1.652618624120245627e+01
1.562157959286203379e+01
1.477594895764712923e+01
1.388897468581199135e+01
1.306206037480643012e+01
1.227765223553732454e+01
1.155130170429589320e+01
1.087452853500470695e+01
1.023210907219791999e+01
9.582409580614234201e+00
9.035744377877216849e+00
8.477981721039510532e+00
7.974946289513895614e+00
7.539684900034379744e+00
7.122748134063684233e+00
6.719011676446483783e+00
6.358061365116338237e+00
6.004152792680955919e+00
5.680284524690530468e+00
5.378044944367831093e+00
5.089506408243465785e+00
4.828318733327663814e+00
4.587606744556779859e+00
4.360950600244745345e+00
4.138227209546414542e+00
3.938742215178277828e+00
3.767327259161128428e+00
3.596876205299016416e+00
3.439817583161689285e+00
3.292012333840431904e+00
3.154134832815646661e+00
3.020205416848383173e+00
2.899849525522776528e+00
2.784835003177668966e+00
2.679568467632928108e+00
2.581337504075926770e+00
2.488686258097336346e+00
2.400721409874067458e+00
2.314375178995444315e+00
2.237141608230740264e+00
2.168023022146671863e+00
2.100860897961781326e+00
2.034347601067722167e+00
1.973359309375552817e+00
1.916880035945779825e+00
1.860452850072581876e+00
1.811549624803879599e+00
1.764970381366686158e+00
1.717291531875829724e+00
1.676708042449601921e+00
1.635542008342779186e+00
1.597981238356287026e+00
1.561957004133662119e+00
1.527306727297258915e+00
1.495515092727859097e+00
1.464085086536860425e+00
1.436373216878804371e+00
1.409996028535507095e+00
1.383583566470106385e+00
1.362096678649629800e+00
1.340669511345544240e+00
1.318889515306514992e+00
1.298879051090674919e+00
1.280702430897577182e+00
1.262730280825000273e+00
1.245567242761630888e+00
1.229169664950242602e+00
1.214859332869245634e+00
1.199472837173604534e+00
1.188111579090234571e+00
1.174991074430116189e+00
1.164227236220820805e+00
1.152970811005645579e+00
1.143145821488504854e+00
1.132449256140944716e+00
1.122398760141478435e+00
1.114126832358871555e+00
1.104947308167536502e+00
1.097164593749967665e+00
1.091698643254598755e+00
1.083958592333921223e+00
1.078867877932416564e+00
1.073552565275223358e+00
1.070348805681418991e+00
1.066083332135174366e+00
1.062951707962533465e+00
1.058195837037204656e+00
1.056519141479854706e+00
1.054206405145520442e+00
1.050188668148714255e+00
1.048934533233430777e+00
1.045731827508483036e+00
1.043199695960441709e+00
1.042619313897941158e+00
1.040870570373303661e+00
1.040618565178970334e+00
1.038614105602155169e+00
1.035453876699341080e+00
1.036160476691889931e+00
1.036271590796413733e+00
1.033423950378282496e+00
1.034467128360953447e+00
1.034936385476986853e+00
1.035227984280197688e+00
1.034792958136082630e+00
1.034581871248882123e+00
1.034621122010902727e+00
1.033712614282219500e+00
1.034015745658703578e+00
1.034437709628780677e+00
1.034564850867976338e+00
1.033882369397649104e+00
1.034763783796341485e+00
1.035603378202362368e+00
1.036084172636706491e+00
1.037906966078085524e+00
1.036623137110044279e+00
1.034612013156844812e+00
1.033205604290580837e+00
1.032421669674303821e+00
1.033153271056409972e+00
1.036706841001262536e+00
1.036241022246034538e+00
1.036152367522450213e+00
1.038105594996344472e+00
1.040685266571944378e+00
1.040253020269696238e+00
1.042067331956601173e+00
1.039321832659654499e+00
1.040062982590460816e+00
1.040682509730537664e+00
1.041280422768116942e+00
1.037107998285040633e+00
1.051474610579189450e+00
1.022174249149667924e+00
1.006529812594624929e+00
1.027935326038066366e+00
9.926766623567191417e-01
8.936957792130886258e-01
1.088730441618830591e+00
9.143118851776342870e-01
8.974206246700405787e-01
9.124450524431957366e-01
8.131635328062564172e-01
6.993685813610228674e-01
8.654350616776603777e-01
1.072651004867299918e+00
8.952736799828983072e-01
9.315035368204136468e-01
9.235247205010700400e-01
1.333265872971200361e+00
9.840063494782448350e-01
1.329032085009493880e+00
1.104633759073855304e+00
9.416217138689495503e-01
1.466781644279260277e+00
9.961496287191325960e-01
9.898394931601285363e-01
1.227561041930726571e+00
1.458736522938859137e+00
1.267585335477364294e+00
9.822578198852844888e-01
8.751452253787823654e-01
8.048567230196519429e-01
1.315432333061396397e+00
1.308644785538221722e+00
6.822788209929695480e-01
9.621024755230103143e-01
7.933336116004876537e-01
5.359509381923129867e-01
7.152230479184518153e-01
1.329265066254516681e+00
1.125737219059334882e+00
1.480264724384492414e+00
