5.102020527814061523e+01
5.189380263027710072e+01
5.202386636521377028e+01
5.215048628945626064e+01
5.222515899396810823e+01
5.229815436846599397e+01
5.234983461574594088e+01
5.239805415405318456e+01
5.243074635804551065e+01
5.243853001292983862e+01
5.245677104706154381e+01
5.244973490432825969e+01
5.242606695341817158e+01
5.240739787936234961e+01
5.238168534404531584e+01
5.232602492097412750e+01
5.225237719682996129e+01
5.216137316220987685e+01
5.207143223753404015e+01
5.196635688896527228e+01
5.181331767034904345e+01
5.169842937160763796e+01
5.153814692306818301e+01
5.135470961899245879e+01
5.118204319610590147e+01
5.097448130394571564e+01
5.077494991145402281e+01
5.050696672715316282e+01
5.029756244999281023e+01
5.003721491418007616e+01
4.976367978835032346e+01
4.944807806548007534e+01
4.914315529099670243e+01
4.884081950680344164e+01
4.851065026632362276e+01
4.816237982408839713e+01
4.783695272913619334e+01
4.746441815460237734e+01
4.708213765928416450e+01
4.667921443152994954e+01
4.625654042118850384e+01
4.589079855279697995e+01
4.548794809114891535e+01
4.506043816617783193e+01
4.462566070900788873e+01
4.418593391630570011e+01
4.377549638812482158e+01
4.332979779398369402e+01
4.286519484384033518e+01
4.241985541520219272e+01
4.196726482777277312e+01
4.152010087459152743e+01
4.106350682321320988e+01
4.062860602026402290e+01
4.016318170710177071e+01
3.967952405054511189e+01
3.924951060114542400e+01
3.880273043754330331e+01
3.833928391960218107e+01
3.789494784327903432e+01
3.745660907001693118e+01
3.697747612768660019e+01
3.656863417479218725e+01
3.612028880774170148e+01
3.568242783877938251e+01
3.527206412714543404e+01
3.482887681597136265e+01
3.440917985990554229e+01
3.398108522862072078e+01
3.358795760541612196e+01
3.318393301354733893e+01
3.279057633817930650e+01
3.239294623973798792e+01
3.200189211165310610e+01
3.160658171845848941e+01
3.123259886457140766e+01
3.086096486950859941e+01
3.050256779047546729e+01
3.017117603137232962e+01
2.981216293585661248e+01
2.947156954093236436e+01
2.912748254146246651e+01
2.878932186179614661e+01
2.846200033215337299e+01
2.814594835907647052e+01
2.782380944097392828e+01
2.752441064595845077e+01
2.720740486472061193e+01
2.691325224439929187e+01
2.662546795849572590e+01
2.634402712029596927e+01
2.608426197745280817e+01
2.582120917550676609e+01
2.556973528117961436e+01
2.530493977134076644e+01
2.505462924866804642e+01
2.481492683865597471e+01
2.458369793517070079e+01
2.435623591623746265e+01
2.415403737445965859e+01
2.392301782846961089e+01
2.372086392294521318e+01
2.355010277900498039e+01
2.335132324434642115e+01
2.317089204574214634e+01
2.299473938046154586e+01
2.283034350253256406e+01
2.267113930686160117e+01
2.249158217611483934e+01
2.236905656101371420e+01
2.222955329130673974e+01
2.208556733574024378e+01
2.199137091185239612e+01
2.186274044869310273e+01
2.176401460883154826e+01
2.165372619184473280e+01
2.157787971500493285e+01
2.150605596548868093e+01
2.143866188268948747e+01
2.136344525595606925e+01
2.131254623399368597e+01
2.125993911618709475e+01
2.122523167381197595e+01
2.120939485817031311e+01
2.117796904290287330e+01
2.115453080753532333e+01
2.113854031920337917e+01
2.112573075003068723e+01
2.115316617621759576e+01
2.115213942774549949e+01
2.118379085574498433e+01
2.120273833251243900e+01
2.124619120905628478e+01
2.128357578808763861e+01
2.134038943843478364e+01
2.142452143344372217e+01
2.149366453192834214e+01
2.157670804528578401e+01
2.164763627492702014e+01
2.174595398831973014e+01
2.185931904917869062e+01
2.197944321664430234e+01
2.209775715819917252e+01
2.223956152457751756e+01
2.236813652213179537e+01
2.253725263176515980e+01
2.270319144269946676e+01
2.289799115637123350e+01
2.309962594143317105e+01
2.332928739801091567e+01
2.356829098845614112e+01
2.383543025389623082e+01
2.416354119473894002e+01
2.451837238090174509e+01
2.493664725186197373e+01
2.536183097576187251e+01
2.575037721628127585e+01
2.608822411938873032e+01
2.636333718260105030e+01
2.657628589385121742e+01
2.673252812048589178e+01
2.684709947413862707e+01
2.690914313061149699e+01
2.697434690677633640e+01
2.699899657090576710e+01
2.699930460962022138e+01
2.700004383603203451e+01
2.695107587538463179e+01
2.692026696214293935e+01
2.687961949188733612e+01
2.685184830830085900e+01
2.680870457441066534e+01
2.674616288230135197e+01
2.666377473451197844e+01
2.661262413824374562e+01
2.655960489745892161e+01
2.647476907239888888e+01
2.643288001018400735e+01
2.643144994106363299e+01
2.640434335192041004e+01
2.639186782593493064e+01
2.640249930881967799e+01
2.642183996790907585e+01
2.642812049139533315e+01
2.645405512391930714e+01
2.646091486594059816e+01
2.647147442085884705e+01
2.649646746770775252e+01
2.652135321714064631e+01
2.654156851114741045e+01
2.656254082047611220e+01
2.659939364677904194e+01
2.657701066508942844e+01
2.653117195582414922e+01
2.645857404841120086e+01
2.635591158192420735e+01
2.625774007491119022e+01
2.609878679835001591e+01
2.588444451624105014e+01
2.549115723272596767e+01
2.477195338663880619e+01
2.367881229604338245e+01
2.198213396894068339e+01
1.965565838263378851e+01
1.655158505893746224e+01
1.298078718555615119e+01
9.260708012470210804e+00
5.879914874264686730e+00
3.244789714457291474e+00
1.539075458037637345e+00
6.131207738648866146e-01
2.066334515466951571e-01
5.801038800133254125e-02
1.407940418715608079e-02
4.544183921985404072e-03
2.959785229002421993e-03
2.395874337840845671e-03
2.540145755882866011e-03
2.842748840797810692e-03
2.354157680088709691e-03
1.710190731133667819e-03
2.580891572319764151e-03
2.223206221616468373e-03
2.898104177088781444e-03
2.060869896356008844e-03
1.929085201834072113e-03
2.231883063558840960e-03
1.838922414713606334e-03
2.108444103453643772e-03
1.687041306466357301e-03
2.062534957641864227e-03
2.090203864362306669e-03
1.641483796147403217e-03
1.827469506645162207e-03
2.126893811761951854e-03
1.570349315574289971e-03
1.669212660834147816e-03
1.951150802938107082e-03
1.563285409169345519e-03
1.407748452272014443e-03
1.267903242822104783e-03
1.342572525945619297e-03
1.527202954737899056e-03
1.795604314405505443e-03
1.093564451841871421e-03
1.439195350674195512e-03
1.223563933846479957e-03
1.362752678713414090e-03
1.091174879708938601e-03
1.062639958211078614e-03
