6.114952701029426407e+01
6.219113125035582357e+01
6.233510124858494095e+01
6.247663998163019272e+01
6.255944956531769918e+01
6.263924717249192753e+01
6.269739119789844750e+01
6.275025194744854673e+01
6.278358998029281679e+01
6.279053151785026188e+01
6.280794775110224748e+01
6.279929040769722093e+01
6.276875136595528204e+01
6.273845110803554803e+01
6.271146241889192652e+01
6.264529546792402215e+01
6.256020341665729489e+01
6.244777777279155373e+01
6.233121572655436893e+01
6.220891744858902683e+01
6.202080272629221724e+01
6.187962115271516694e+01
6.168916661743428875e+01
6.146450482646670821e+01
6.125441001931251606e+01
6.100148625880913755e+01
6.075724730287987541e+01
6.044502489916012422e+01
6.019336906759529882e+01
5.987474549502034193e+01
5.954777005207073870e+01
5.916280492487913989e+01
5.880132179371134526e+01
5.843407110684886163e+01
5.803342626854359310e+01
5.762063794265825578e+01
5.722749581648084671e+01
5.678226751093349378e+01
5.631205535106168725e+01
5.583611115028163141e+01
5.532928262266377573e+01
5.488453019867607452e+01
5.440633476431781901e+01
5.389006413098761783e+01
5.336867931516711394e+01
5.284948343689419659e+01
5.234398216066814058e+01
5.181541478936475897e+01
5.125145693545103143e+01
5.071847107544827793e+01
5.016743460683740352e+01
4.962685151893449387e+01
4.908356201414083841e+01
4.856820342014788849e+01
4.800220219412218370e+01
4.742894353257054263e+01
4.691538214750942615e+01
4.637525646199670604e+01
4.580951800999414303e+01
4.527657372852217321e+01
4.474978852669477192e+01
4.417585958988322403e+01
4.368976742966968629e+01
4.315064081322523748e+01
4.262798682630837988e+01
4.213478830463915870e+01
4.159611121819592228e+01
4.109297833511465114e+01
4.057911778867298835e+01
4.009928873281594974e+01
3.961578471866260998e+01
3.913917047904656954e+01
3.866431815879083445e+01
3.818815184735784385e+01
3.771855948769075439e+01
3.726490396136558303e+01
3.682151514330040243e+01
3.639207384156478753e+01
3.598716708765008576e+01
3.555067724792122164e+01
3.513258444418927695e+01
3.472371335582766250e+01
3.430994302096894444e+01
3.390093605121608533e+01
3.352564968146575097e+01
3.312894583884183675e+01
3.276201291625312706e+01
3.238073425975609609e+01
3.201280858704639343e+01
3.167148361914249222e+01
3.131985283652628027e+01
3.098681665848240385e+01
3.065827731200620576e+01
3.034019729486501760e+01
3.001290515088177102e+01
2.969560622290420682e+01
2.938818897026322574e+01
2.908902671141188634e+01
2.879813056437694385e+01
2.852081703283733916e+01
2.821341399789196203e+01
2.794564055412199366e+01
2.770788875366589465e+01
2.743126219770342189e+01
2.718345250913787581e+01
2.693179602783567361e+01
2.669669314883449829e+01
2.645590762458313705e+01
2.620501247008571255e+01
2.599730705220917315e+01
2.577502497492312727e+01
2.556120490335909068e+01
2.537864223784702844e+01
2.516931919845165666e+01
2.497216576349255135e+01
2.477629305707103313e+01
2.461876013626590876e+01
2.445297879610183500e+01
2.429803801605667246e+01
2.413260124631252879e+01
2.398673952495628470e+01
2.383892743460498664e+01
2.371557668968682719e+01
2.360590729666040843e+01
2.347880144808723202e+01
2.337258133271019389e+01
2.325788569475849954e+01
2.315194861311740127e+01
2.307977546227629517e+01
2.297523607707825732e+01
2.291045261741941275e+01
2.283163179734738790e+01
2.278968497825928097e+01
2.273002338136935307e+01
2.269672159223863162e+01
2.268855299363402622e+01
2.267566572970460115e+01
2.265920986065455622e+01
2.265160401062699691e+01
2.266183334031967789e+01
2.269118471346875410e+01
2.272633238619220819e+01
2.276877199824533093e+01
2.283116285204517482e+01
2.288080594805436263e+01
2.298323521466982911e+01
2.308272814476973522e+01
2.321180174614297798e+01
2.334774478092007044e+01
2.351108710088421816e+01
2.367743501071358736e+01
2.388002982850045797e+01
2.415534959206674159e+01
2.444948438445872441e+01
2.478590766990611627e+01
2.517370494734752384e+01
2.548901939345390488e+01
2.579205505547096067e+01
2.600922999468485131e+01
2.618746155055384506e+01
2.631681715843500058e+01
2.641386329768071661e+01
2.646619483258220384e+01
2.650687374910492622e+01
2.652310006483864768e+01
2.649953421913438589e+01
2.648603752683310830e+01
2.641751570833733709e+01
2.635188590004286269e+01
2.632021233411191474e+01
2.626389670802792509e+01
2.622753201088946184e+01
2.617192439632285428e+01
2.608387874739295498e+01
2.606873261346903448e+01
2.605974902715009733e+01
2.596960836742811196e+01
2.595341290024391512e+01
2.595877447326820686e+01
2.595979071272973826e+01
2.594129162865012006e+01
2.597130033649618497e+01
2.599655483872113848e+01
2.601727806203533078e+01
2.604865812044508289e+01
2.608674130473545105e+01
2.612448540597717539e+01
2.615620446665569077e+01
2.621991437789491286e+01
2.624853327250209034e+01
2.629492237559289336e+01
2.637369712900566299e+01
2.636361134796899819e+01
2.631756480661564268e+01
2.628920109805655514e+01
2.622859651752403565e+01
2.614185849324499600e+01
2.605356640303541127e+01
2.585676208572934343e+01
2.547556744323042466e+01
2.480545406793081042e+01
2.372228782942982406e+01
2.204583400271270932e+01
1.967036191806541723e+01
1.655503292394458015e+01
1.297462798146109364e+01
9.263898415614356452e+00
5.879128960372169033e+00
3.253585298478380405e+00
1.539906575429848656e+00
6.083770363856584318e-01
1.988491541992910283e-01
5.822518231346705819e-02
1.574019223497839098e-02
5.182814602915660103e-03
3.732555118276506892e-03
3.325080490348899728e-03
3.222832356827401521e-03
2.983606849498738472e-03
2.478017534065869113e-03
2.197680451180047782e-03
2.780140338603072619e-03
2.834348608636319718e-03
2.674315419711376356e-03
2.477284297752444832e-03
2.673458000720160127e-03
3.242232973525000037e-03
2.500576128021235554e-03
2.782223538199490084e-03
2.110503523699540449e-03
2.018491686934006067e-03
2.463458764442736943e-03
2.283804058394750362e-03
1.982830160698302851e-03
2.616347924813301664e-03
1.973977399984091011e-03
2.008486449156779777e-03
1.951444654603760398e-03
1.561920542527246063e-03
1.559748099797659627e-03
1.802591283020318425e-03
1.935918352070631560e-03
1.380623544554376511e-03
1.759139712499809861e-03
1.245222624578091759e-03
8.822083333634843805e-04
1.114691841430111904e-03
1.798206132777328738e-03
1.690371809945105316e-03
1.435261965597155144e-03
