8.475479395376865621e-02
1.477625233506973113e-01
2.063802551278352826e-01
2.691959890890763263e-01
3.147628480958900021e-01
3.589040263919329177e-01
3.998797505054993429e-01
4.335214776589405017e-01
4.687402913018011708e-01
5.005806478590977271e-01
5.234498272353114157e-01
5.474170838137634165e-01
5.710429410365749359e-01
5.971061925169651730e-01
6.220483889720301862e-01
6.376536123085473351e-01
6.599127225748536718e-01
6.784387531143570849e-01
6.948875378965193583e-01
7.172014718164380076e-01
7.296501043327399127e-01
7.519861103249126932e-01
7.642333762375334016e-01
7.747807145350800173e-01
7.892205101977236570e-01
8.118902688490968744e-01
8.301699750055785421e-01
8.428644510404454948e-01
8.506201934401564912e-01
8.695190167373241241e-01
8.821816624243298266e-01
9.018607184561884260e-01
9.191430733856379431e-01
9.271789356509023694e-01
9.428702538420826729e-01
9.615613242566388719e-01
9.783013631985462144e-01
9.935965663046743002e-01
1.015563500469258473e+00
1.039159190843221392e+00
1.055636491471381833e+00
1.085280860034168793e+00
1.106620722658266720e+00
1.131035044420537039e+00
1.166876798309469443e+00
1.196701612402059522e+00
1.231967149354503688e+00
1.268451174001267168e+00
1.301024350630829440e+00
1.343945339378061599e+00
1.387482863578810788e+00
1.435949427644726217e+00
1.499225485840624428e+00
1.552449190051583772e+00
1.622496249496387932e+00
1.689400304946977904e+00
1.762790796790037584e+00
1.847130780722248344e+00
1.943037397765247531e+00
2.031722193193878478e+00
2.140033198641029699e+00
2.250060838050563561e+00
2.370756376630569928e+00
2.500403627455237476e+00
2.637345328069888861e+00
2.776360268226341965e+00
2.932075525434163499e+00
3.096162558365186168e+00
3.278125322470924363e+00
3.453617972031311822e+00
3.634090693822036755e+00
3.842900758558215113e+00
4.057807459721945342e+00
4.265926613170485382e+00
4.480879406658657693e+00
4.724598666171972106e+00
4.966645840803365353e+00
5.210375618109677198e+00
5.459249914264624692e+00
5.714174834839447215e+00
5.985623996327831264e+00
6.256911959122012590e+00
6.541874985193462777e+00
6.834434391621124760e+00
7.114359710443905804e+00
7.406172600649573390e+00
7.701773283885688492e+00
7.994939198813756143e+00
8.310434283220153873e+00
8.617603049600663923e+00
8.907006631993471757e+00
9.215269114014196461e+00
9.514630936519013815e+00
9.811342589263997382e+00
1.010183633884499343e+01
1.041581511839456198e+01
1.071895944551793889e+01
1.101698259883920983e+01
1.131860409851875993e+01
1.160812457214474414e+01
1.190110562256498916e+01
1.220588872947264036e+01
1.249153345121610847e+01
1.275687323368101644e+01
1.304721492312485509e+01
1.333603108050333574e+01
1.360548371256261291e+01
1.387086228164557866e+01
1.414393872441501188e+01
1.441047974603068660e+01
1.466806227470389423e+01
1.492191195906452705e+01
1.515710370578127097e+01
1.540155750159322601e+01
1.563645284873658525e+01
1.586452243779181259e+01
1.609404467303139086e+01
1.631745562342756628e+01
1.651767770665244939e+01
1.674961710378592983e+01
1.694502195899829999e+01
1.716793524450925901e+01
1.737847775513349546e+01
1.758028669999306004e+01
1.776579592425525789e+01
1.797345600683186362e+01
1.815461347291080685e+01
1.834826119056276994e+01
1.853116336220177374e+01
1.872147001040046987e+01
1.888710275768896452e+01
1.907273360132398210e+01
1.923153721897382695e+01
1.941121706771721023e+01
1.960653262356514048e+01
1.977133294849479483e+01
1.993216474121559045e+01
2.010035447857885416e+01
2.029218052033293418e+01
2.045988868878429656e+01
2.064086455210843241e+01
2.083142696064952659e+01
2.102128493174496526e+01
2.121112894647038161e+01
2.139992346219955266e+01
2.160951423531898641e+01
2.181986582021060528e+01
2.204991789585071160e+01
2.227446001360432604e+01
2.251393852800335438e+01
2.278821558083427234e+01
2.308585122951058466e+01
2.338680916845320468e+01
2.374495844371497100e+01
2.414829512583048654e+01
2.454048846049210297e+01
2.493872962410707927e+01
2.527211646347199903e+01
2.550916921937339055e+01
2.570182772602058208e+01
2.583197475919721597e+01
2.595900759196393537e+01
2.606676647511804390e+01
2.610525268230530926e+01
2.610845625546006232e+01
2.608832952573262531e+01
2.606185195493008422e+01
2.600680171913184680e+01
2.598965674860320973e+01
2.591127235026251796e+01
2.586535591877391838e+01
2.580023644681875794e+01
2.572674677605086302e+01
2.564293427550406435e+01
2.557515387749887381e+01
2.552239062111333467e+01
2.546733285079883302e+01
2.541563714639843141e+01
2.537470158930340247e+01
2.531777554301010369e+01
2.529965757591993381e+01
2.526328497251050109e+01
2.525977918988572313e+01
2.523098094146434889e+01
2.525389465134689360e+01
2.526401290892636453e+01
2.525237205623203707e+01
2.525447473292509315e+01
2.524661836436884954e+01
2.525960908122074500e+01
2.528584225662449114e+01
2.525589053853744659e+01
2.523880620911975825e+01
2.521368474220732381e+01
2.515772052703376715e+01
2.507169063148354127e+01
2.495350947896934812e+01
2.482559644085881345e+01
2.458205330856225501e+01
2.420352901955103775e+01
2.355806478676933935e+01
2.247606481403785139e+01
2.084276302691931804e+01
1.860350525787225351e+01
1.565145125740302134e+01
1.227523982424709992e+01
8.737708862554521616e+00
5.557287709109735019e+00
3.087014229427416989e+00
1.463721678367121859e+00
5.821162819711648284e-01
1.919258505307944729e-01
5.522670001533623585e-02
1.406274139422870016e-02
5.132989794426437088e-03
2.862452872970967788e-03
2.752628386551436279e-03
2.639565592068898649e-03
2.664821606594984689e-03
2.540505379111966840e-03
2.160322494521367109e-03
2.064714267567256158e-03
2.578119093493005682e-03
1.874222997630427094e-03
2.236081363523971782e-03
2.283909771408699704e-03
2.064403855491529424e-03
1.958365073628653193e-03
1.487035124066844304e-03
2.070677011154905493e-03
1.653382705327097841e-03
1.606215610289534867e-03
1.623130950255326005e-03
1.546095485570750210e-03
2.325901876374812140e-03
1.490402505666682184e-03
1.460575640242576384e-03
1.436942847408465961e-03
1.475006397152028121e-03
1.451396652528716370e-03
1.439063969173596386e-03
1.303713749103097442e-03
2.092791965743360377e-03
1.142435900387639468e-03
1.336064988912414068e-03
1.415547888691109707e-03
1.302519006952777142e-03
1.329052919519554303e-03
1.188922512504025355e-03
1.258058938757865113e-03
