6.845940700500888210e-02
1.125516278983343249e-01
1.685034411440872459e-01
2.215343846799045502e-01
2.672236892862309143e-01
3.138967458705202440e-01
3.503681939705950987e-01
3.885327403778702227e-01
4.201601949138410452e-01
4.526105821742765212e-01
4.740438997025353540e-01
5.000841700776983423e-01
5.286939397855170419e-01
5.524156044378882857e-01
5.755270643492613747e-01
5.959964568667651674e-01
6.178555424033711496e-01
6.348418909527990817e-01
6.521941587230767334e-01
6.663348468550047698e-01
6.842385844372685932e-01
7.057306773407532319e-01
7.108174452948212707e-01
7.301450852850494000e-01
7.460309581585690131e-01
7.611221787908855063e-01
7.820051990247385287e-01
7.937314862381356084e-01
8.030852806074608718e-01
8.182513140243944383e-01
8.287548947745156935e-01
8.372599334049651842e-01
8.554623627335246061e-01
8.642656306918279352e-01
8.788408546449962833e-01
8.949377542232275218e-01
9.024074635994463467e-01
9.161032603044867439e-01
9.284947353179233698e-01
9.395468522751209139e-01
9.447403294940694973e-01
9.530213861100070849e-01
9.750073459595537395e-01
9.842701005330334318e-01
9.892501715110711968e-01
1.013467729229442504e+00
1.026143223456445819e+00
1.039228252620458370e+00
1.047934457626874538e+00
1.062397455512135380e+00
1.075535350468227014e+00
1.082696894798677034e+00
1.105299448328866285e+00
1.125459764978896882e+00
1.147160574473184536e+00
1.162493496480566435e+00
1.180777060144027502e+00
1.202710570769587983e+00
1.234939994391171858e+00
1.258913252705047503e+00
1.284953222121848482e+00
1.311311789909421988e+00
1.338788407816504877e+00
1.376056676383141886e+00
1.414371676119160037e+00
1.451051599898521616e+00
1.495278592580597810e+00
1.550790127494570125e+00
1.597152262293129787e+00
1.660870632281743253e+00
1.727578030664875364e+00
1.794232848188289431e+00
1.875635392012659164e+00
1.945789451940007186e+00
2.033822403864962602e+00
2.127179576004339268e+00
2.228070929728385163e+00
2.329602689998994336e+00
2.435523240558118196e+00
2.559632950028868148e+00
2.689666364729990988e+00
2.828204667283280571e+00
2.970223088209113183e+00
3.117462604662833758e+00
3.276514103290753877e+00
3.457266730266215671e+00
3.625823346271993763e+00
3.819391846457743434e+00
4.014172312249853825e+00
4.200637564972785398e+00
4.397158547098255710e+00
4.611811699495445893e+00
4.821953666602465383e+00
5.053202065718518377e+00
5.283697501493890947e+00
5.521635934635130916e+00
5.774270943575828596e+00
6.024669935442271473e+00
6.277375583368404399e+00
6.540045886150760879e+00
6.817753731067945466e+00
7.095067162920967618e+00
7.354786788508417494e+00
7.626412651425405365e+00
7.902585486568842299e+00
8.180952346681303666e+00
8.464030412105998380e+00
8.759638492467232140e+00
9.036680089585527043e+00
9.335313231320576222e+00
9.619095494765325327e+00
9.902310280231857220e+00
1.019760612864461358e+01
1.048406495436383956e+01
1.079002488020621442e+01
1.107497753647590777e+01
1.135539608425818159e+01
1.163950398611621218e+01
1.194389690498512024e+01
1.222919776021378446e+01
1.251342758813873068e+01
1.281350797666006969e+01
1.309132047224723649e+01
1.337467616786941349e+01
1.367199512271565176e+01
1.393956535126044116e+01
1.422029246336794728e+01
1.448824808289483990e+01
1.477619127875896154e+01
1.504297445067600947e+01
1.531943925462506684e+01
1.559447057230342892e+01
1.586613055051289578e+01
1.612062936445140338e+01
1.640430122348451292e+01
1.665707974277365722e+01
1.691368792816544797e+01
1.718052164163915307e+01
1.743934817611103938e+01
1.769484682279956900e+01
1.796993788621553279e+01
1.824576916120893699e+01
1.852370152591344521e+01
1.879325633373758819e+01
1.907571829802322938e+01
1.934434073293742529e+01
1.964502424494170540e+01
1.993751823010981283e+01
2.025007446680776724e+01
2.056700611499426046e+01
2.090816421337883924e+01
2.127588756912951595e+01
2.168096924918693702e+01
2.212728534992873719e+01
2.259087452429636755e+01
2.305920695504306650e+01
2.351475376801277761e+01
2.390659281180920459e+01
2.422725336045091282e+01
2.446628744905456543e+01
2.468551600532682500e+01
2.484954217563733891e+01
2.501067751946910178e+01
2.508887222996929012e+01
2.515930460617667563e+01
2.523311765099132131e+01
2.525042000970987743e+01
2.526222786130418285e+01
2.526063418354574708e+01
2.524431686931930585e+01
2.523262493492201841e+01
2.520379021527328689e+01
2.519889173000323268e+01
2.519076835226991662e+01
2.515897218614020403e+01
2.514760537546165864e+01
2.512967534565266448e+01
2.508867820804072224e+01
2.508248317243594983e+01
2.507639969835223326e+01
2.506906470969495970e+01
2.510318521737217523e+01
2.512664229026554352e+01
2.516877292834525903e+01
2.519174222424552667e+01
2.521828145079606998e+01
2.525166535868614659e+01
2.529901393124110953e+01
2.533903368911819598e+01
2.534612557759828633e+01
2.537913720723631528e+01
2.541046354921705941e+01
2.543220424489746634e+01
2.543713437689028822e+01
2.544430749202839692e+01
2.540492638613282850e+01
2.530298187655610320e+01
2.513108370913477785e+01
2.495245944778875824e+01
2.458670002766600504e+01
2.389492377990521987e+01
2.279487237056013527e+01
2.119276135050018794e+01
1.887628689130101733e+01
1.592868773051728759e+01
1.247484834922735786e+01
8.901752771854543056e+00
5.646057326942939270e+00
3.137171156580126574e+00
1.464520930830287337e+00
5.951793805134090176e-01
1.975591301033589875e-01
5.664284594428936614e-02
1.585631337157611051e-02
5.799305226079504334e-03
3.428355610895365228e-03
3.636702687839277626e-03
3.591217170891695606e-03
3.269903038555281583e-03
3.047379074556064247e-03
3.142378010323539691e-03
3.212419350348163453e-03
2.642377246443696186e-03
2.987148488228160391e-03
2.659447012094432339e-03
2.894841839501212030e-03
2.431797767612278293e-03
2.541219504678125189e-03
2.093420895989591465e-03
1.910591185868721351e-03
2.143633326636443844e-03
1.679499313378180923e-03
2.292631541037973373e-03
2.003183520560475328e-03
2.131338349332323034e-03
1.353210376886427972e-03
1.584498015985958590e-03
1.986692918190933847e-03
1.784755829355307152e-03
1.937920197704027505e-03
1.370341322556030243e-03
1.479330658299626887e-03
2.023547415036356517e-03
1.828432788870562467e-03
1.569607799757726180e-03
1.646061739044713326e-03
1.558523379069303534e-03
1.352782209077495624e-03
1.501568733205408930e-03
9.695981684586519852e-04
