5.503489192505984420e+02
3.887716794893771635e+02
2.610316592817713399e+02
2.068403432438374239e+02
1.698945224210717981e+02
1.425966857789217954e+02
1.251537581775505856e+02
1.132580988375864024e+02
1.026943621425582336e+02
9.674228076085536543e+01
8.920055099204650162e+01
8.502190987267826472e+01
8.111075359861025902e+01
7.775999434017188605e+01
7.400468381702532383e+01
7.225741760525453117e+01
6.991127772363671511e+01
6.783061547928387824e+01
6.657906777654378061e+01
6.408697449728909135e+01
6.307278587574298712e+01
6.128017479685784963e+01
6.015392917230951042e+01
5.811225482329711411e+01
5.784580396104797018e+01
5.682043016243679290e+01
5.580546780872903412e+01
5.441990453191774435e+01
5.322976250763060335e+01
5.273960534808237099e+01
5.197443633812001451e+01
5.172796446652679947e+01
5.047850702510883281e+01
4.950261536800777407e+01
4.953315502837878626e+01
4.862662466518498405e+01
4.788352631516463020e+01
4.734492930056489968e+01
4.688101002958416785e+01
4.602585301842398735e+01
4.597345409119321147e+01
4.495754705063763623e+01
4.461474561442749831e+01
4.389793911720300912e+01
4.319327289686577132e+01
4.290577772866394923e+01
4.244828367561304105e+01
4.195412613750187347e+01
4.161617902010421943e+01
4.081019119698154185e+01
4.041025420167331106e+01
3.985223705548616380e+01
3.956779329014084112e+01
3.902472747217284876e+01
3.861579278579618801e+01
3.840933512674452288e+01
3.754888777670538502e+01
3.708747804367377654e+01
3.666768729142657435e+01
3.663275680306842474e+01
3.581170359431025219e+01
3.540853360745138900e+01
3.492556204741278236e+01
3.458593123616735454e+01
3.406819356132036347e+01
3.359770847399376237e+01
3.304736056913864672e+01
3.297684791746995359e+01
3.240434888134544877e+01
3.184948110121286291e+01
3.125564748142098281e+01
3.105542494745521154e+01
3.055951815458224274e+01
2.987372214723807318e+01
2.933523300087195906e+01
2.900739639868806563e+01
2.847741717061371958e+01
2.793602838378188125e+01
2.743090633378260534e+01
2.689756035157103753e+01
2.639495991277038200e+01
2.581282830078667345e+01
2.535592230451759121e+01
2.466923465452841668e+01
2.424166951135437387e+01
2.367913735600371439e+01
2.325099154663929824e+01
2.263041073106662182e+01
2.217648456546977087e+01
2.164491312642531895e+01
2.110218142997047153e+01
2.055928291025767507e+01
2.002207219882373224e+01
1.939593333136296494e+01
1.885479910933194247e+01
1.833373576395406346e+01
1.775476069149914338e+01
1.727131009321863075e+01
1.677434299189525646e+01
1.622892229152138910e+01
1.576191929215446663e+01
1.528702624472585825e+01
1.482229600402082781e+01
1.434118078902111648e+01
1.388328927826454162e+01
1.343173751185714693e+01
1.296118479808730939e+01
1.251017292849398466e+01
1.210678110152685605e+01
1.164885016085652225e+01
1.126963731613995989e+01
1.085813442661946482e+01
1.044882759969562613e+01
1.010264459009103888e+01
9.752385584245946148e+00
9.401588772232164715e+00
9.093813634541650259e+00
8.771561430645418156e+00
8.482021284601932720e+00
8.159386794048320013e+00
7.868634180701440606e+00
7.579077078213890317e+00
7.314145219532010245e+00
7.061175126531134438e+00
6.814850075473890101e+00
6.585037433427736175e+00
6.352215044256634080e+00
6.142310363214850355e+00
5.918219729835946019e+00
5.721385089875081320e+00
5.530542682281335942e+00
5.339445429450592862e+00
5.161745096077713590e+00
5.004797315614014863e+00
4.836788977993087713e+00
4.676637110539289210e+00
4.536680336593625462e+00
4.396342165690219517e+00
4.266920772302044362e+00
4.127251587659162446e+00
4.006913039184074599e+00
3.886999630943939188e+00
3.772647501195413255e+00
3.656215597795038352e+00
3.553078295778653750e+00
3.453315511117569514e+00
3.354000535613375078e+00
3.261181613611818797e+00
3.172098829313386936e+00
3.089262349893253212e+00
3.005612077953756511e+00
2.923577696737376996e+00
2.849157050291373228e+00
2.778555660396744287e+00
2.710516662961424128e+00
2.640373410864346848e+00
2.581515570482868061e+00
2.520029393898576053e+00
2.458701273311477919e+00
2.395251853299682043e+00
2.339320783435602014e+00
2.293129883155422544e+00
2.241974777849684131e+00
2.198706484147902263e+00
2.147699799964322143e+00
2.107626791709510172e+00
2.063669402582252843e+00
2.019902387759127560e+00
1.979182387019211786e+00
1.943263837764064306e+00
1.905318087167701124e+00
1.870515499607946275e+00
1.838227900115198654e+00
1.799575017413910016e+00
1.771953988694835891e+00
1.739906874082924437e+00
1.710940828929878865e+00
1.685280134723271539e+00
1.658919095396937049e+00
1.632611669185073611e+00
1.608699358318768535e+00
1.584567188272552718e+00
1.560641027926788382e+00
1.539910975265927684e+00
1.515656382652709189e+00
1.497963293832802467e+00
1.479327747398257786e+00
1.459974236395696678e+00
1.440045197562479062e+00
1.421169375435154425e+00
1.405326219767182749e+00
1.388418415842628706e+00
1.373022509678971659e+00
1.356962505656343687e+00
1.342289357221024160e+00
1.327014757388471189e+00
1.313059151288834991e+00
1.300231166672335847e+00
1.285985726539806029e+00
1.274161007294275949e+00
1.264459453649392939e+00
1.252423504826696732e+00
1.242077727924772779e+00
1.230922172492419531e+00
1.220891849432521603e+00
1.212331043841826439e+00
1.203531607226049571e+00
1.195422354386824093e+00
1.187617590552869418e+00
1.177861059454346160e+00
1.170884155490300671e+00
1.160588530953479358e+00
1.152205081919102980e+00
1.147056144443371339e+00
1.140968807750997405e+00
1.134603867864251159e+00
1.127655200416444181e+00
1.122183840099583385e+00
1.116957359341447020e+00
1.110978436459301832e+00
1.105386700332275707e+00
1.100434296374132259e+00
1.096887520410138483e+00
1.091033887681544634e+00
1.086871115394233200e+00
1.084055594719976812e+00
1.079097562470413774e+00
1.075398471233432351e+00
1.073939102102239307e+00
1.069451829518613506e+00
1.066984508902184992e+00
1.064196669531342287e+00
1.059972418803360794e+00
1.058013569251913033e+00
1.056690690388450315e+00
1.055359451209042065e+00
1.052920420526683776e+00
1.050399574857473928e+00
1.047963478835024054e+00
1.046675028960083242e+00
1.045618212637788202e+00
1.044670210134897248e+00
1.043683374085070836e+00
1.042751703825704812e+00
1.040878060164319052e+00
1.040126948831997744e+00
1.039687481215299858e+00
1.039347227424146425e+00
1.038907692017388751e+00
1.036350058161044307e+00
1.035176799674623282e+00
1.035406724946770440e+00
1.033863840393582034e+00
1.032736455704901468e+00
1.032197809884510376e+00
1.033973544120424082e+00
1.032024936848449315e+00
1.032148762049291957e+00
1.032507686267377656e+00
1.033072187195946290e+00
1.033271683851465284e+00
1.032984986259597893e+00
1.034433869633168523e+00
1.035463279935440850e+00
1.035255874458888004e+00
1.035690880959891036e+00
1.036183298078832804e+00
1.037077537022656148e+00
1.036889251553679614e+00
1.035554947892861621e+00
1.036220259456534620e+00
1.037159453471223181e+00
1.037314742449833460e+00
1.037051799679560959e+00
1.037131933900608205e+00
1.038875272909992598e+00
1.039574457443506406e+00
1.039677666661921407e+00
1.039409537324590627e+00
1.039768210302925322e+00
1.039481074519098991e+00
1.038774945883968126e+00
1.039157789898110362e+00
1.039998003819136985e+00
1.039920350649119030e+00
1.039873367019108708e+00
1.039778501218313833e+00
1.037856255769401326e+00
1.038606081559092953e+00
1.039209802280792072e+00
1.039718903142891504e+00
1.041512858552069876e+00
1.043153691490295465e+00
1.043900077705868679e+00
1.044533934741520120e+00
1.044441992828807342e+00
1.043764405839969545e+00
1.043114391871934554e+00
1.044592226054928963e+00
1.045234669377268943e+00
1.045130782297425398e+00
1.045627983949953155e+00
1.048202403085738421e+00
1.048159676231722681e+00
1.047647290399138509e+00
1.045627532078358346e+00
1.047042695401414480e+00
1.047547277466846172e+00
1.049669921900967529e+00
1.051708569599450804e+00
1.051840185146340589e+00
1.053954218661773634e+00
1.054318408617186176e+00
1.053781940509244119e+00
1.054226844459793977e+00
1.053814614814301276e+00
1.054758992748808133e+00
1.056898909131707365e+00
1.058488320732022148e+00
1.054989005646425060e+00
1.052469063246977754e+00
1.052962643842407564e+00
1.055636764838164154e+00
1.051079438478677019e+00
1.048309301611025646e+00
1.050675975810474228e+00
1.051887827756169180e+00
1.047730924245315665e+00
1.044856228192323044e+00
1.044688024883015265e+00
1.044424110351145352e+00
1.049800916458929256e+00
1.050508391193125224e+00
1.062367549667061706e+00
1.069790013032171361e+00
1.069680353322074895e+00
1.069189192163070290e+00
1.071524468911727368e+00
1.044114967474164990e+00
9.326854404688953437e-01
