5.697425046063296605e+01
5.835954429129806442e+01
5.849486778331856129e+01
5.861456921856244406e+01
5.864158131708022381e+01
5.870957701413276908e+01
5.882638547462422451e+01
5.887373381960195928e+01
5.889112867596995926e+01
5.894087021643271385e+01
5.892758897236282678e+01
5.896956946627601326e+01
5.899809299399903040e+01
5.899475206016732898e+01
5.897943092818454858e+01
5.898024700717978419e+01
5.894220771704465989e+01
5.894519694550189115e+01
5.892453182018088853e+01
5.890543665736247902e+01
5.886197506644968058e+01
5.880817942373369078e+01
5.881864810817823752e+01
5.872307281070494156e+01
5.866388128762238807e+01
5.863042443661246494e+01
5.856162685502999921e+01
5.848138419155965551e+01
5.839107412169654765e+01
5.827032966723763963e+01
5.816449057195096373e+01
5.808403427275588626e+01
5.801673339508057836e+01
5.787746113819476790e+01
5.775408856728142837e+01
5.762812151312972730e+01
5.746687834988195931e+01
5.737474950498359050e+01
5.724484543597008468e+01
5.705885831874277159e+01
5.688855348162518766e+01
5.673633105741754434e+01
5.659743499443280257e+01
5.640965827405748456e+01
5.624158184543257022e+01
5.608864193541908350e+01
5.586923555709461198e+01
5.566293524865337616e+01
5.547265415982932524e+01
5.526788126591406325e+01
5.505271048302082448e+01
5.485011080866758704e+01
5.463167482603559932e+01
5.440747420183136285e+01
5.416447652657051037e+01
5.390852571681679706e+01
5.365167140867968243e+01
5.342093356219568534e+01
5.314978420541394399e+01
5.289840269883251267e+01
5.262054353761350711e+01
5.235171677357551800e+01
5.207763604306983041e+01
5.182395679705592784e+01
5.152904096440725823e+01
5.123531337093969995e+01
5.093564455200981911e+01
5.065555676038133015e+01
5.037185396529682890e+01
5.004645374028783777e+01
4.976913992476379178e+01
4.950170895061191345e+01
4.918685890966870744e+01
4.886937743592292804e+01
4.857960942217164302e+01
4.823430263384378947e+01
4.792522842355364787e+01
4.764537883689274622e+01
4.733628966557368045e+01
4.704031792896351760e+01
4.669148537342704230e+01
4.634001662484116224e+01
4.604426487545172364e+01
4.571659270800441277e+01
4.537596097793745997e+01
4.505923593185143261e+01
4.473743534406980160e+01
4.444451105516843370e+01
4.411050499566081839e+01
4.379786965121697762e+01
4.350125179350003890e+01
4.319464255740859926e+01
4.286757520131449439e+01
4.255295951556663425e+01
4.223280172788256692e+01
4.187691189985948625e+01
4.156530497469426422e+01
4.124334720243536623e+01
4.092531521350964141e+01
4.067287447021645619e+01
4.032692207390871175e+01
4.003015738263979983e+01
3.969872316727990125e+01
3.941565702681698724e+01
3.912341313663990405e+01
3.880344588220246038e+01
3.851036340366552224e+01
3.821152295439691216e+01
3.790626578351939457e+01
3.759262544557441288e+01
3.734102765683816472e+01
3.704210705625683886e+01
3.675957725700971679e+01
3.650322102217634068e+01
3.619938116391203664e+01
3.595337862405082063e+01
3.563337616489128834e+01
3.537056313385897255e+01
3.508028691704098634e+01
3.479926772992967443e+01
3.457055802750172546e+01
3.428201246164072558e+01
3.401329756989617437e+01
3.377884016089194574e+01
3.351773400352590215e+01
3.329158508883236323e+01
3.303085734701042497e+01
3.276621744495310651e+01
3.251993342110092300e+01
3.226393717622071478e+01
3.204896378947648117e+01
3.179168408852855521e+01
3.157394498249159298e+01
3.135218774605965919e+01
3.114562877101206695e+01
3.088047932563157971e+01
3.065484962160773108e+01
3.045881543873617048e+01
3.026838158584905258e+01
3.002544991558792375e+01
2.981989729574046777e+01
2.960149774461952532e+01
2.938368795806058387e+01
2.919613213122579154e+01
2.897115679222573803e+01
2.879732898689026754e+01
2.859360076468374956e+01
2.838268027366325441e+01
2.818616831438707493e+01
2.798412400238305509e+01
2.778432630786762658e+01
2.757860287759298146e+01
2.741440382663911990e+01
2.725542436148462500e+01
2.706136180039261419e+01
2.690508676854712533e+01
2.674554620479431222e+01
2.657036599414988842e+01
2.636441709043662485e+01
2.620433099395128096e+01
2.602886291389492257e+01
2.588656829669906756e+01
2.572042975409399546e+01
2.557796834783896500e+01
2.543737977173998033e+01
2.531270329330726554e+01
2.514452412291420558e+01
2.499212807353826449e+01
2.486497030228349914e+01
2.473936374007445238e+01
2.457265755217593650e+01
2.445860691026160438e+01
2.436406144418831587e+01
2.419439701445574542e+01
2.407472655193327071e+01
2.398138506151009608e+01
2.383638595973882346e+01
2.376116200416532109e+01
2.362674644203539742e+01
2.352456317966584010e+01
2.343764391482400455e+01
2.334380429416761871e+01
2.323884348982513970e+01
2.315677283279570631e+01
2.305517126438698128e+01
2.297419048205288661e+01
2.289303448296126575e+01
2.281764059262591715e+01
2.272526930491028097e+01
2.263845317161865722e+01
2.257320386179577199e+01
2.250022172321932601e+01
2.242948653316778618e+01
2.236571929267351067e+01
2.230963029436841438e+01
2.224305948103122788e+01
2.219475348407976867e+01
2.215078647847166593e+01
2.207813943865044237e+01
2.203507798095803949e+01
2.201213482781768960e+01
2.197596649849807804e+01
2.194259443728777370e+01
2.188580035383281697e+01
2.186260318744174924e+01
2.183060756744708897e+01
2.182766035390926973e+01
2.182453838971534665e+01
2.180162191144975026e+01
2.176065568813460160e+01
2.175066187365196768e+01
2.173485913454305063e+01
2.173044743094068920e+01
2.173221431035782913e+01
2.173912948243311760e+01
2.174328243474968758e+01
2.174429946102597810e+01
2.175497858669057294e+01
2.176697607555690084e+01
2.178526822021638054e+01
2.181559188734511423e+01
2.181912329969624764e+01
2.184752569883638884e+01
2.188252258458766519e+01
2.193002902236653640e+01
2.196650505296843292e+01
2.199926176946580725e+01
2.204197386526807279e+01
2.210827997391094257e+01
2.217397394751493422e+01
2.221935907366796314e+01
2.227508635958582417e+01
2.233944159690191711e+01
2.242451924635716409e+01
2.251311171394878841e+01
2.259770728187707078e+01
2.266593246348696411e+01
2.276851868688415692e+01
2.285475090436020906e+01
2.295222025888406137e+01
2.307728993573448761e+01
2.321601156044837566e+01
2.333984091230716373e+01
2.350019554908073260e+01
2.366383093833920981e+01
2.384019933752725962e+01
2.404128827088938891e+01
2.426247963849093026e+01
2.450417802369560860e+01
2.471369126268059446e+01
2.491728060678096668e+01
2.508426146504678655e+01
2.518390016349638216e+01
2.524145290783941320e+01
2.526965733123930136e+01
2.532571088174309892e+01
2.531476692383443705e+01
2.530626921371811378e+01
2.533235044415940251e+01
2.533805560579947525e+01
2.537554077680015752e+01
2.538062497655983663e+01
2.542465157394333275e+01
2.546583746085838484e+01
2.549140962299632918e+01
2.553093158961403830e+01
2.554708460427999483e+01
2.561566262929824589e+01
2.566393433845883365e+01
2.571089305635988964e+01
2.578149004186382598e+01
2.582052672747691702e+01
2.584586754976305656e+01
2.590068076301102096e+01
2.596451082154069923e+01
2.603576455215856100e+01
2.611583220352370915e+01
2.619745811020590764e+01
2.628724316798071925e+01
2.636653750331393198e+01
2.643104487592639273e+01
2.647845896368026075e+01
2.656135783233911596e+01
2.663170670749614288e+01
2.668007343276661913e+01
2.671137046188562891e+01
2.674147610892575955e+01
2.672819430998678669e+01
2.674272648310743605e+01
2.676000350170219022e+01
2.676353197925797289e+01
2.679377065505640942e+01
2.680541432784632505e+01
2.680472446427036814e+01
2.679231836949777446e+01
2.680799611894465784e+01
2.678893651791761599e+01
2.675675248387751992e+01
2.677591619573501447e+01
2.677817515897949363e+01
2.681393506474486443e+01
2.683764675287428503e+01
2.691939266546512144e+01
2.697226031345694963e+01
2.702709622304287862e+01
2.708412367655376229e+01
2.714365467877549420e+01
2.718220606409915163e+01
2.725303979240634789e+01
2.732869449090395975e+01
2.733482440930383106e+01
2.738209429717782228e+01
2.737308453247806028e+01
2.733344183966883989e+01
2.730192188763071570e+01
2.728027812998716328e+01
2.718868883551095550e+01
2.704937817579557091e+01
2.690231031597041778e+01
2.655044104086717383e+01
2.606429010318728956e+01
2.541437233567705789e+01
2.457846668310837757e+01
2.336650926084693936e+01
2.186653506130915048e+01
2.007679521985829396e+01
1.799583935055887451e+01
1.564378712255650150e+01
1.307899185235815764e+01
1.051824333621562779e+01
8.092773602978599712e+00
5.912031488518834976e+00
4.063047911141694613e+00
2.646992281012737092e+00
1.591549437568438918e+00
9.004919354118074981e-01
4.689564716427721547e-01
2.300118198277924519e-01
1.048518881309669359e-01
4.337142054256169776e-02
