1.035238708894239551e-01
1.501126428960798120e-01
2.240910851360605194e-01
2.833807384928945794e-01
3.451646379260017161e-01
4.117176825915475069e-01
4.700329125647957351e-01
5.198191954822379834e-01
5.734601924321657274e-01
6.092565706832274719e-01
6.606191140861568112e-01
6.935808611519540534e-01
7.273769552920279491e-01
7.586774222498859910e-01
7.969688928610204615e-01
8.162517975578851281e-01
8.431001354323200969e-01
8.690057804871950120e-01
8.850308931621954089e-01
9.191483467495288329e-01
9.332388644194526961e-01
9.596607649811906837e-01
9.778022635843721666e-01
1.010511001324335911e+00
1.014142379750228473e+00
1.031854638710078431e+00
1.049388691727262124e+00
1.074632245215715542e+00
1.096962890137374913e+00
1.104868519258959125e+00
1.119098054158038646e+00
1.122874926005296370e+00
1.149335366955724469e+00
1.169179864698612237e+00
1.165968300105104660e+00
1.185114572724796034e+00
1.200138811240438974e+00
1.211845710883742377e+00
1.221066811483921377e+00
1.239713217176057647e+00
1.237421781900066131e+00
1.261997924253139391e+00
1.268581367325567477e+00
1.285018372353414318e+00
1.302091230264553978e+00
1.307251491631815643e+00
1.316171838278400008e+00
1.326757112428508023e+00
1.332958850764055736e+00
1.354266658520381084e+00
1.362345067375032803e+00
1.376337060634762466e+00
1.380710681170290055e+00
1.394179478655614091e+00
1.402650900553140900e+00
1.403526656707997811e+00
1.428848484880134384e+00
1.440403510297675771e+00
1.449499222107774488e+00
1.444019159770188132e+00
1.469367225131781529e+00
1.478505643694846494e+00
1.491103735778753103e+00
1.498411491169055365e+00
1.512526364852852856e+00
1.524964519845104505e+00
1.541292365707904510e+00
1.536094562074437286e+00
1.554478201359414280e+00
1.571342829142105435e+00
1.592324713616878995e+00
1.593979442701789706e+00
1.609543012453990452e+00
1.635865031985680007e+00
1.656015802592318398e+00
1.662827713693922238e+00
1.682920474719470816e+00
1.705517269038609340e+00
1.725655327956719498e+00
1.748869314321139790e+00
1.768954585562254156e+00
1.795232048377623846e+00
1.815917572331737118e+00
1.853182449647355678e+00
1.871816664965428645e+00
1.902908676714395231e+00
1.924108709700862230e+00
1.963928608425820732e+00
1.989066610870495966e+00
2.023471722681394525e+00
2.061457576690018278e+00
2.100980016956594643e+00
2.141015913619215727e+00
2.193911413727075654e+00
2.239896669436269860e+00
2.284145055815282266e+00
2.341079426353262605e+00
2.387968658997620786e+00
2.439756670844469788e+00
2.506196883539551390e+00
2.558503271488107078e+00
2.618570593247362854e+00
2.678311319414405922e+00
2.748424805926135583e+00
2.818021893262060207e+00
2.888937179419111878e+00
2.971207031115590702e+00
3.054436031604636170e+00
3.130994561282586908e+00
3.227153317835301571e+00
3.313418756019745448e+00
3.411461453769218721e+00
3.518057591272777618e+00
3.613234207801364839e+00
3.711848844695876615e+00
3.824181156512615143e+00
3.918419443911036026e+00
4.032413546154277384e+00
4.135840472450231786e+00
4.264936643929321924e+00
4.393463621970029820e+00
4.523243675695634458e+00
4.650344852200308132e+00
4.783742019649653621e+00
4.918337693759925244e+00
5.055640977807312808e+00
5.199895960209238943e+00
5.334510226181969017e+00
5.494884425658589144e+00
5.639182937243113258e+00
5.794903977896136205e+00
5.954117240935972610e+00
6.116912864698390351e+00
6.264427062460012685e+00
6.439319332044792787e+00
6.603137809439864725e+00
6.757110342190205898e+00
6.928217661591901333e+00
7.093729459972834661e+00
7.274926007749710877e+00
7.442112420241763004e+00
7.615513392120118574e+00
7.788612095020797099e+00
7.985342042967369380e+00
8.153818852414772778e+00
8.339037917091685514e+00
8.525222480161168903e+00
8.703189100293286629e+00
8.885652632862033329e+00
9.058513273678430622e+00
9.244149140757846439e+00
9.433169129854102053e+00
9.621934959266475573e+00
9.809205822277059283e+00
9.983838937491066545e+00
1.018987945335335610e+01
1.036040476013538125e+01
1.054367304543403527e+01
1.072290374459682383e+01
1.094011511058946873e+01
1.112667535730952295e+01
1.128874927096510206e+01
1.147222083326151143e+01
1.163318911926144494e+01
1.184401086788877500e+01
1.201005006810335729e+01
1.218437608826833696e+01
1.237293852663070659e+01
1.256325362703530146e+01
1.273083111994703209e+01
1.289687938075670814e+01
1.307586433546690508e+01
1.325410273811069040e+01
1.344450594186645631e+01
1.358654158377212617e+01
1.378314289042066143e+01
1.393174185611519711e+01
1.409923579741654009e+01
1.424225359005956726e+01
1.440916025756954433e+01
1.456931265225243521e+01
1.473197505724975187e+01
1.489057577878524263e+01
1.503773478125692087e+01
1.521134442361909755e+01
1.533695156392609782e+01
1.547529580461395149e+01
1.562879674435683341e+01
1.578094169778605504e+01
1.592945468916179230e+01
1.606260777340041912e+01
1.620564915192656841e+01
1.633584764638131048e+01
1.648219401747989110e+01
1.662058197388721581e+01
1.676172729593826460e+01
1.690308731506457818e+01
1.703603716496188625e+01
1.716826165563746898e+01
1.729379399841333509e+01
1.740833584207688745e+01
1.754675348538670931e+01
1.766603968815125825e+01
1.778000335270392540e+01
1.790707604248781593e+01
1.800713400711640944e+01
1.813634159905328858e+01
1.825675947051362513e+01
1.835744273651292247e+01
1.847472205101627551e+01
1.857627141990320041e+01
1.872744608003907985e+01
1.885987813449550288e+01
1.894607723923030562e+01
1.905321980298818474e+01
1.916376547850015655e+01
1.928275544953438825e+01
1.938628753089156831e+01
1.948774131215770922e+01
1.960908286361184949e+01
1.973571048103565673e+01
1.982773834983969863e+01
1.991774479362054961e+01
2.005668461049197049e+01
2.017721210155816181e+01
2.026326431961510011e+01
2.038672177064524860e+01
2.049656425491004086e+01
2.058615794008609257e+01
2.073396233049223270e+01
2.082444392424155311e+01
2.093136259240077379e+01
2.107549328700616442e+01
2.119492594240810490e+01
2.130529957226436721e+01
2.141233231577038865e+01
2.152672891665372390e+01
2.167605474323764980e+01
2.180872842035187276e+01
2.192869766052227831e+01
2.207047434408898923e+01
2.222329241823648616e+01
2.236295172639659867e+01
2.253671268324177746e+01
2.273448912411843992e+01
2.292047077935863797e+01
2.312357194374150993e+01
2.334395955297976144e+01
2.358648242955300844e+01
2.384685663696869895e+01
2.407055549797190963e+01
2.422648111188996722e+01
2.435901051913094761e+01
2.444133037853368506e+01
2.448140956050531614e+01
2.449357725422951759e+01
2.452922019611223448e+01
2.451804443719283100e+01
2.453478146563584517e+01
2.452689746161322049e+01
2.455844012120237352e+01
2.457017799306278505e+01
2.457832474390986022e+01
2.459366541944985940e+01
2.462329386570280576e+01
2.465111169652440992e+01
2.465498590031932125e+01
2.469985291826703389e+01
2.475089244102383645e+01
2.482813018148017647e+01
2.488031845216520210e+01
2.489542629251397798e+01
2.491612862719244958e+01
2.497530091651553263e+01
2.503491597630139864e+01
2.506149220322647864e+01
2.512165628592593691e+01
2.519767323108682433e+01
2.529055413099566607e+01
2.535809158430831900e+01
2.542715353250114418e+01
2.549008239811544740e+01
2.556046645711375831e+01
2.560745944674676977e+01
2.565588164142849692e+01
2.568713778914849755e+01
2.571843529904939629e+01
2.575327186342600783e+01
2.574867118336420901e+01
2.575033784609327725e+01
2.574112281536520541e+01
2.572581839489298261e+01
2.569651485348331121e+01
2.567748105084720578e+01
2.565002196518180710e+01
2.566729057526386626e+01
2.566569272532263923e+01
2.565083244212635094e+01
2.563288863144098073e+01
2.561929482776669076e+01
2.565605713555004996e+01
2.566653452740684926e+01
2.568148344844352593e+01
2.573296886446339116e+01
2.579789636333230618e+01
2.590226715120973111e+01
2.592411445874151354e+01
2.594842891466484858e+01
2.596343786154289290e+01
2.598504498381357308e+01
2.598762130912576751e+01
2.598034507793460435e+01
2.596282518521118732e+01
2.593842311100895515e+01
2.589757795592915457e+01
2.588717004536360378e+01
2.577715764684261757e+01
2.559315554409827342e+01
2.541578380134180293e+01
2.516655709089487303e+01
2.476489904869622904e+01
2.413606264599897600e+01
2.328307188777800363e+01
2.223096409788723093e+01
2.085885818975849659e+01
1.910845558676773237e+01
1.710813536928803202e+01
1.493111137654429577e+01
1.251750384355344536e+01
1.006831042922451935e+01
7.748551113261576084e+00
5.631573944953903066e+00
3.867696769682199331e+00
2.491597453105834692e+00
1.487721345479205537e+00
8.418327331292718707e-01
4.386094388908188813e-01
2.146584856446623057e-01
1.004217843793732828e-01
4.650165925261713629e-02
