5.111052840026503645e+02
3.513679059820713633e+02
2.464317714298909436e+02
1.894684161891646568e+02
1.555648132919867805e+02
1.327279825936880968e+02
1.170038016514210426e+02
1.056632908637476902e+02
9.741228886245873753e+01
9.009975916194585466e+01
8.465240842751873629e+01
7.995843240380891359e+01
7.640036490330381014e+01
7.313196497659563988e+01
7.032180048161134778e+01
6.783450362554543744e+01
6.569060837215002380e+01
6.386701512587422513e+01
6.225093331208489644e+01
6.051104752639259488e+01
5.921545776484782664e+01
5.790358320975623485e+01
5.667565458312705573e+01
5.557563408211927225e+01
5.444949892298624405e+01
5.345668865993930297e+01
5.273752531816455047e+01
5.181238466172346335e+01
5.103133522554838208e+01
5.017191962184556075e+01
4.946835451673273809e+01
4.882398534707330384e+01
4.811973210408849155e+01
4.742489099908632966e+01
4.674107405896766210e+01
4.620347098558023902e+01
4.562864271557612739e+01
4.516138369537258512e+01
4.455868422817404451e+01
4.399506871161730004e+01
4.347728435549026926e+01
4.306338683176704052e+01
4.245502640492961888e+01
4.199113147892559539e+01
4.152560894623994159e+01
4.114508329169255063e+01
4.062243556019382140e+01
4.021163345163937208e+01
3.974753957568504603e+01
3.924471293381493098e+01
3.881810006323161133e+01
3.838641451863083631e+01
3.795890533832768199e+01
3.760501728457018089e+01
3.709923217938614215e+01
3.669909259443762295e+01
3.629887790684423976e+01
3.585274386766653976e+01
3.544447737653219122e+01
3.498476222553033921e+01
3.461124076638556346e+01
3.424183313045880084e+01
3.382160705767304165e+01
3.336144581680846244e+01
3.287693425928947022e+01
3.253176606638266577e+01
3.211076741317476291e+01
3.172328155337199718e+01
3.125858376804006156e+01
3.083559371725860032e+01
3.034554249556688532e+01
2.995051393439433696e+01
2.950684773048072174e+01
2.901070140653784080e+01
2.860038887807996488e+01
2.817702714416422438e+01
2.769492388760400914e+01
2.721661107152582559e+01
2.676669648636573839e+01
2.627811833538347841e+01
2.583860834779444815e+01
2.535038892682961276e+01
2.489896535575759629e+01
2.442158988535713249e+01
2.393966888572062857e+01
2.343604086489813199e+01
2.293132419813030864e+01
2.245160026626440697e+01
2.193742732201454260e+01
2.143061419366725318e+01
2.094549155713955102e+01
2.042474530742271455e+01
1.995876202860203108e+01
1.947058509614222288e+01
1.898149687876741609e+01
1.847748029509889278e+01
1.798617964813093906e+01
1.750332399649158432e+01
1.701289724636512091e+01
1.653394536217759736e+01
1.605894260156735243e+01
1.560449337651477109e+01
1.514422559005923397e+01
1.469408157493732325e+01
1.424922592078545946e+01
1.379820985688132673e+01
1.338693072593986955e+01
1.294220414975140621e+01
1.252588915430741245e+01
1.213767194799586768e+01
1.173292628821438122e+01
1.136062038081491821e+01
1.098027084038578671e+01
1.062565043694038813e+01
1.026377219695937981e+01
9.927411206420911682e+00
9.591910708533571750e+00
9.268302372771932696e+00
8.954487491418813505e+00
8.655531520254585942e+00
8.358500479379250336e+00
8.078837232210895891e+00
7.806491905181131230e+00
7.539376602574253461e+00
7.290300988275666860e+00
7.053897491091441374e+00
6.811755564957596931e+00
6.592493994607077745e+00
6.376844902066168608e+00
6.160907925123805917e+00
5.962772167140354185e+00
5.767747315496327687e+00
5.581408705829815631e+00
5.404827048062171180e+00
5.237104987261036904e+00
5.069576116107641361e+00
4.912279106794866124e+00
4.760554808128848236e+00
4.612649532371396077e+00
4.473208620794044243e+00
4.337626914041145199e+00
4.209352532266971814e+00
4.085212161927958441e+00
3.966821747250473873e+00
3.853391591689421247e+00
3.745849287409828143e+00
3.639134880430198837e+00
3.537436255650767691e+00
3.441965981319334400e+00
3.349200172714994039e+00
3.261385991997326261e+00
3.175276840867052641e+00
3.091835021161629449e+00
3.013825741101793021e+00
2.939141386934923883e+00
2.865660280929223980e+00
2.795063025041162330e+00
2.727899700074837064e+00
2.662794528251811510e+00
2.600873477783530063e+00
2.541767147968176932e+00
2.482872248412466565e+00
2.427888539317382133e+00
2.375002950309224037e+00
2.323359535257741637e+00
2.274467556947912250e+00
2.227314361635129636e+00
2.180795125788331124e+00
2.136972140185287916e+00
2.095716063467253587e+00
2.055509439716313391e+00
2.015218717287717620e+00
1.977114566554821540e+00
1.940181223288064638e+00
1.904799959960434386e+00
1.871574744819740843e+00
1.838315707244749797e+00
1.807537584471416547e+00
1.776248134244704069e+00
1.747165130888818529e+00
1.718238210246570530e+00
1.691386343928741987e+00
1.665649351692644498e+00
1.639766957888638910e+00
1.615216208337782788e+00
1.591927576949742740e+00
1.569249249791875744e+00
1.547396349219777978e+00
1.526031626157208443e+00
1.506223076268559780e+00
1.486290183297735545e+00
1.467664236333311223e+00
1.448894626856406020e+00
1.431713279944774042e+00
1.414852574056329804e+00
1.398278614945451803e+00
1.382733881765651374e+00
1.367374599149590697e+00
1.352726303266011509e+00
1.338582598443520677e+00
1.324722965283966714e+00
1.311683239159156633e+00
1.299425923378368042e+00
1.286474132194704190e+00
1.274782298251198043e+00
1.263748344964229053e+00
1.252587438682504661e+00
1.242247278092569518e+00
1.232141731964747411e+00
1.222273720625980609e+00
1.212868816389622184e+00
1.204120095436783888e+00
1.195350398059320751e+00
1.187001962512298059e+00
1.178639420951517858e+00
1.171066875533224305e+00
1.163870682564741577e+00
1.156186589615429305e+00
1.149615049534677302e+00
1.143150597723599837e+00
1.136726467291226728e+00
1.130920173360595804e+00
1.125116884118626093e+00
1.119696451755454403e+00
1.114417434770061277e+00
1.109733645482064324e+00
1.104738402532651653e+00
1.100014369013712301e+00
1.095658347799654875e+00
1.091217519646090928e+00
1.087580137276601411e+00
1.083742431173915888e+00
1.080022828579010108e+00
1.076866188255126922e+00
1.073226963531455080e+00
1.070407016148279045e+00
1.067281077498678510e+00
1.064729605110132038e+00
1.061829243329744710e+00
1.059791494958036040e+00
1.056998923195833440e+00
1.054901626859560348e+00
1.052549115626385534e+00
1.050722284981328469e+00
1.048820084085646531e+00
1.047181243079505331e+00
1.045157427682459117e+00
1.044019304161743822e+00
1.042925350686195740e+00
1.041248710362993712e+00
1.039898157527077815e+00
1.038871870652320117e+00
1.037839762190626347e+00
1.037189911144541954e+00
1.036258849835286933e+00
1.035276631512483503e+00
1.034985177395162825e+00
1.034081295068899564e+00
1.033199687315422111e+00
1.032824272865251691e+00
1.032165264808861949e+00
1.031907298784713323e+00
1.031874044393039203e+00
1.031473319620706208e+00
1.031440740019580415e+00
1.031488638260150026e+00
1.030960328237799262e+00
1.030899338985193925e+00
1.030763812110718991e+00
1.030864827369970316e+00
1.030761526522757876e+00
1.030922059606020458e+00
1.031111148924565013e+00
1.031487603734981384e+00
1.031548208239942754e+00
1.031697443699549410e+00
1.032176641428948605e+00
1.032465419100565329e+00
1.032356852289220805e+00
1.032864746922056653e+00
1.032734110960093155e+00
1.033304877573220537e+00
1.033378950338183389e+00
1.034095907949504456e+00
1.034514797297342525e+00
1.035187434549127650e+00
1.035645858931274699e+00
1.036206109782187745e+00
1.036598562178552729e+00
1.036896348112162247e+00
1.037647581520924955e+00
1.038165256911568246e+00
1.038709025462175806e+00
1.039221267137263371e+00
1.039817354935486771e+00
1.040122763681476048e+00
1.040553046336502918e+00
1.040928858601487317e+00
1.041734286980339874e+00
1.042256615425478428e+00
1.042405956289127911e+00
1.042842376842402885e+00
1.043358764931402227e+00
1.044020876467405268e+00
1.044514858106982746e+00
1.044594415688149702e+00
1.045235653047758673e+00
1.045828732331296029e+00
1.046213002532719427e+00
1.046809217647411749e+00
1.047228458397114315e+00
1.047967574256775114e+00
1.048301725562933440e+00
1.048735783724332959e+00
1.048927499025480437e+00
1.049576495697288392e+00
1.049797524388007774e+00
1.050045408081648812e+00
1.050678883385673501e+00
1.050898947613879475e+00
1.051317651648707718e+00
1.051884177426244849e+00
1.052035041063632326e+00
1.052373473299347273e+00
1.052555652183448265e+00
1.053053811910375170e+00
1.052949974294374424e+00
1.053305528804422408e+00
1.053488578292869793e+00
1.054024365440264344e+00
1.054399564603642814e+00
1.054650418404800671e+00
1.054637949753125747e+00
1.054301108632295536e+00
1.055413572147579249e+00
1.055052464839224990e+00
1.054401234204441318e+00
1.055484078904185941e+00
1.055397286616160502e+00
1.055570815980185539e+00
