7.250440628043908191e+02
5.231497919248500921e+02
3.725851946257306508e+02
2.781223204268890754e+02
2.235393373340421874e+02
1.876317777836379435e+02
1.627616198286256122e+02
1.447353006004585154e+02
1.315133075540531138e+02
1.207329994922510394e+02
1.122231781834381366e+02
1.049665795243161455e+02
9.907440576795264064e+01
9.441487294447850331e+01
9.075340090336308663e+01
8.706016178882883594e+01
8.371955604520447025e+01
8.135448716014313675e+01
7.877675064791280590e+01
7.677602317446788049e+01
7.473831034470320844e+01
7.286181421420018012e+01
7.112999002554731476e+01
6.972832237166480240e+01
6.822783304014915018e+01
6.695315162062755121e+01
6.572273107610584475e+01
6.462878274289042224e+01
6.357070642393305349e+01
6.238709059436970961e+01
6.146213800743482381e+01
6.058764222097359919e+01
5.965397841625380693e+01
5.895770683440255766e+01
5.795713526589464237e+01
5.722425229674936986e+01
5.656775367291722745e+01
5.577777344221023981e+01
5.513226239535956097e+01
5.445102754653729704e+01
5.382219318719818801e+01
5.308182650067445252e+01
5.239452034707634454e+01
5.194806176226135364e+01
5.128477976732873600e+01
5.072674792658831677e+01
5.011368637186328812e+01
4.964265698554051909e+01
4.902430255973916928e+01
4.850855689434363427e+01
4.812094288013364718e+01
4.745461293429824678e+01
4.687707433788275324e+01
4.650386148829288402e+01
4.601195128834791603e+01
4.542975957338039450e+01
4.497857734058150925e+01
4.452471750687724494e+01
4.406721073814728840e+01
4.360895381654511027e+01
4.311052515574569810e+01
4.262838264467048077e+01
4.224402713581807944e+01
4.184239217882629447e+01
4.141294851199121041e+01
4.096401023585487877e+01
4.049151820522705947e+01
4.009904605960348078e+01
3.968762421258423956e+01
3.917691842157690729e+01
3.880284752409143323e+01
3.841106636893390203e+01
3.798734672843365701e+01
3.756408313101516683e+01
3.719852558371284346e+01
3.676518965176247633e+01
3.632734828249618175e+01
3.590844695938946529e+01
3.547534398603421124e+01
3.512931521278589742e+01
3.469048290615378249e+01
3.429174079876725045e+01
3.393564076238222071e+01
3.350189532077306609e+01
3.315699913303108559e+01
3.270090638880886047e+01
3.227973330649794548e+01
3.191163443601706717e+01
3.153781770149758401e+01
3.115523273177155517e+01
3.075185679916911141e+01
3.028269507970814445e+01
2.986302278801064958e+01
2.946167123881891570e+01
2.909221922912317737e+01
2.865763656972021423e+01
2.829577253540472270e+01
2.785944866873666115e+01
2.750022279121801461e+01
2.707930716117511949e+01
2.665133016673035016e+01
2.619657012106277350e+01
2.574247261119968755e+01
2.538755564571516032e+01
2.491992727798661988e+01
2.449679800316426181e+01
2.406229360375194304e+01
2.364829455695175753e+01
2.313563031842211970e+01
2.271365806713665236e+01
2.228392847699877777e+01
2.185298759916576827e+01
2.139404271864215090e+01
2.090802457670424630e+01
2.046697347976934012e+01
1.999942942388159750e+01
1.956135521646437780e+01
1.913001107051758964e+01
1.867494443855546749e+01
1.823845051144823159e+01
1.777281119125903075e+01
1.732845269125904508e+01
1.687817644221728131e+01
1.645531024672272125e+01
1.602809151851380065e+01
1.558036433676504728e+01
1.517686302620588989e+01
1.474776094877617361e+01
1.432628822704147531e+01
1.392319689579502295e+01
1.351860990624307490e+01
1.313159923627953063e+01
1.274583518985657804e+01
1.236135627549200322e+01
1.198743230540075366e+01
1.162750633998481042e+01
1.126272315479971731e+01
1.091964218399182229e+01
1.057833173158287821e+01
1.024124069361309886e+01
9.925342634067979120e+00
9.611827091570518178e+00
9.296132356950753461e+00
9.010377452240078355e+00
8.723944378335700023e+00
8.450367546827086684e+00
8.178217161002377722e+00
7.915732113934687675e+00
7.662702887170307342e+00
7.418973997813714583e+00
7.191616666427010252e+00
6.966295956049020965e+00
6.740468904969537434e+00
6.535209957001796077e+00
6.331246007403326992e+00
6.141991359727689392e+00
5.953030252608576767e+00
5.765380448228544452e+00
5.594753734550186763e+00
5.427695218564506874e+00
5.265534463345619365e+00
5.109490079889439151e+00
4.957734452485941468e+00
4.812972472499854604e+00
4.676398349846998315e+00
4.544239183789300363e+00
4.417142601560235526e+00
4.293998904520516469e+00
4.170874228832599506e+00
4.058497918962514994e+00
3.948806716032776887e+00
3.842686703496760003e+00
3.742411754417680481e+00
3.645077643313301863e+00
3.550171692564360271e+00
3.461369269661390469e+00
3.373450694028851338e+00
3.290420877566381908e+00
3.209388358599890800e+00
3.131653131508374877e+00
3.056547834879938641e+00
2.983973152795827755e+00
2.914264161091817851e+00
2.848342713310824337e+00
2.783466131304656255e+00
2.721712575816142010e+00
2.662567973013601819e+00
2.603926269857211206e+00
2.547995588704600856e+00
2.495153545403993700e+00
2.442095371712033725e+00
2.393920895943554950e+00
2.344645792102609594e+00
2.298566599354706863e+00
2.253957040842569981e+00
2.211161925464824041e+00
2.168956468863213249e+00
2.129130605918992281e+00
2.090657383834758409e+00
2.052308882081486985e+00
2.015769125014573504e+00
1.981155456968741513e+00
1.948056591462578480e+00
1.914609044324514953e+00
1.883408979113914583e+00
1.851999778307379829e+00
1.823055783679085495e+00
1.794717986773118001e+00
1.767133096684144311e+00
1.740941465847544833e+00
1.714809754680132414e+00
1.689943237099235107e+00
1.665742257641690038e+00
1.642376088272937018e+00
1.619753085852225327e+00
1.598251128305695268e+00
1.577095083050648272e+00
1.556311842491823638e+00
1.536945325094540404e+00
1.517968871988005564e+00
1.499363307075946894e+00
1.481730483163615775e+00
1.463994665120488925e+00
1.447371653333165087e+00
1.431405502277042441e+00
1.415782300919270043e+00
1.401226776320651846e+00
1.385996630972722077e+00
1.372170181259214861e+00
1.358333243681488556e+00
1.344969568336117138e+00
1.332790313392161252e+00
1.320253812739949240e+00
1.308563898341263965e+00
1.296423730773329508e+00
1.285227016893028429e+00
1.274670238177658010e+00
1.264305463799670903e+00
1.253820463066810387e+00
1.244474653207162218e+00
1.234988114583775332e+00
1.226079141012388574e+00
1.216819160642751196e+00
1.208693321303014212e+00
1.200395485056656275e+00
1.192882982552942561e+00
1.184935040805699114e+00
1.178320009972626314e+00
1.171053654060616234e+00
1.164353933375067873e+00
1.157836062057993942e+00
1.151424000237922129e+00
1.145170813245143915e+00
1.139487356497191684e+00
1.134159792663286259e+00
1.128977475434121303e+00
1.123690876179836540e+00
1.118892251079359745e+00
1.113649900440074170e+00
1.109083220882959298e+00
1.104784699018034333e+00
1.100339368908488380e+00
1.096497495483407691e+00
1.092458477801820038e+00
1.088707943832720737e+00
1.085646451867833484e+00
1.081707421823810744e+00
1.078747729546676304e+00
1.075386995489763908e+00
1.072609233046656119e+00
1.069391029313765618e+00
1.066957868715241009e+00
1.064341655225517602e+00
1.061899312831548148e+00
1.059603989895612441e+00
1.057490957090858164e+00
1.055656352935370634e+00
1.053836905776223354e+00
1.051752539302562406e+00
1.049905714960891023e+00
1.048347904553718068e+00
1.046414232142842238e+00
1.045087251355202751e+00
1.043979035721228632e+00
1.042447596048908132e+00
1.041472343450894122e+00
1.040494021291877402e+00
1.039205078384844327e+00
1.038153666540542197e+00
1.037216586606136470e+00
1.036354873358837247e+00
1.035577621019815986e+00
1.035267134189421512e+00
1.034520350371225028e+00
1.033611431283683935e+00
1.033172679757678791e+00
1.032834977127624176e+00
1.032120376455283761e+00
1.031814192248762252e+00
1.031548518378819113e+00
1.031388297114628205e+00
1.030993013037763806e+00
1.030873529169630931e+00
1.031041570755438563e+00
1.031101980631489612e+00
1.031001045308987507e+00
1.030922624093567386e+00
1.031239724608749686e+00
1.031457191553474928e+00
1.031784386003852694e+00
1.031854265316029862e+00
1.032018317246148342e+00
1.032350685402754209e+00
1.032602653280711102e+00
1.032691348641674889e+00
1.033371511268172283e+00
1.033494548370112565e+00
1.033624552654860640e+00
1.034039170417098585e+00
1.034175214828146006e+00
1.034599577790911606e+00
1.035093679672672407e+00
1.035447808192184294e+00
1.035512650936565748e+00
1.035745075690914563e+00
1.036279625784548131e+00
1.036657296382993421e+00
1.037032113390586874e+00
1.037058814012796981e+00
1.037588235190878061e+00
1.038195428480999993e+00
1.038925219913786169e+00
1.037892369474158860e+00
1.038017409241761557e+00
1.039461093027710392e+00
1.038898418688369185e+00
1.039205856779257031e+00
1.039084221089542792e+00
1.038691960422390315e+00
1.038835587875352129e+00
