1.128437461498191396e+01
1.156083191998508575e+01
1.159609483509090744e+01
1.161321363364499959e+01
1.162746084278778902e+01
1.163740954770079306e+01
1.164896850958946395e+01
1.165544642151723131e+01
1.166031370315049109e+01
1.166627492310420600e+01
1.166849433809855796e+01
1.167175348682278369e+01
1.167160651076726907e+01
1.167254222218752346e+01
1.167022862227305247e+01
1.166849384772115350e+01
1.166385884412336260e+01
1.165996315446264298e+01
1.165353105570984305e+01
1.165026832591173900e+01
1.164050371749453916e+01
1.163380219742176713e+01
1.162268062658017165e+01
1.161287979874584408e+01
1.159900190585978130e+01
1.158754296820786145e+01
1.157262350089731662e+01
1.156048782788745299e+01
1.154333540071957387e+01
1.152340449055917659e+01
1.150602819202913807e+01
1.148849831187258452e+01
1.146576000348439628e+01
1.144425111776760318e+01
1.142018743471822795e+01
1.139564500159694127e+01
1.136998308433482308e+01
1.134565476017715469e+01
1.131535496987487655e+01
1.128467311040398080e+01
1.125501289338217425e+01
1.122439490305305299e+01
1.119396250731903741e+01
1.115998830807027176e+01
1.112510620721835153e+01
1.109055262799470754e+01
1.105188865726941749e+01
1.101111755444127560e+01
1.097482665956458270e+01
1.093395952556300621e+01
1.089432481876293046e+01
1.084946545651390082e+01
1.080613904138717629e+01
1.076349952759802875e+01
1.071592038304240724e+01
1.067244835687785454e+01
1.062425262947530591e+01
1.057461519043389053e+01
1.052556527022120392e+01
1.047628505306317059e+01
1.042434742567841610e+01
1.037414754207114775e+01
1.031995501039837926e+01
1.026511830405044456e+01
1.021242361114192576e+01
1.015831149409062917e+01
1.010340128912811686e+01
1.004540661769505228e+01
9.989913061243488102e+00
9.932651717821061155e+00
9.873019874559494369e+00
9.816330945929625074e+00
9.758784778483612143e+00
9.695870701055927299e+00
9.639049714451166651e+00
9.577980197445993937e+00
9.515578621257576586e+00
9.456148192862659840e+00
9.393318829242030432e+00
9.333838712965306428e+00
9.272174876245340869e+00
9.209446385476256935e+00
9.149290968360691778e+00
9.085709487893833369e+00
9.024285579729202311e+00
8.960070788929431984e+00
8.899364825108452948e+00
8.837328250080075165e+00
8.775449561106324126e+00
8.713305087671491478e+00
8.649559648509342225e+00
8.587632241345492190e+00
8.524586402807702967e+00
8.463133048716471762e+00
8.400241235419553476e+00
8.340512256680851166e+00
8.278696007305018867e+00
8.215209833788014393e+00
8.153790873217737101e+00
8.091369781573620301e+00
8.032370043415339111e+00
7.972453252562828219e+00
7.910980071238728151e+00
7.851766507946905449e+00
7.791523880895405263e+00
7.732634834885362629e+00
7.672165004933675370e+00
7.614653232139624528e+00
7.556082765803769696e+00
7.496628243151039150e+00
7.438461674475256302e+00
7.381537196344218010e+00
7.327155645488852898e+00
7.268326940622649168e+00
7.214895970573411255e+00
7.158995494641731128e+00
7.104881963181669313e+00
7.049423545253274526e+00
6.994056214469530630e+00
6.940524320725797836e+00
6.885457032709338066e+00
6.833200509893435637e+00
6.781647430364040829e+00
6.729132940771678228e+00
6.677773938873479587e+00
6.626420460769751664e+00
6.575769480631543651e+00
6.525412224231883052e+00
6.475788559331420835e+00
6.426735770675822579e+00
6.376749025645234603e+00
6.329981377375946572e+00
6.281674982429806597e+00
6.235701302829908421e+00
6.189784704561755113e+00
6.142398468503887266e+00
6.097038336564247096e+00
6.047291545696376502e+00
6.004571581019161997e+00
5.960156668107027045e+00
5.916459721288268803e+00
5.873399825294488785e+00
5.827957375988007449e+00
5.785091371159815310e+00
5.744318521590929372e+00
5.703606044018055599e+00
5.661813817425866091e+00
5.620439807057062254e+00
5.581514184998675354e+00
5.539190812548855369e+00
5.501256972479906970e+00
5.462538724780547916e+00
5.422210287868852063e+00
5.385286226101664298e+00
5.348442557714750301e+00
5.311623621282503649e+00
5.274024275965997433e+00
5.235150219034168551e+00
5.200613179040128209e+00
5.165742110558563027e+00
5.131764091400901506e+00
5.096169330371131956e+00
5.063611740433787922e+00
5.029354014663650396e+00
4.995950554920110420e+00
4.962508275020717896e+00
4.930015854123502628e+00
4.898118437264185054e+00
4.867733365037751447e+00
4.835956601424171275e+00
4.806245061172179867e+00
4.774565145695885526e+00
4.745102254484728554e+00
4.714662188586215663e+00
4.685350205310759186e+00
4.656240170363276754e+00
4.629915174118164778e+00
4.600832364968711730e+00
4.571858288518762414e+00
4.544021227039386268e+00
4.518372469845048478e+00
4.490757946070501383e+00
4.465082998679711146e+00
4.438774845363228749e+00
4.412616028645380162e+00
4.388457528731107615e+00
4.364425602658081438e+00
4.339693996665754838e+00
4.315038817924699899e+00
4.293277358240449537e+00
4.269305369664262884e+00
4.247258970033968239e+00
4.224016836573959210e+00
4.202408463423774165e+00
4.181021806433904864e+00
4.160925268002618971e+00
4.139009989287054658e+00
4.118340455061406225e+00
4.098152409815677188e+00
4.079114161828153229e+00
4.058737058269406894e+00
4.040393884472849528e+00
4.022787204523619486e+00
4.004927648512339289e+00
3.987705131338649345e+00
3.968312661892402282e+00
3.952337496698275388e+00
3.935889489053579382e+00
3.919167951010094963e+00
3.903351193472808678e+00
3.887332918419754701e+00
3.873080712967178041e+00
3.857494414779991665e+00
3.843915720063555419e+00
3.828797882120336560e+00
3.815593992714018334e+00
3.804355592542009834e+00
3.789818219558842571e+00
3.777677992092563386e+00
3.766676463519302853e+00
3.753997499714174069e+00
3.744202722463866984e+00
3.732089899164096725e+00
3.722656085868092823e+00
3.712179275265869549e+00
3.703630155626006282e+00
3.694581014968222554e+00
3.685225520762963836e+00
3.678286571478451172e+00
3.671304449108579782e+00
3.664793541813367472e+00
3.657006525953338638e+00
3.650794081123723611e+00
3.645540112280480471e+00
3.639810655908835457e+00
3.635098260396429470e+00
3.630646095609562085e+00
3.628116656858301869e+00
3.623394211953298694e+00
3.620961904775344298e+00
3.618408520146438434e+00
3.615649502628709655e+00
3.612085212877007567e+00
3.611628243332650978e+00
3.610936414285671248e+00
3.611286691086256884e+00
3.609852375739349473e+00
3.611757211069766882e+00
3.612660093827519070e+00
3.613340383695298197e+00
3.614627472043797862e+00
3.618208429990237285e+00
3.619256043792306254e+00
3.623113027254323715e+00
3.627623103555755346e+00
3.631491256854781469e+00
3.634986629357910726e+00
3.640552577273666657e+00
3.645649581566624775e+00
3.651944760816535407e+00
3.659315343814407040e+00
3.665894105385552937e+00
3.676168209189687452e+00
3.684187627174906776e+00
3.694680988913573660e+00
3.705620768353330874e+00
3.713942151691203009e+00
3.725861276716324610e+00
3.735797043707781206e+00
3.747012241121162379e+00
3.759371185373244106e+00
3.772369764949663029e+00
3.785463832622868008e+00
3.801239540644811399e+00
3.817955771369809348e+00
3.832972584333815380e+00
3.850910650635490651e+00
3.870020536534021449e+00
3.886618133572514733e+00
3.906199412830868134e+00
3.927655919862969469e+00
3.948368798198990781e+00
3.970231928631774210e+00
3.994650457748499139e+00
4.018215357216867289e+00
4.044643701287575333e+00
4.071949575739750138e+00
4.098434397101514470e+00
4.126020692113081090e+00
4.156588315681347900e+00
4.187984681323335678e+00
4.221683828630641067e+00
4.256795436854654113e+00
4.294427537962517860e+00
4.333087374551607418e+00
4.374399101703056125e+00
4.418426379549973859e+00
4.462371460862168071e+00
4.510931582314218424e+00
4.561353595845861086e+00
4.615685263802900451e+00
4.670178316860836176e+00
4.730198970246423329e+00
4.796537266270284761e+00
4.868568578571070837e+00
4.946585124249428311e+00
5.029695753377248835e+00
5.120851611105489809e+00
5.220093799823486869e+00
5.327397834922821929e+00
5.445698413032454610e+00
5.574934811838798687e+00
5.716999589466569276e+00
5.873087109995994481e+00
6.044353216452695854e+00
6.231265649131820794e+00
6.427969303481917862e+00
6.635241098590549669e+00
6.847948781065583468e+00
7.051282705383931315e+00
7.244962324213134686e+00
7.416691479588300773e+00
7.548902654192908734e+00
7.634849524463835913e+00
7.656366965990414997e+00
7.604389892412062757e+00
7.471404963819638922e+00
7.254323966886300212e+00
6.954747493119560531e+00
6.570010219319825318e+00
6.109867448497294795e+00
5.596605985138559447e+00
5.037430239126178044e+00
4.458688848718824538e+00
3.878780637450847557e+00
3.309139206624232887e+00
2.772360195215959333e+00
2.277445067024284064e+00
1.836630693801719394e+00
1.452208513460868211e+00
