1.128980958463814055e+01
1.156876244387457220e+01
1.160796434117121301e+01
1.163027194263460018e+01
1.164965371395606830e+01
1.166400928956951510e+01
1.167891069707940765e+01
1.168851293767581367e+01
1.169689368764510284e+01
1.170454582030867385e+01
1.170923667370689536e+01
1.171422585780416092e+01
1.171523496856108615e+01
1.171740343015085273e+01
1.171603986396696762e+01
1.171531558594442046e+01
1.171169421297098623e+01
1.170850893089351707e+01
1.170285827852919347e+01
1.170067093713537609e+01
1.169033664493975344e+01
1.168361762676572724e+01
1.167373829587496026e+01
1.166446249986643835e+01
1.165131784453302366e+01
1.164007080491656154e+01
1.162568964056220011e+01
1.161354534268613925e+01
1.159698948657072393e+01
1.157770966286307157e+01
1.156036034789953604e+01
1.154296055881631666e+01
1.152100881587931624e+01
1.150049787551685831e+01
1.147713940811145328e+01
1.145273993205417895e+01
1.142787983900468518e+01
1.140363909461900072e+01
1.137356797561863608e+01
1.134327712594207149e+01
1.131428074517173954e+01
1.128431512318060470e+01
1.125440182314742188e+01
1.122064349016062579e+01
1.118654190881683874e+01
1.115250882941407617e+01
1.111425356079251969e+01
1.107411613106094705e+01
1.103819041900086262e+01
1.099740370888984664e+01
1.095787674860023131e+01
1.091398048639948826e+01
1.087173358675232571e+01
1.082894173413924399e+01
1.078136652288488229e+01
1.073858671330556014e+01
1.069145558152669118e+01
1.064109788268123502e+01
1.059340963984583084e+01
1.054436340929189697e+01
1.049260777872553696e+01
1.044370925474441769e+01
1.038853563397501745e+01
1.033389674725046525e+01
1.028216390940574598e+01
1.022829078817681747e+01
1.017388104610714628e+01
1.011487764461939776e+01
1.006018648309121666e+01
1.000374663273906606e+01
9.944216728876096312e+00
9.887909772189837909e+00
9.830979950697628311e+00
9.768726455009673515e+00
9.712446610906612321e+00
9.651352756369064423e+00
9.588490975863471988e+00
9.530663807309576185e+00
9.467812215923816055e+00
9.407813995426984377e+00
9.347530244136921240e+00
9.284291331196133257e+00
9.224548745753864409e+00
9.160926609993873981e+00
9.099466294799650967e+00
9.036678381698431295e+00
8.975428484393605189e+00
8.913887983689040340e+00
8.851311185727958275e+00
8.789673399377122109e+00
8.726755422828375686e+00
8.666169051695803205e+00
8.603505030451245261e+00
8.541266563055083694e+00
8.479795613957346490e+00
8.419410035510097146e+00
8.357877835448242365e+00
8.295356568522830543e+00
8.233859575397884711e+00
8.172193074912135202e+00
8.113375527026963852e+00
8.052868295241927044e+00
7.993064070838571844e+00
7.934758551010598460e+00
7.874813402735767909e+00
7.816647859268191390e+00
7.756257206843788055e+00
7.699144023834055162e+00
7.641166255809915597e+00
7.581940290565077234e+00
7.525085243475589714e+00
7.468114289419066409e+00
7.414495234576564009e+00
7.356588409730366429e+00
7.304050357772237767e+00
7.249455950704275509e+00
7.195631479929886609e+00
7.141891246512742875e+00
7.087828475224959845e+00
7.035445875893042711e+00
6.980786161891639807e+00
6.931078418344345238e+00
6.879920970037651351e+00
6.829731426440191377e+00
6.779787497085949077e+00
6.730185764403769255e+00
6.681515478949206610e+00
6.633303629652252731e+00
6.585325402899202984e+00
6.538260977989143186e+00
6.491266131963842057e+00
6.447067882860534560e+00
6.400940752627507280e+00
6.358148062287935609e+00
6.315046597295403075e+00
6.270914725996562744e+00
6.229466290604473322e+00
6.183254892297645355e+00
6.144742513515221383e+00
6.103958978354388165e+00
6.065382710811482170e+00
6.026326973801813480e+00
5.985678442955228995e+00
5.947186962024392010e+00
5.911970819258459464e+00
5.877061248919553726e+00
5.840542358745850038e+00
5.805579003106948299e+00
5.772086811712416221e+00
5.737392455028683891e+00
5.706373252387431094e+00
5.674684044554025419e+00
5.641415738338193542e+00
5.613348638238121247e+00
5.584327572233862114e+00
5.556513351178010041e+00
5.527329414102693406e+00
5.498236575063300435e+00
5.472851836594444741e+00
5.447395543790440442e+00
5.424189037450232398e+00
5.399544914313286981e+00
5.378135031202465832e+00
5.354256145675205580e+00
5.331608760711093353e+00
5.311182730899115079e+00
5.290531782027864338e+00
5.271581188210907598e+00
5.254577742819216191e+00
5.235134423241034618e+00
5.219623012033856035e+00
5.200739645705282577e+00
5.186044410803471116e+00
5.170981775928367163e+00
5.155564782801039136e+00
5.142649796000522855e+00
5.131023756843791084e+00
5.117756594227732769e+00
5.104237532660401477e+00
5.092292507443314520e+00
5.083270846295754986e+00
5.072664310346897132e+00
5.063351156961426902e+00
5.054612850176911643e+00
5.045218694119773417e+00
5.039993444567841152e+00
5.032275508143736253e+00
5.025875857342832376e+00
5.019392268405162838e+00
5.015848354404430331e+00
5.009728823188730473e+00
5.006575517043116541e+00
5.001735488620137282e+00
4.999588724837695786e+00
4.996558585018635590e+00
4.995598979843552279e+00
4.992876764447662374e+00
4.990763804679599680e+00
4.989520244899014578e+00
4.989470313447385230e+00
4.988112590082351083e+00
4.989803365176798344e+00
4.990854931653660564e+00
4.992448220581988672e+00
4.996251677397256508e+00
4.996012202967641258e+00
4.998335100029645872e+00
5.001177246108117203e+00
5.003062715418960416e+00
5.006661279329688519e+00
5.010397778857867301e+00
5.014404989635296239e+00
5.017667882541080537e+00
5.023434344521076511e+00
5.026911540812259105e+00
5.031801254122796330e+00
5.037826724484310681e+00
5.041656569712994695e+00
5.047985645880490146e+00
5.053781844603585149e+00
5.059164273043468718e+00
5.066774025970476103e+00
5.072312726847693298e+00
5.079336178559510806e+00
5.085567292944667805e+00
5.094706612011783875e+00
5.101557460770819397e+00
5.108792574976587453e+00
5.117156362955390669e+00
5.126213563642433968e+00
5.134776524968502898e+00
5.142813257044335451e+00
5.151549786366476980e+00
5.161879309452799269e+00
5.171734986330512207e+00
5.180355584653387524e+00
5.189422514891325555e+00
5.201380673865103610e+00
5.210213294684703733e+00
5.220836451975858772e+00
5.231986057494697917e+00
5.241479376428476833e+00
5.252864127306824393e+00
5.263634640764316863e+00
5.274706408462317420e+00
5.286309846029253912e+00
5.296709579191839268e+00
5.309171824802272788e+00
5.321879276018647964e+00
5.335267351508974798e+00
5.346812650911409115e+00
5.360401422656958736e+00
5.373517561036105228e+00
5.386443305206036314e+00
5.399973369282636604e+00
5.413894915217708714e+00
5.426329719556236775e+00
5.441365713657523528e+00
5.455481179339615849e+00
5.470849096583953575e+00
5.486026715151509414e+00
5.500619773475790453e+00
5.518346166582876577e+00
5.536184118069116700e+00
5.553826379147807302e+00
5.571454725095377647e+00
5.587413834144050462e+00
5.606389920878346089e+00
5.623317174023874543e+00
5.642633143027278031e+00
5.661885642164071974e+00
5.682175530197635993e+00
5.701428303341359971e+00
5.723422685681178734e+00
5.744996654901687094e+00
5.766546615995133962e+00
5.791397512099925926e+00
5.816583226273404961e+00
5.839841257770993721e+00
5.866460172684177188e+00
5.893800944299717237e+00
5.921117669320000942e+00
5.949910452191185861e+00
5.981574700662584121e+00
6.012687625715573247e+00
6.045611509298646880e+00
6.080162428172734224e+00
6.114005703623559995e+00
6.148775532738973482e+00
6.185837229962843686e+00
6.224995421858317890e+00
6.267209107530149481e+00
6.311817505742483903e+00
6.358581606325717672e+00
6.407016320708401658e+00
6.458870666009810080e+00
6.513232486553120815e+00
6.568383839906299926e+00
6.628903629244121909e+00
6.693586884281958582e+00
6.762123140221692807e+00
6.830760846009883203e+00
6.907820932663193858e+00
6.992247881661809217e+00
7.084703465419400992e+00
7.182757432507018258e+00
7.289772981984245170e+00
7.404750752949250447e+00
7.531852814638926752e+00
7.672415248181588154e+00
7.825400460024916072e+00
7.995080379847556706e+00
8.183866933399269072e+00
8.390386745710896932e+00
8.614756210770122991e+00
8.861293253620281973e+00
9.122828269707520477e+00
9.396691500456753943e+00
9.675876189166718433e+00
9.950501068302664009e+00
1.020691488541062775e+01
1.043517828586837837e+01
1.060938753938755852e+01
1.071718771321797092e+01
1.073804406308621218e+01
1.065778680076492257e+01
1.046532308087750174e+01
1.015403797629248750e+01
9.722096396752535341e+00
9.179164936417791409e+00
8.538705245179807335e+00
7.815056588597210308e+00
7.036197383209603196e+00
6.225331717247111207e+00
5.409807093205462714e+00
4.615800074313683332e+00
3.866949326564036227e+00
3.176818654019541111e+00
2.563080242651753160e+00
2.027793424812842193e+00
