1.495827555960268541e-02
2.124569308903770729e-02
2.996016287346722068e-02
4.015821901070286415e-02
5.010999955060602834e-02
5.975164313993669429e-02
6.887867865648471255e-02
7.758465476960073326e-02
8.541538303761629647e-02
9.326004185985788120e-02
1.001869070559129882e-01
1.073733266802710667e-01
1.136778297313136982e-01
1.191465450223714723e-01
1.240541255684677185e-01
1.294533159290860713e-01
1.344390743907170616e-01
1.384080649381528583e-01
1.429141212215560564e-01
1.463422192927383569e-01
1.502707534794961997e-01
1.542372167704961217e-01
1.578148088937479099e-01
1.604841459423808903e-01
1.642367618040906085e-01
1.671214331222128369e-01
1.701320285892900519e-01
1.728237488934885879e-01
1.755621704026054386e-01
1.783338114533073449e-01
1.813892740760671696e-01
1.832545542566894892e-01
1.852992769869870882e-01
1.878199576793897208e-01
1.902603114384432970e-01
1.924734906438917703e-01
1.945116846318759585e-01
1.966199353731356292e-01
1.986938077506219535e-01
2.006744994462948128e-01
2.025040082489446558e-01
2.046496562357515148e-01
2.069984586532436499e-01
2.082318000088430321e-01
2.099715968053531834e-01
2.118642813632907740e-01
2.138996645925401729e-01
2.150813139167996602e-01
2.167728992405041633e-01
2.185491584668898257e-01
2.195527995799169130e-01
2.217059455512231103e-01
2.237275929533760199e-01
2.249697821406092257e-01
2.261692660372611741e-01
2.281208260561040924e-01
2.290787659849529145e-01
2.306375960441474915e-01
2.325225826732279788e-01
2.337950648086665750e-01
2.350240281437654677e-01
2.366786913681682147e-01
2.374871769733432891e-01
2.384825949430238734e-01
2.401093434370853430e-01
2.411207428291521904e-01
2.428436070147091952e-01
2.441461266188461876e-01
2.453642531614008415e-01
2.468404333597159217e-01
2.478365007686618160e-01
2.489572935983900281e-01
2.508932823129456646e-01
2.519964777445616311e-01
2.526099161057646092e-01
2.541265891095319529e-01
2.560307983120849173e-01
2.569251068967998708e-01
2.587051519559893098e-01
2.596264796990688239e-01
2.612274309738074618e-01
2.623570666923927819e-01
2.634073811555370792e-01
2.649419058251155645e-01
2.659247400646143622e-01
2.678339559466800246e-01
2.697605635317685269e-01
2.709385662659579697e-01
2.718089822583178439e-01
2.733805374713850767e-01
2.750772275110992537e-01
2.772498329747984380e-01
2.792722471896748604e-01
2.809912384775856697e-01
2.822397025171485274e-01
2.842422513560695640e-01
2.858077859601266812e-01
2.883167990361610311e-01
2.896437650219231830e-01
2.916006138991177332e-01
2.946590818559281511e-01
2.975419476460263724e-01
3.003224463135242828e-01
3.021951302416068241e-01
3.052753946440950883e-01
3.078654655968630638e-01
3.107388973932129206e-01
3.139777979503346472e-01
3.185201004463052432e-01
3.219764206553465402e-01
3.255850008202577639e-01
3.292104329975251709e-01
3.331172504087920316e-01
3.384483377377395241e-01
3.432141573270038881e-01
3.482716580272150475e-01
3.532670817741488389e-01
3.587470555130161665e-01
3.640091844633238649e-01
3.699298031194010461e-01
3.759979235076658100e-01
3.825654536655066495e-01
3.898648852420463773e-01
3.968562077087877671e-01
4.044266257431772815e-01
4.130314740368722926e-01
4.204644265160672467e-01
4.296574346646600540e-01
4.389710211810424201e-01
4.481700579789537064e-01
4.573629753814105747e-01
4.672700956581677945e-01
4.780413641394408719e-01
4.895970795127990161e-01
5.012197841658934117e-01
5.124987049658711324e-01
5.254963846849359799e-01
5.375876990285359813e-01
5.510203826144253192e-01
5.650179229079107524e-01
5.793001846871566052e-01
5.936331846344674590e-01
6.090368060153920071e-01
6.249823711957167571e-01
6.403615024729549798e-01
6.568121116144848282e-01
6.739107025197438317e-01
6.915692142905809359e-01
7.097030113398572482e-01
7.276220587825428243e-01
7.451190381303659516e-01
7.647277636218221541e-01
7.852417820771916412e-01
8.042245112346332325e-01
8.250004767418540608e-01
8.448249882377396602e-01
8.659809376111743395e-01
8.882694480205106657e-01
9.099457309291331120e-01
9.318523749321035998e-01
9.540975949620243979e-01
9.770154049037856892e-01
1.000776652798813782e+00
1.024648501263738742e+00
1.048310119634657589e+00
1.072052041739574912e+00
1.095380384357645953e+00
1.120251162228123487e+00
1.146247756667289286e+00
1.171650034239546390e+00
1.197194244470277447e+00
1.222069902367626915e+00
1.247559493513637818e+00
1.273044093152344347e+00
1.299914645950239311e+00
1.325772115557856790e+00
1.353013447632586796e+00
1.378628822893587236e+00
1.405408492899759887e+00
1.431842348677915044e+00
1.458498995826724043e+00
1.485565221720713369e+00
1.513810984392403691e+00
1.540089682077171229e+00
1.566996082779519517e+00
1.594190532734383492e+00
1.621304348139640084e+00
1.648162407509857985e+00
1.675294983300692486e+00
1.702080510632917987e+00
1.729707477141701588e+00
1.755836703198638826e+00
1.783626492635402405e+00
1.811024137556574987e+00
1.838394201886104140e+00
1.865308109133388959e+00
1.892172553671078283e+00
1.917927540330144343e+00
1.945265748885310009e+00
1.971847234283577333e+00
1.997906190420148498e+00
2.024071254601630176e+00
2.049315109602397822e+00
2.077079685866697112e+00
2.101915351859795500e+00
2.128103452946322527e+00
2.152501680833684983e+00
2.178681772171917164e+00
2.204648316405554809e+00
2.229499915565742896e+00
2.253596896845762920e+00
2.279027959547406557e+00
2.304258403129047839e+00
2.329135421717338783e+00
2.352471797701830791e+00
2.375562417077770494e+00
2.399940687120976079e+00
2.423641548053844463e+00
2.445832316689291908e+00
2.468950965762919392e+00
2.491235583971214584e+00
2.515865073353507064e+00
2.539238250253287088e+00
2.561991488312620024e+00
2.584283389840691392e+00
2.607397153160213588e+00
2.626983944112298186e+00
2.650204303801249495e+00
2.672342915937308216e+00
2.693662157621941500e+00
2.715878321804687356e+00
2.735966467106346389e+00
2.757200619767767424e+00
2.778625369959718761e+00
2.799891266118310185e+00
2.820553791477534045e+00
2.840124204138446462e+00
2.860657078986826196e+00
2.880755780381589304e+00
2.901502029237691627e+00
2.922029796248456712e+00
2.942059917849872086e+00
2.962323422937910955e+00
2.981535359037212451e+00
3.001311394511565034e+00
3.020177794593364773e+00
3.040242430730586420e+00
3.058380395718617972e+00
3.077755058923517417e+00
3.097673907204218313e+00
3.115531574756582156e+00
3.136506570041760256e+00
3.155056582819602884e+00
3.175966396695401706e+00
3.195233053358901287e+00
3.213312215664091198e+00
3.233654594379671288e+00
3.252328057466244982e+00
3.272268084142038180e+00
3.291668121284868853e+00
3.312308024077946111e+00
3.330707021212623076e+00
3.350271263988890080e+00
3.369999560801578031e+00
3.391267514774980896e+00
3.409537243030622111e+00
3.429712060729839695e+00
3.450798247126067864e+00
3.472041818970168059e+00
3.492123231933974115e+00
3.514433370502040077e+00
3.534629709609161452e+00
3.555803817358924146e+00
3.578391443793806914e+00
3.600358693595865578e+00
3.623505359125957170e+00
3.647730307723020537e+00
3.671273160395106760e+00
3.694774850251663523e+00
3.721093090394254954e+00
3.746730642644343412e+00
3.773033586691184826e+00
3.798420537598238500e+00
3.824561321670594261e+00
3.852316684688602777e+00
3.881021233521912972e+00
3.911030359634377174e+00
3.940894076955517633e+00
3.973672208657502924e+00
4.006089395464199399e+00
4.042545848520451734e+00
4.076914609588778937e+00
4.112408154469454402e+00
4.152040750904227195e+00
4.191552845188156518e+00
4.233189952653808596e+00
4.277872700029305086e+00
4.322730015180086482e+00
4.371978589050832475e+00
4.420586796517178563e+00
4.474132847840494698e+00
4.531522724417015979e+00
4.592432305060136777e+00
4.656348331113624006e+00
4.725214261730591225e+00
4.798963586720899954e+00
4.878961391575929341e+00
4.966049772197348666e+00
5.058943756650243984e+00
5.162642616195690870e+00
5.276900784203040651e+00
5.401330000656490604e+00
5.537794115262297368e+00
5.688333038104930850e+00
5.852507558099107499e+00
6.030300769901377755e+00
6.218319714603084414e+00
6.416564165387728558e+00
6.618268140335153760e+00
6.816351472291615643e+00
7.002856484035230089e+00
7.164646638091407560e+00
7.291350634911142770e+00
7.371604622775577376e+00
7.391961298044121165e+00
7.339384655474952446e+00
7.209082322527470943e+00
6.997400239210739947e+00
6.703612029773958980e+00
6.328045424833073085e+00
5.885071966872174265e+00
5.386645369369836622e+00
4.851343862096125115e+00
4.293349684512663522e+00
3.730354051012562788e+00
3.186217759745509248e+00
2.669621258026431132e+00
2.193669331533621314e+00
1.769052857674223711e+00
1.398013065018830714e+00
