8.481790661179343382e-02
1.056559552377574068e-01
1.273486313269371895e-01
1.471400089300000380e-01
1.650478282993188273e-01
1.808372661597668907e-01
1.950238651805160095e-01
2.076319182112499329e-01
2.190708594067583281e-01
2.295481933466211322e-01
2.393865034517042856e-01
2.485443574480148965e-01
2.566766043678151421e-01
2.652473926639204449e-01
2.725203466315656575e-01
2.783109814430129170e-01
2.854988495369497059e-01
2.916412901651914136e-01
2.975993254749771388e-01
3.035213427503840600e-01
3.091331812671875845e-01
3.147313326492284236e-01
3.209923584676994124e-01
3.255422605900889499e-01
3.306994561341168315e-01
3.350491623903606442e-01
3.396573657532492296e-01
3.445700276294227371e-01
3.492259538964422316e-01
3.534816374953197449e-01
3.580445941605048255e-01
3.629469534925713892e-01
3.670573005027316094e-01
3.723247377012269821e-01
3.768336112145573291e-01
3.812272886167641373e-01
3.859112219617115702e-01
3.913204380872966071e-01
3.959671127701806514e-01
3.998089254710261442e-01
4.061302710661015558e-01
4.105107709173008712e-01
4.157403904505133641e-01
4.210463448044118318e-01
4.253228333812154038e-01
4.322228194219506214e-01
4.372310288302168613e-01
4.442630694505439459e-01
4.497134368697525697e-01
4.565543922201744653e-01
4.619430951995683321e-01
4.689423435031236931e-01
4.760890822215732565e-01
4.838504698827854611e-01
4.912611953248754437e-01
4.993460370476126564e-01
5.066504290642187547e-01
5.157707416758341434e-01
5.248122991105703683e-01
5.339444213341979495e-01
5.432179329305023563e-01
5.543665614557773402e-01
5.645205985339368793e-01
5.740064455531351806e-01
5.867852340471151340e-01
5.977449676713272320e-01
6.104687359525124979e-01
6.229775241787779416e-01
6.365611390916685597e-01
6.509820822877659952e-01
6.653833291925234095e-01
6.794222401945573253e-01
6.958606191645355654e-01
7.122824132464522506e-01
7.291051978009439605e-01
7.476824151364913629e-01
7.658627617781711416e-01
7.848510619348292305e-01
8.037359705606853533e-01
8.245452647896562848e-01
8.454312776144007335e-01
8.672563125948341556e-01
8.911922368638328651e-01
9.133630180778531393e-01
9.389296182242354849e-01
9.633883671567494700e-01
9.892350830683633856e-01
1.016426105070850072e+00
1.043655596655567841e+00
1.071204274193541472e+00
1.100490573724645982e+00
1.130333959081416095e+00
1.160650211377978414e+00
1.192519040799946195e+00
1.223943106199574027e+00
1.258800497524996898e+00
1.292281786344609440e+00
1.326843628605159031e+00
1.361052842029729870e+00
1.397235724890079522e+00
1.435027422745222880e+00
1.471324430959755736e+00
1.509301072048177206e+00
1.548616639139667406e+00
1.589754205379159346e+00
1.629208238435578382e+00
1.669008666664579366e+00
1.710177336676856896e+00
1.751919102948608531e+00
1.795594918246605776e+00
1.837369960678219005e+00
1.880865947255996762e+00
1.924332943073552737e+00
1.968364470543336964e+00
2.014383128261767020e+00
2.059726626797305116e+00
2.103975393673027217e+00
2.149764208554197253e+00
2.195328812671352825e+00
2.240113314296702463e+00
2.288120768968460617e+00
2.333014338344558958e+00
2.378198914961115573e+00
2.424542855502508587e+00
2.471394546313267604e+00
2.517926555952259893e+00
2.563992087229404415e+00
2.609564646442627200e+00
2.655869741033537235e+00
2.702505108052437599e+00
2.747552587263100143e+00
2.792863928396282169e+00
2.837529906806830038e+00
2.883997269348713477e+00
2.928534214943614433e+00
2.972137598359953170e+00
3.016324405180098367e+00
3.059646925090377501e+00
3.104440990173295667e+00
3.147748856189494404e+00
3.189504940839062996e+00
3.233829427677886503e+00
3.276379092320488962e+00
3.315425255978884600e+00
3.357679648596275435e+00
3.398916641975661790e+00
3.439549192764205010e+00
3.477197722435191984e+00
3.516194077458278056e+00
3.554540428285331011e+00
3.590448696648197657e+00
3.627506806876425571e+00
3.664726703274773900e+00
3.700527140999431808e+00
3.735304403386967120e+00
3.770079884016984906e+00
3.803696674177833081e+00
3.836499999008936790e+00
3.868265270577140313e+00
3.901085331729349903e+00
3.933808457558889859e+00
3.964646953589928469e+00
3.993112706833233716e+00
4.024035272041165179e+00
4.053407569323586479e+00
4.081879986208792666e+00
4.108225360074092336e+00
4.137208540773534615e+00
4.162421881628596054e+00
4.188826194649323931e+00
4.213654255478777699e+00
4.238023305426847465e+00
4.263255270268524910e+00
4.284962788066592587e+00
4.307819667118105933e+00
4.331176301772512005e+00
4.352705909685840702e+00
4.374544653076820389e+00
4.394455539465528915e+00
4.414546250544863604e+00
4.434156803272450986e+00
4.454968955107088568e+00
4.471402795372000583e+00
4.488166972250128950e+00
4.505992602099834876e+00
4.523097536112629768e+00
4.541229468231333222e+00
4.556095557739658908e+00
4.571688462283852061e+00
4.586989786335654351e+00
4.604077180784632795e+00
4.617996052649509409e+00
4.631488208654906735e+00
4.645498284682475720e+00
4.657740106669142399e+00
4.671916476308942023e+00
4.683316226076846611e+00
4.694868899222284675e+00
4.707475152700308030e+00
4.719087825221298438e+00
4.730774507205933510e+00
4.742065583708263254e+00
4.753366308476473456e+00
4.762988728803541960e+00
4.771890479306334143e+00
4.782889206264942850e+00
4.792788620519282006e+00
4.801850509022127511e+00
4.811363432532218098e+00
4.818830082938281301e+00
4.828219402639366997e+00
4.837620215550709091e+00
4.844734048252011149e+00
4.852422726789066054e+00
4.860948890743480355e+00
4.868176193319857070e+00
4.877851515179797204e+00
4.886102664993969391e+00
4.892797965688562734e+00
4.898422550598009906e+00
4.907417044573459286e+00
4.913149807660391666e+00
4.921744399660942015e+00
4.927850549671572544e+00
4.935128472364663565e+00
4.942046969596043837e+00
4.949887957384547121e+00
4.956743605153168808e+00
4.964460569183187566e+00
4.971153995039419904e+00
4.976839119702398229e+00
4.984206886168855988e+00
4.992217810118270371e+00
4.999268538768181003e+00
5.007482546004347945e+00
5.013838093330302392e+00
5.022070638721816138e+00
5.028348352972106028e+00
5.036048510652668675e+00
5.043441139706453136e+00
5.050019482174298524e+00
5.058651315330766174e+00
5.065991155459192541e+00
5.074329469766951206e+00
5.081830445928338769e+00
5.089598149087653844e+00
5.099770079939688117e+00
5.108220255920428166e+00
5.118295211106008047e+00
5.128037090574903978e+00
5.136392094080584059e+00
5.144494225144219612e+00
5.154984525701613585e+00
5.166238006594079835e+00
5.177489021241160394e+00
5.187508631513114032e+00
5.198832243275029796e+00
5.209544624436190041e+00
5.220721991533203266e+00
5.233538995425498719e+00
5.246197142505738320e+00
5.257775258638157645e+00
5.272015860308648882e+00
5.284751523783065785e+00
5.297214026549718291e+00
5.311197719384538551e+00
5.324665025318361167e+00
5.339994788767891798e+00
5.355428144806442248e+00
5.372046683777920606e+00
5.388202258066321804e+00
5.404020797109885699e+00
5.422224741718387087e+00
5.440938688388768263e+00
5.459284441476854433e+00
5.479245547424556939e+00
5.500196327285032716e+00
5.522572946004065564e+00
5.544335293753704264e+00
5.567908958662573404e+00
5.591782809518390351e+00
5.617284404291904565e+00
5.643297104286580712e+00
5.669180068775746761e+00
5.697117028165979313e+00
5.726084983777859350e+00
5.758258915624407059e+00
5.790270286769174213e+00
5.822191075743138988e+00
5.856605148428305263e+00
5.893804090113913929e+00
5.931065426555783837e+00
5.972873622137984562e+00
6.016765165728181763e+00
6.062387872043365711e+00
6.110958528014311497e+00
6.161470728535326735e+00
6.215164975372903911e+00
6.271543384291859091e+00
6.330661552365480560e+00
6.394964420994976528e+00
6.463973815772999565e+00
6.536644393580381518e+00
6.615943998568490692e+00
6.700581533952891355e+00
6.793529186838369149e+00
6.893018992754790020e+00
7.001738826577436292e+00
7.123366714884785900e+00
7.257015159173799468e+00
7.402615301487552202e+00
7.563660606345824711e+00
7.741458380890747115e+00
7.938033512157518956e+00
8.153787147802706414e+00
8.386961383250980617e+00
8.635848597675597205e+00
8.895300122520451325e+00
9.160239727136621823e+00
9.421268559734814474e+00
9.666525988676621495e+00
9.881763321460688587e+00
1.004904328074690767e+01
1.014873346713055113e+01
1.016970676464694812e+01
1.009264594796605863e+01
9.913052840658997056e+00
9.619248600709862984e+00
9.213711119546539763e+00
8.697713670784304796e+00
8.089326000598584088e+00
7.404364597018804339e+00
6.660707499763479866e+00
5.893083446139833370e+00
5.121054456824187362e+00
4.375326965792333489e+00
3.665099560133626255e+00
3.011138124485529755e+00
2.431313029043788543e+00
1.921757952285597426e+00
