4.220755749679922531e+01
4.309667113714964159e+01
4.321257413269493952e+01
4.326133419289530480e+01
4.329437008185608704e+01
4.331344616233420908e+01
4.332612303435227830e+01
4.332069530444393735e+01
4.330414168536857034e+01
4.326881905338593270e+01
4.323631735875527937e+01
4.318818371660280775e+01
4.313158777451740633e+01
4.307760080728925800e+01
4.299691320037392472e+01
4.291576434864437317e+01
4.281983050455755091e+01
4.271038455643680010e+01
4.261122367787113063e+01
4.248405117136572073e+01
4.235104968593742569e+01
4.220392341936305769e+01
4.205627877233889222e+01
4.188919609942276168e+01
4.170798626532572939e+01
4.152437131756408917e+01
4.132413573674552509e+01
4.111958395089119023e+01
4.090853264176443105e+01
4.066006822325182668e+01
4.042828674437235037e+01
4.017126724991054942e+01
3.991218980921206594e+01
3.965948262070055819e+01
3.937794926700304643e+01
3.908107544974781433e+01
3.879607217406906727e+01
3.849604687307211748e+01
3.818676216914401778e+01
3.787193976961415132e+01
3.754203321510242120e+01
3.721083993526890765e+01
3.687395502605301090e+01
3.653690579430896435e+01
3.619349532800482194e+01
3.583869137076941769e+01
3.548351831370097642e+01
3.513441435020831705e+01
3.476671052110632587e+01
3.441040777901847036e+01
3.404497515379803474e+01
3.368222762732597886e+01
3.331297140046985561e+01
3.294434516818616032e+01
3.257255577477071995e+01
3.219952585577940596e+01
3.183878295242052303e+01
3.147275837279006439e+01
3.110363905446117627e+01
3.074001393611760946e+01
3.038701497675859997e+01
3.002212452680962684e+01
2.965450120792042554e+01
2.931004467217752207e+01
2.895914415367025185e+01
2.859938232116174106e+01
2.825244043175325359e+01
2.790987128454283095e+01
2.756067182996883957e+01
2.723158390958685970e+01
2.690045459940282058e+01
2.657512136897601351e+01
2.624007544141923631e+01
2.592898848607230988e+01
2.559913793430873241e+01
2.529241928434217002e+01
2.499126442865443565e+01
2.468575470037648500e+01
2.438611544656736996e+01
2.409279772203975512e+01
2.380396542609395638e+01
2.352903276088935058e+01
2.325762209265420211e+01
2.298283922173002480e+01
2.271991910720685581e+01
2.246433639566175700e+01
2.220378266408603807e+01
2.195650646626564395e+01
2.171350116054633261e+01
2.147810632563513522e+01
2.124824385442535402e+01
2.102411935773851681e+01
2.080739167219818242e+01
2.059574479397715052e+01
2.039521128002638761e+01
2.019166506868884170e+01
2.000303100943980894e+01
1.982539157584646006e+01
1.964038563791374159e+01
1.946767407439376996e+01
1.929692588803991171e+01
1.914004078675344189e+01
1.898526368905263340e+01
1.883457499914979749e+01
1.869321358842999103e+01
1.855708387271120330e+01
1.842242870091190454e+01
1.829512795740510001e+01
1.818234864054974409e+01
1.806510959566544372e+01
1.795465809351430408e+01
1.784989225539203161e+01
1.775817998033541656e+01
1.766624038561522170e+01
1.758081344955810366e+01
1.749507666527744121e+01
1.741966606295336462e+01
1.734202850434841281e+01
1.728040677079230747e+01
1.721138611228640514e+01
1.715991615023513361e+01
1.709745348813243027e+01
1.703704929406449864e+01
1.699379257343059990e+01
1.694433033070599137e+01
1.690614338365577396e+01
1.686161929797118120e+01
1.683105252925028594e+01
1.679748010174350981e+01
1.676289333105801305e+01
1.673662529473937965e+01
1.671307843347334554e+01
1.668821853128887867e+01
1.666544260047600545e+01
1.664366082436228567e+01
1.662599450935501366e+01
1.660784050805501622e+01
1.659217029826749723e+01
1.658421789833952786e+01
1.657400766999748143e+01
1.657274415740565843e+01
1.655544419185088145e+01
1.655042021112354433e+01
1.654195852861504434e+01
1.653222120244433668e+01
1.652330356032489078e+01
1.651539385140160121e+01
1.650315322481643321e+01
1.650329987862120262e+01
1.649190532197341597e+01
1.649176109682609237e+01
1.648820826869391354e+01
1.647633703619738554e+01
1.647664790112164823e+01
1.646543705286950399e+01
1.646242667199316756e+01
1.646321703351070909e+01
1.645362092282468325e+01
1.644588342166555250e+01
1.643993424616416021e+01
1.643433186796331924e+01
1.642392256434406050e+01
1.642166494771651131e+01
1.640857447770657629e+01
1.640159109838965534e+01
1.639412059473967886e+01
1.638911659618262107e+01
1.637642920330996432e+01
1.636514718169515348e+01
1.635799144435225472e+01
1.634386083158791791e+01
1.633298961558662654e+01
1.631793161313979112e+01
1.631147295727837232e+01
1.629644337101954932e+01
1.627759693416248155e+01
1.626993403603983879e+01
1.625134115207050556e+01
1.622913932208435028e+01
1.621894173271962458e+01
1.619793622916450460e+01
1.618416503681876151e+01
1.615958389398950956e+01
1.614312265365639476e+01
1.612739771978040082e+01
1.610286966173068990e+01
1.608076378258741101e+01
1.605839082991079181e+01
1.603810875775895539e+01
1.601814492515488908e+01
1.599333777442353544e+01
1.596512633308866391e+01
1.594526463416333328e+01
1.592382698417644527e+01
1.589399713818868953e+01
1.586575392004993823e+01
1.583863359738129617e+01
1.581483082251346417e+01
1.578373761848314238e+01
1.576019633603651116e+01
1.573545591357417095e+01
1.571316068459214321e+01
1.568544479870844555e+01
1.565749032569008570e+01
1.562561464622351437e+01
1.559857325197958389e+01
1.556670530428050725e+01
1.553980135142959362e+01
1.551452295062667730e+01
1.548461279241505117e+01
1.545241070021867635e+01
1.541966160715454315e+01
1.538524042257100888e+01
1.534937593741127948e+01
1.532027527090616736e+01
1.529239561833684391e+01
1.526142556633986125e+01
1.523037840445996416e+01
1.519968508848848288e+01
1.516912221035200403e+01
1.513446008593359515e+01
1.510380528524044941e+01
1.507106438904875034e+01
1.503700864685829863e+01
1.500427713447004052e+01
1.497135977415133112e+01
1.493495857118094960e+01
1.490619036695821542e+01
1.487241536955573906e+01
1.483564617579203215e+01
1.480380309921861937e+01
1.476631767167292963e+01
1.473949277259377588e+01
1.470467710730457078e+01
1.466838930364482785e+01
1.463782053685313400e+01
1.460259896891575870e+01
1.457110559409714945e+01
1.453292684237120014e+01
1.450617286117232929e+01
1.447350337363389805e+01
1.444093965487199505e+01
1.441849167371570850e+01
1.438412827794938309e+01
1.435029668777673351e+01
1.431726817667949092e+01
1.429418107456254639e+01
1.426183327131171730e+01
1.423479786241920664e+01
1.420445296290673198e+01
1.417627382054946850e+01
1.414215038436499405e+01
1.412416353479134656e+01
1.409213878246345963e+01
1.406374780794641488e+01
1.403555597728554005e+01
1.400906421541333025e+01
1.398764203202218148e+01
1.396016599874487341e+01
1.393633793682563216e+01
1.391148212430035791e+01
1.389053157141978367e+01
1.387073610438423366e+01
1.384471587258592074e+01
1.382879756039825558e+01
1.380693700981989736e+01
1.378731706269396895e+01
1.376340285957492249e+01
1.374840612856615607e+01
1.373228600870875660e+01
1.371588046121397930e+01
1.370354384972048400e+01
1.369797470736732414e+01
1.367905117094545275e+01
1.366664038099965062e+01
1.366049254103710098e+01
1.364992212493934609e+01
1.364451735671067745e+01
1.363738268390045327e+01
1.363053979823159345e+01
1.363097543587304905e+01
1.362917638031924028e+01
1.363196482644277197e+01
1.363756308788539862e+01
1.364604967714411110e+01
1.365329544743176626e+01
1.366531414970127400e+01
1.367039210372567837e+01
1.368392008277949934e+01
1.370198592852578479e+01
1.373177869338853441e+01
1.375769835187205636e+01
1.378943490329013244e+01
1.382605651500503008e+01
1.386588022112590046e+01
1.390942865595918576e+01
1.395661228284647670e+01
1.400266171596928189e+01
1.406182729136586751e+01
1.413364765922935717e+01
1.420869738756204548e+01
1.429299258630219072e+01
1.439050420126387131e+01
1.449399804947355896e+01
1.460124704571394716e+01
1.473132702513925985e+01
1.487423405364161688e+01
1.503657047935276836e+01
1.521506490444789428e+01
1.541389677406115943e+01
1.563833224031863267e+01
1.589404134096141341e+01
1.618598541136686109e+01
1.650715724996374689e+01
1.686915282315447229e+01
1.726083968895701304e+01
1.767965109130468804e+01
1.812248489237280680e+01
1.857451577407070786e+01
1.901934712033414243e+01
1.944053739983348450e+01
1.980712389450816246e+01
2.007519602832207184e+01
2.021019277329675390e+01
2.020046212523406837e+01
2.000901322959228068e+01
1.961245201939516392e+01
1.898985887703129904e+01
1.816362900802380054e+01
1.713104469977639965e+01
1.589569598028737296e+01
1.453903073424901038e+01
1.308561343607073901e+01
1.157228415247723596e+01
1.005204213728607243e+01
8.567366016405198792e+00
7.170401944030717623e+00
5.889936463752062146e+00
4.733522117257243700e+00
3.736198814978255456e+00
