4.218700673788863043e+01
4.305631850287304019e+01
4.315115467508935154e+01
4.318454092555312940e+01
4.320678126023830146e+01
4.321762521426202142e+01
4.322279828785681133e+01
4.321561840363397522e+01
4.319539372547730238e+01
4.315698131124474912e+01
4.312136467156135211e+01
4.307163028089481571e+01
4.301550741368655650e+01
4.295758879154781340e+01
4.287554876210715094e+01
4.279365627324239085e+01
4.269569474041591661e+01
4.258367098763611125e+01
4.248305097951450904e+01
4.235495266742732667e+01
4.221935400235307156e+01
4.207063208494759010e+01
4.192136018884845328e+01
4.175210133217095887e+01
4.156975026238559678e+01
4.138435981294812649e+01
4.118349115893295931e+01
4.097692234274629897e+01
4.076436713499886366e+01
4.051494042932748130e+01
4.028070943646983437e+01
4.002228314254632835e+01
3.976161766958254873e+01
3.950930183158225617e+01
3.922584987541430479e+01
3.892908251828949062e+01
3.864264834389236825e+01
3.834123156626568374e+01
3.803283255642834604e+01
3.771492746334056534e+01
3.738499897970132935e+01
3.705031787770099072e+01
3.671320665246052783e+01
3.637651338672943524e+01
3.603116562564459713e+01
3.567613778354384380e+01
3.531964559935537551e+01
3.497002174882624814e+01
3.460177704826654121e+01
3.424532584671808166e+01
3.387965143124869627e+01
3.351583049185768459e+01
3.314356158737889047e+01
3.277456162653098914e+01
3.240218432704981666e+01
3.202846782333626408e+01
3.166602227044766593e+01
3.129963316839433674e+01
3.092905144464438294e+01
3.056331651630509327e+01
3.020766321513186270e+01
2.984026520018440465e+01
2.947255774948753881e+01
2.912603748869631204e+01
2.877216187855723462e+01
2.841203411630747055e+01
2.806285361746338225e+01
2.771609999309573524e+01
2.736583202282534444e+01
2.703094687930096640e+01
2.669615910895401711e+01
2.636660727439756613e+01
2.602969821386649585e+01
2.571147588063433176e+01
2.537695747876068353e+01
2.506220713806776601e+01
2.475450636270481652e+01
2.444258851175244374e+01
2.413428595898970386e+01
2.382993348234821340e+01
2.353215615965906693e+01
2.324378347184961058e+01
2.295775812348600908e+01
2.266961181679119619e+01
2.239314858448257439e+01
2.212034168926586375e+01
2.184291804960763272e+01
2.157405977820446452e+01
2.130952640099972584e+01
2.104896251710939126e+01
2.079385021168351244e+01
2.054238010035274442e+01
2.029516879910665494e+01
2.005084322317783219e+01
1.981427728982055214e+01
1.957768823921618662e+01
1.934861230820482447e+01
1.912696230907036821e+01
1.889853658350774523e+01
1.868082692974903836e+01
1.846218439029871305e+01
1.825096633958398940e+01
1.804213111107413781e+01
1.783240162517592964e+01
1.763069788795141335e+01
1.743417820517072059e+01
1.723513415627717649e+01
1.704114379324000339e+01
1.685799477139038416e+01
1.667037375224259677e+01
1.648675524052163865e+01
1.630739383269986931e+01
1.613729199063341113e+01
1.596179064448691598e+01
1.579525914835876144e+01
1.562476239588946925e+01
1.546600730116679934e+01
1.530138641170892555e+01
1.515151642820871203e+01
1.499208319628313824e+01
1.484915941969404685e+01
1.469865691141440500e+01
1.454577696136421849e+01
1.440844611799909991e+01
1.426501266652789113e+01
1.413423151353896934e+01
1.399547381369480270e+01
1.386841770341525404e+01
1.374479532843789542e+01
1.361627495378049346e+01
1.349684031549651131e+01
1.337878268301746765e+01
1.326400602421135133e+01
1.314976651441173239e+01
1.303851788008243240e+01
1.293007892390148861e+01
1.282473436533606481e+01
1.272006304776822816e+01
1.262759772162984184e+01
1.253025393857790171e+01
1.244316596574125633e+01
1.234843196486123063e+01
1.226548602754206563e+01
1.217708263953985437e+01
1.209444832912734036e+01
1.201554698858423009e+01
1.193873520978512559e+01
1.186071735393802307e+01
1.179156417717874739e+01
1.171542910019465644e+01
1.165032717246225680e+01
1.158681356180050948e+01
1.152261363497778035e+01
1.146685237297336357e+01
1.141188977795970416e+01
1.135689182673094955e+01
1.130665339951185189e+01
1.125210273187486720e+01
1.120763907652912117e+01
1.115917368105307794e+01
1.111660334201500611e+01
1.107186503077930517e+01
1.103428018699361068e+01
1.099448316173895002e+01
1.096026638845855672e+01
1.092932550101241951e+01
1.089840297809760550e+01
1.086915953299979698e+01
1.083724620701615393e+01
1.081632137821718409e+01
1.078730918977067077e+01
1.076568875049646934e+01
1.074686430489931155e+01
1.072855800138720817e+01
1.070898718280672135e+01
1.069196832222936422e+01
1.067568723560387234e+01
1.066090327993687659e+01
1.064338540785189835e+01
1.063925698017222743e+01
1.062691190560320287e+01
1.061948694957881045e+01
1.060715250033580581e+01
1.060363730572167640e+01
1.059961203152556664e+01
1.059123644274994547e+01
1.058604886424560831e+01
1.058242138329811866e+01
1.058014725598868466e+01
1.058117938316656392e+01
1.058215729108921543e+01
1.057849168160346842e+01
1.057570820510523646e+01
1.057909914970002063e+01
1.057946211742916454e+01
1.058200221457462398e+01
1.058087702769912930e+01
1.058564752463711756e+01
1.058649234953592533e+01
1.059257485960438672e+01
1.059823194019288728e+01
1.060821338131055924e+01
1.061362890816251969e+01
1.061723348453496563e+01
1.062280005483841272e+01
1.063143273073810491e+01
1.063376834671058013e+01
1.064296240209131561e+01
1.065391961496487028e+01
1.066005236049277727e+01
1.066827676032655958e+01
1.067483835087416644e+01
1.067870091263311139e+01
1.068428627417094035e+01
1.069049783581211521e+01
1.069808447504348159e+01
1.070663562907730260e+01
1.071402101900260817e+01
1.072151582465699349e+01
1.072670360797176059e+01
1.073023572860749653e+01
1.074420205527391303e+01
1.074918011009211050e+01
1.075809211378404306e+01
1.076548759466777838e+01
1.076814977518612615e+01
1.077832009775906918e+01
1.078263374083655179e+01
1.079156876792454511e+01
1.079693114789036024e+01
1.079897656470545897e+01
1.080317944527388008e+01
1.081517435421238460e+01
1.082336168418383693e+01
1.082756844242093308e+01
1.083168588818089262e+01
1.083517668859751915e+01
1.084045052118838726e+01
1.084476310280370370e+01
1.085594093967178253e+01
1.085767874844363057e+01
1.086505587005463447e+01
1.087777354248290784e+01
1.087922567928122142e+01
1.088659660958909470e+01
1.089095759409672581e+01
1.089863737121338083e+01
1.090852038646364797e+01
1.091393192742314966e+01
1.091921790916939905e+01
1.092515031930422431e+01
1.092986027610509403e+01
1.093873812114440369e+01
1.094307820778903029e+01
1.095296879116093081e+01
1.095977363485464728e+01
1.096023078924611482e+01
1.097176088886492984e+01
1.097460740421206360e+01
1.098547820035291700e+01
1.099276800909119522e+01
1.100188552565069422e+01
1.101198939866244153e+01
1.101888068491931172e+01
1.103161565826500379e+01
1.104097272576550992e+01
1.105191038891849864e+01
1.105995533231747530e+01
1.107120289521025747e+01
1.107914977158791814e+01
1.108686961440765550e+01
1.109623650972207543e+01
1.111665840458315913e+01
1.112957628054257597e+01
1.114458127490564365e+01
1.116200426296188652e+01
1.117933808052553601e+01
1.119552395578492821e+01
1.121878656038301258e+01
1.124179860047352442e+01
1.126108287589744528e+01
1.128603908888318053e+01
1.131059156833083001e+01
1.133632746020038340e+01
1.135907916135539786e+01
1.138389882408122666e+01
1.141790802279266082e+01
1.144763912840028119e+01
1.148057292647635563e+01
1.151773355334393933e+01
1.156115969725073178e+01
1.160705596393335881e+01
1.165455491265883126e+01
1.170614705268537392e+01
1.176129112480433037e+01
1.181529414680301038e+01
1.187361097245831587e+01
1.194254302409306945e+01
1.201226287208125498e+01
1.209822092756044043e+01
1.218367581657787824e+01
1.227508830084848412e+01
1.237264143458238763e+01
1.248320178283761450e+01
1.259893045486126795e+01
1.273771535743279770e+01
1.287976907011130301e+01
1.303986366091273297e+01
1.321137110142252524e+01
1.341104485737320928e+01
1.362944712124270019e+01
1.387848845754681193e+01
1.415773575901091874e+01
1.446221920296054897e+01
1.479696952491894635e+01
1.516392643878869073e+01
1.555789499389192265e+01
1.596846898665809888e+01
1.638634011902042431e+01
1.679682394580179050e+01
1.719596021355396331e+01
1.753876679566024066e+01
1.779302040175878830e+01
1.793182580664595704e+01
1.794655448008942145e+01
1.778831743216581529e+01
1.743670029916292563e+01
1.689514261461705047e+01
1.615898680541651089e+01
1.525788134300668375e+01
1.417820838004890227e+01
1.296366363386026777e+01
1.167023779695779240e+01
1.033052367222134471e+01
8.973581776509346852e+00
7.650965985077707643e+00
6.406262821560339660e+00
5.260491932250556779e+00
4.228183041971941947e+00
3.342250104579103098e+00
