3.304177845239644751e-01
4.565046675839167789e-01
5.392855735872075229e-01
6.019376047753950409e-01
6.523291248885970672e-01
6.916705546391719306e-01
7.265174505486166057e-01
7.545668032664188951e-01
7.814786507848691111e-01
8.053528002595704560e-01
8.274338725511420911e-01
8.463996646493193721e-01
8.640785694215250556e-01
8.849895286235537339e-01
9.012728133623556515e-01
9.200895497009630164e-01
9.374597490311424863e-01
9.524537149999815488e-01
9.692581241089748278e-01
9.870414279945682878e-01
1.005768489742203009e+00
1.023983589142941408e+00
1.045791030669388721e+00
1.063367770550444069e+00
1.087243920313823775e+00
1.108443637611026711e+00
1.133858687399014853e+00
1.159590136190369103e+00
1.185489742304778771e+00
1.217223244761284739e+00
1.248775511780197522e+00
1.279900337668123278e+00
1.316674732154934802e+00
1.352230064934002440e+00
1.396099897138047830e+00
1.440718868177856882e+00
1.489732510526198039e+00
1.542663476541471512e+00
1.600069218861026821e+00
1.657799959237332477e+00
1.721426737611167823e+00
1.790605374589921084e+00
1.862977517829750740e+00
1.940386121707629474e+00
2.025581508983922419e+00
2.113654172885461424e+00
2.207950632930554491e+00
2.308476246175180435e+00
2.414422488886470930e+00
2.529490375865665275e+00
2.650830358453393210e+00
2.776815980709972376e+00
2.908636221992842774e+00
3.052614922432483002e+00
3.197955411654326063e+00
3.354304189380454382e+00
3.511942781650885248e+00
3.683684713590006599e+00
3.858104679309153795e+00
4.043318988748162646e+00
4.228372192952076780e+00
4.425095377400808161e+00
4.629269456301493335e+00
4.836852143693235462e+00
5.051993272494287979e+00
5.266003208831319782e+00
5.490146253175563373e+00
5.724149213195472541e+00
5.956040905828374754e+00
6.185844295443560625e+00
6.427885975170046784e+00
6.673866784394807183e+00
6.919665419210440760e+00
7.170092291275957486e+00
7.419364117165692107e+00
7.675460248143998854e+00
7.927967187270839489e+00
8.181568210807256492e+00
8.438012938464273915e+00
8.689262252127987196e+00
8.942125213545658369e+00
9.188845449428486134e+00
9.442832819885136786e+00
9.691358950315269283e+00
9.935262106547545713e+00
1.018213500940880500e+01
1.041846538361676977e+01
1.065388847167134934e+01
1.088598163943539454e+01
1.111296238565825334e+01
1.133666065711031479e+01
1.155135238543626564e+01
1.176361280499245510e+01
1.197147421030586401e+01
1.217806972238036956e+01
1.237229321411411220e+01
1.256932891981097633e+01
1.275729066193115102e+01
1.294084198326454604e+01
1.311654888775518124e+01
1.328487167388816559e+01
1.344848624517898017e+01
1.361246695403740858e+01
1.375722563041155411e+01
1.390555428976987251e+01
1.403868649346040698e+01
1.417904434223518706e+01
1.430995987409551162e+01
1.443093452139094346e+01
1.455397035834696950e+01
1.466669029768304355e+01
1.477202167023006041e+01
1.487387068974621940e+01
1.497003616937995218e+01
1.506092785263247968e+01
1.514357997811656809e+01
1.523132143756426515e+01
1.530834170587199417e+01
1.537493164171911353e+01
1.544187310813557978e+01
1.550181733749598401e+01
1.556172520160435901e+01
1.561619618625174510e+01
1.567340077321748915e+01
1.571434882011360834e+01
1.575809938202512228e+01
1.578987356355987082e+01
1.582895979856403379e+01
1.586911967616512698e+01
1.589642552179089563e+01
1.592326978858888609e+01
1.594406467480395939e+01
1.596365525209872693e+01
1.598454700261263639e+01
1.599568105945490970e+01
1.600912486183000638e+01
1.602687458337138438e+01
1.604028287097541394e+01
1.604179121671100106e+01
1.604066030101078866e+01
1.604120575324530762e+01
1.604423909098174406e+01
1.604401192800701637e+01
1.603947811522589717e+01
1.603777335718668340e+01
1.603129269131472157e+01
1.602297021939791222e+01
1.601703539747669325e+01
1.601212159514670219e+01
1.600257722377146408e+01
1.598803864187189916e+01
1.597728168614930055e+01
1.597062263002863247e+01
1.596011844021692028e+01
1.594004480140760016e+01
1.592498137717972995e+01
1.590254717268722651e+01
1.589013551707401106e+01
1.587287711980186344e+01
1.585515441443352280e+01
1.583039120542877853e+01
1.581375040295796275e+01
1.579294663425468137e+01
1.577953094862122541e+01
1.575658388467178739e+01
1.574009051488182642e+01
1.571602377392899541e+01
1.569656484015680675e+01
1.567378901060111929e+01
1.565278112934142740e+01
1.563564378935893906e+01
1.560927235496338206e+01
1.558443183059941362e+01
1.555941884858491342e+01
1.553143954611785738e+01
1.551543066285422334e+01
1.549173328230190805e+01
1.546251819300802133e+01
1.544017837698980244e+01
1.541327051592801567e+01
1.539381709203917659e+01
1.536698264398513203e+01
1.534345611353170113e+01
1.531623458857034770e+01
1.529535611361640157e+01
1.527360308858336424e+01
1.524355113232946479e+01
1.522008179384514293e+01
1.518942162546968611e+01
1.516435800782721799e+01
1.513775485634945106e+01
1.510949674207431848e+01
1.507916882929843894e+01
1.505435142723485420e+01
1.502892366124514645e+01
1.499914354499568958e+01
1.497940171619550043e+01
1.495422926261923635e+01
1.492793896624949568e+01
1.489851789914285085e+01
1.487100146323246541e+01
1.484674310127305041e+01
1.481620842448540110e+01
1.479215017007861732e+01
1.476225322665241713e+01
1.473586126826734244e+01
1.471142275420546319e+01
1.467946098576775782e+01
1.465120274204095985e+01
1.462342023686400516e+01
1.459528681342712098e+01
1.457244381940958711e+01
1.454312279456351398e+01
1.452134764176160253e+01
1.449411226071314829e+01
1.446388383800445609e+01
1.443550481501798011e+01
1.440075982210010253e+01
1.437539900768123857e+01
1.434340980075526595e+01
1.431799011019226242e+01
1.428812426843714434e+01
1.426154014276365167e+01
1.424013922644514629e+01
1.421607692475975782e+01
1.418810079696686977e+01
1.416207242345302753e+01
1.412870152836763182e+01
1.410392217114035951e+01
1.407234365196950598e+01
1.404732801572440870e+01
1.402466963818081247e+01
1.399544219743412299e+01
1.396904514687428289e+01
1.394130986097233738e+01
1.391815753137711553e+01
1.388496645356724990e+01
1.386057453675096873e+01
1.383631827270600034e+01
1.380666991898042539e+01
1.378547589845418386e+01
1.375957806599186384e+01
1.373299840854135923e+01
1.370514916633834268e+01
1.368011443142853523e+01
1.365935803018263250e+01
1.362931084836632323e+01
1.360921962060151991e+01
1.357874751847414707e+01
1.355799036389728407e+01
1.352718821314778275e+01
1.350574955985450032e+01
1.348364617683496114e+01
1.346127341756352358e+01
1.343953585228562453e+01
1.342052855850497650e+01
1.339740563965698783e+01
1.337711736498681248e+01
1.336024379404399021e+01
1.334165536529079255e+01
1.332215474416105039e+01
1.330607022782593596e+01
1.328745881165670717e+01
1.327459106524026389e+01
1.325604867934704778e+01
1.324218525124266144e+01
1.322712771249515917e+01
1.321502597207661545e+01
1.320267617647772518e+01
1.319715419473701701e+01
1.318197113913084806e+01
1.317492439128193382e+01
1.316275351339916000e+01
1.315532975776469549e+01
1.314728727531460173e+01
1.314213293436922037e+01
1.314223294832184408e+01
1.314051742851981253e+01
1.313479139552811858e+01
1.314380066871237496e+01
1.314656850891045003e+01
1.314850668137587064e+01
1.315343108001028227e+01
1.316022383352414238e+01
1.317345757880167589e+01
1.319143405772834221e+01
1.320677654323466044e+01
1.321955951958885223e+01
1.324412925411165887e+01
1.326211916109595990e+01
1.329228238103513782e+01
1.331589208180033523e+01
1.334713484417319762e+01
1.338311654559275077e+01
1.342592444045779665e+01
1.346841431329643335e+01
1.352423629466808208e+01
1.358259520125348452e+01
1.364240177680900068e+01
1.371530020827447238e+01
1.378985027356531567e+01
1.387284826478223820e+01
1.396593463926578949e+01
1.406696345299847017e+01
1.417952482450794527e+01
1.430747808355057593e+01
1.444696565645705810e+01
1.461004511351439383e+01
1.479082573683597168e+01
1.499526284916111152e+01
1.521396158887117345e+01
1.547441501656924956e+01
1.575866062355040320e+01
1.607833459347840943e+01
1.641609535880500914e+01
1.680142891804326055e+01
1.722542293182809914e+01
1.766872420134469479e+01
1.811235406159045525e+01
1.855145129559923234e+01
1.896347463732796257e+01
1.931461899176513697e+01
1.957768014176058813e+01
1.972314404092147910e+01
1.971150859541284461e+01
1.952432225905461394e+01
1.913463043634971683e+01
1.853563436044126789e+01
1.773131338963263204e+01
1.672526150023046299e+01
1.552889839862436716e+01
1.419441301588964066e+01
1.276774358380539809e+01
1.129933495606405991e+01
9.803081344864635227e+00
8.361548404494039133e+00
7.000531551375763328e+00
5.747184515031436902e+00
4.634482596162691870e+00
3.665872557384171948e+00
