5.784415882143893739e-02
1.001718897272064895e-01
1.460761253207148169e-01
1.882137895901935809e-01
2.234512531798549251e-01
2.528932618227466289e-01
2.770733027358238121e-01
2.972374626386550256e-01
3.170567132685675471e-01
3.325710482934079448e-01
3.471816549582393829e-01
3.604775748092368115e-01
3.712212914165072264e-01
3.815748677799039035e-01
3.910264356564461252e-01
4.012894982907804220e-01
4.103306860727854444e-01
4.195248877989598002e-01
4.267190827097958605e-01
4.322484837224929155e-01
4.410585836388654646e-01
4.467528116993173537e-01
4.525883721052002540e-01
4.592087637110380816e-01
4.655804512020851327e-01
4.706729082131563824e-01
4.772512014296672045e-01
4.820932998068044317e-01
4.872033858571185316e-01
4.926272583473489397e-01
4.967690713504071542e-01
5.016402436339060245e-01
5.059654738151784237e-01
5.115765831441743128e-01
5.147967946726866861e-01
5.198519174938722731e-01
5.240460126107753247e-01
5.279919589409030056e-01
5.325987866856063402e-01
5.380910805314469414e-01
5.410728019029320546e-01
5.457423201382601841e-01
5.493041803720024596e-01
5.531736156158131301e-01
5.587283904409418023e-01
5.612889113282559794e-01
5.667034886976307639e-01
5.707454312683543085e-01
5.741427189321721691e-01
5.794266607229048294e-01
5.831867690706478147e-01
5.894073033280636809e-01
5.958452225096890764e-01
6.015519196098080279e-01
6.076413694885082206e-01
6.137769137467544711e-01
6.180548632611755355e-01
6.258456157815391885e-01
6.333195729549836450e-01
6.416805079761616071e-01
6.492505889115716133e-01
6.591412814462398462e-01
6.700176545895740743e-01
6.803822719962405730e-01
6.914880610627764934e-01
7.054335961144870826e-01
7.208773692917823661e-01
7.363533332883772653e-01
7.541089512562126895e-01
7.706236236608888790e-01
7.921641965032000243e-01
8.137391079526494764e-01
8.385346821515051730e-01
8.649381322151736828e-01
8.940821872559543415e-01
9.274453351084190889e-01
9.613090191282782637e-01
9.973904140841974852e-01
1.033712190588134350e+00
1.080367694988928262e+00
1.124336084839192340e+00
1.171732827315608461e+00
1.223154549788688650e+00
1.280080111949762456e+00
1.337860035393689140e+00
1.399331200477941239e+00
1.465682123103535961e+00
1.534572165320433390e+00
1.608108674148440720e+00
1.683865620466914237e+00
1.764593192602102789e+00
1.846466237735445270e+00
1.932440122902127078e+00
2.027582577891815063e+00
2.120596007053343612e+00
2.218624508809288187e+00
2.317653372887816587e+00
2.422454620486175880e+00
2.527351687270976033e+00
2.639383848318777481e+00
2.752795634724316987e+00
2.865557538696789308e+00
2.982383705795028206e+00
3.104594141457921896e+00
3.225985131877000534e+00
3.354588594062081430e+00
3.478434655939301567e+00
3.606062417269044307e+00
3.735286130879536870e+00
3.867385029058404644e+00
3.997127643838290556e+00
4.130950790633981740e+00
4.265804104588685419e+00
4.398772488026700067e+00
4.533862930371527433e+00
4.672727624639691157e+00
4.809168457131358210e+00
4.943414647032198239e+00
5.080990321688680922e+00
5.211728589028735925e+00
5.343931373556486619e+00
5.478320625565489266e+00
5.608765794696312312e+00
5.741089917464313075e+00
5.873393569272373327e+00
5.997703409307219680e+00
6.127391328339214738e+00
6.249980383516891891e+00
6.376635593738161134e+00
6.500744899450726422e+00
6.619469273105377916e+00
6.735857447989919145e+00
6.850780910198334794e+00
6.971348766559271048e+00
7.086590870446735302e+00
7.201376758312497017e+00
7.307895636611890566e+00
7.415326055890707480e+00
7.524344952212088877e+00
7.623957817821195526e+00
7.723814814955952457e+00
7.820559131767876870e+00
7.918693442184390641e+00
8.011262887030362378e+00
8.101139204818588624e+00
8.186732937700732293e+00
8.275810135370958776e+00
8.359053628787053825e+00
8.439789727769802852e+00
8.516294721904955622e+00
8.595744468948323558e+00
8.671657451899928759e+00
8.745835563443941751e+00
8.816905770777731632e+00
8.884588046442139841e+00
8.950184386724078678e+00
9.018160951441524631e+00
9.078096261603608497e+00
9.137661736573805982e+00
9.197109760960609393e+00
9.254181029073246023e+00
9.307197333011789198e+00
9.358401928710915030e+00
9.414486602675937732e+00
9.453406915083116147e+00
9.500629356176384377e+00
9.546589099481034069e+00
9.589611256281020957e+00
9.632047509826172416e+00
9.667068697368954133e+00
9.706395024443095210e+00
9.745911415049022253e+00
9.780889148456269666e+00
9.813916636782018088e+00
9.845442433031793783e+00
9.874019456730275479e+00
9.904386466500548991e+00
9.932527711963551553e+00
9.958450243614446862e+00
9.976103965752873393e+00
1.000759685766434792e+01
1.002836122523420315e+01
1.005146300139079329e+01
1.007319489339261764e+01
1.009243863015260345e+01
1.010922768180168418e+01
1.012826945538720125e+01
1.014119964207985269e+01
1.015915458716344233e+01
1.017208665848674620e+01
1.018971895048034426e+01
1.019859607304391247e+01
1.021379843010621258e+01
1.022391750980393432e+01
1.023468104030381198e+01
1.024368941015142731e+01
1.025422929311426046e+01
1.026552608647747356e+01
1.027722442601231911e+01
1.028546527876569172e+01
1.028908431109203114e+01
1.029803160798424422e+01
1.030467864990311888e+01
1.030978625412830496e+01
1.031235317289433340e+01
1.032388929151095169e+01
1.032217757131569336e+01
1.033269648674933094e+01
1.033416500187856713e+01
1.033896213894995775e+01
1.034405040967843981e+01
1.035003961941694861e+01
1.034926514787142082e+01
1.035308644514889664e+01
1.036154683496422280e+01
1.036386626116625820e+01
1.036351942349880595e+01
1.036194042696911133e+01
1.036472357752085216e+01
1.036408678702074937e+01
1.036090021429691532e+01
1.036094519417103932e+01
1.036570185381698295e+01
1.036697310572168362e+01
1.036585023957903751e+01
1.036758724353958172e+01
1.036565730612526259e+01
1.036912396117114277e+01
1.037308531424274349e+01
1.036372621513917558e+01
1.036903185011346018e+01
1.036920336868432457e+01
1.036622847338824727e+01
1.036974075592599576e+01
1.036880192256284694e+01
1.036412577303466165e+01
1.036944595330831653e+01
1.037426884594355769e+01
1.037123151538628463e+01
1.037041138549541763e+01
1.037388468199319469e+01
1.036952890012157091e+01
1.037266167408774820e+01
1.036816985493718413e+01
1.036911330838954193e+01
1.036960433390541603e+01
1.036802832117424522e+01
1.036660920717971379e+01
1.036803491285289347e+01
1.037271937327859206e+01
1.037572439718286255e+01
1.038244997101724110e+01
1.038301071695856770e+01
1.038200916204478474e+01
1.038644687657338217e+01
1.039100276934285105e+01
1.039410206879817977e+01
1.039753573890176952e+01
1.039966006135114895e+01
1.040545240899228219e+01
1.041010151862517930e+01
1.041560196496999957e+01
1.042161708425132538e+01
1.042875100546652334e+01
1.043883125349759666e+01
1.044727225339660848e+01
1.045437133452843526e+01
1.046620918923055754e+01
1.047690877377486807e+01
1.048619402436804648e+01
1.049256598493126802e+01
1.050449576777528371e+01
1.051572870806182891e+01
1.052536575568050203e+01
1.054112613514913654e+01
1.055574565159604283e+01
1.057299913862644480e+01
1.058829525641669811e+01
1.060597975032898965e+01
1.062275912607798567e+01
1.064686925992762845e+01
1.066876666053883227e+01
1.069254349823972561e+01
1.071694074336901714e+01
1.074044819106054938e+01
1.076736290252150852e+01
1.079822028760754193e+01
1.083284373019577451e+01
1.086736326509758577e+01
1.089931217202711444e+01
1.093786068576729953e+01
1.098372722547598279e+01
1.102708401808940941e+01
1.107338192906291496e+01
1.112572121816775450e+01
1.118126856998149421e+01
1.124286765822318479e+01
1.131795994589317900e+01
1.138505226664756620e+01
1.146141376569296000e+01
1.154374679728427999e+01
1.163124477851871497e+01
1.172957426448661700e+01
1.183430253307464319e+01
1.195316459087280769e+01
1.207566432409424451e+01
1.221894590287960192e+01
1.237129319278536421e+01
1.254523225190555813e+01
1.273269063150294222e+01
1.294215983336805387e+01
1.318469924699832063e+01
1.344955273517996908e+01
1.374289442259952310e+01
1.406870984072879693e+01
1.442173789822662755e+01
1.479448524904316642e+01
1.519156379124578748e+01
1.559901828647835664e+01
1.599625748021523819e+01
1.637570225680558167e+01
1.669981899805408787e+01
1.694562148164376580e+01
1.708251910258114492e+01
1.709525928146637241e+01
1.694165649222603065e+01
1.662590797055925051e+01
1.612016971429565260e+01
1.542371940392921736e+01
1.454548094409882886e+01
1.352795632286321315e+01
1.236681634322143353e+01
1.110732584087304886e+01
9.826880736280259043e+00
8.545606856511041016e+00
7.292639462577440668e+00
6.106681388775940356e+00
5.015620129402660332e+00
4.046945770446422230e+00
3.197236877346528505e+00
