3.431583830484189690e+01
3.482237792750175487e+01
3.495662594855400584e+01
3.506589708531259930e+01
3.516938553058793104e+01
3.525916948847521581e+01
3.533839610430283784e+01
3.541739044010413551e+01
3.548899018683576401e+01
3.554242614071651474e+01
3.559525597586357293e+01
3.564126000588406384e+01
3.567287399756273913e+01
3.570142503079891583e+01
3.571585549868417786e+01
3.573216253107126050e+01
3.573575632515674982e+01
3.572409690264046134e+01
3.569812327917462369e+01
3.566853200726577455e+01
3.562372092924461242e+01
3.557397537385654118e+01
3.550786758067383886e+01
3.543722639733531565e+01
3.534791711889121046e+01
3.525681214047985179e+01
3.515083742612461037e+01
3.503207681610830093e+01
3.489801589031718976e+01
3.475952151596139572e+01
3.460514180653539995e+01
3.443908111058306787e+01
3.426600270543597304e+01
3.408422583153407004e+01
3.389067323612442095e+01
3.368709313322197829e+01
3.347228630211903777e+01
3.324941384449837045e+01
3.302675458893790505e+01
3.278692240732575414e+01
3.255037336598939390e+01
3.230574939365307330e+01
3.205286878737258149e+01
3.180181648211230439e+01
3.153141833097875235e+01
3.126246373204254780e+01
3.098815736510861996e+01
3.071913569994673310e+01
3.043899295274809447e+01
3.016988655178590406e+01
2.989082173946376386e+01
2.961360028936044486e+01
2.932449779758261244e+01
2.905312156789687705e+01
2.877640965256308903e+01
2.849880994788611588e+01
2.822467054159446320e+01
2.794950034024055796e+01
2.767798965358822016e+01
2.740548473023369880e+01
2.713288631694747366e+01
2.687473350776492609e+01
2.661005826666185214e+01
2.635815546411654253e+01
2.611296142070715831e+01
2.586546884495983889e+01
2.563351472967593025e+01
2.540091469505718891e+01
2.517775488949778762e+01
2.494855877741186490e+01
2.473365639280875783e+01
2.452139620108710361e+01
2.432273734381890407e+01
2.412907971600953871e+01
2.393461599245103955e+01
2.375717732361630041e+01
2.358537743930017072e+01
2.342140843201843481e+01
2.325955114734383855e+01
2.311964955112551579e+01
2.298569415650054282e+01
2.285471622104569889e+01
2.273372122027822329e+01
2.262453414541114327e+01
2.252976030110989214e+01
2.243632599949498285e+01
2.236958784892026131e+01
2.231147682549748268e+01
2.227111133458826586e+01
2.223986597305470525e+01
2.222078745247852893e+01
2.222679060085047453e+01
2.224962327208877610e+01
2.229342392624467095e+01
2.236434398002885260e+01
2.246673554199087519e+01
2.259202263779294384e+01
2.274600544113047818e+01
2.293372278732874392e+01
2.316154987757187200e+01
2.343330427418363726e+01
2.376926668295877576e+01
2.416323727987185421e+01
2.465567208222647722e+01
2.526705890784205266e+01
2.604332938968639510e+01
2.702949151023286589e+01
2.834333317310551337e+01
3.008894575908493252e+01
3.236223997252784557e+01
3.505539643320857834e+01
3.763939407988178232e+01
3.909498252594011802e+01
3.815296447488847775e+01
3.409345547330865855e+01
2.731603205961100400e+01
1.931698619877468559e+01
1.191876008045359470e+01
6.367768826105495883e+00
2.938650826002686678e+00
1.170263501832109032e+00
4.006549314088199143e-01
1.176749278085160028e-01
3.081213537504741418e-02
7.640466295205966714e-03
2.509001251834927764e-03
1.451121084661935977e-03
1.186767411775221156e-03
1.153561696097906092e-03
1.105668325454742121e-03
1.023241123225458954e-03
1.053272002633261510e-03
9.786065574463429124e-04
1.007066732234991645e-03
9.008216437759461806e-04
8.953800513071049228e-04
7.974097862868022779e-04
7.643137364888296379e-04
8.172973760183939711e-04
8.237635979690022562e-04
7.597826566417385666e-04
6.786779782879892803e-04
6.776174383653155511e-04
7.245050280445070002e-04
6.225506732320382946e-04
5.580279933574288677e-04
5.823593197571484519e-04
6.017301384709165639e-04
5.201591191156291084e-04
4.823883172907365889e-04
