3.432508690840218435e+01
3.483716271338999348e+01
3.498082213164390453e+01
3.510312234446539748e+01
3.521795269482186796e+01
3.531577361546381866e+01
3.540193571098594560e+01
3.548713923569189177e+01
3.556217179240228177e+01
3.562071348304159812e+01
3.567653661604420279e+01
3.572544634588543033e+01
3.576018393830148767e+01
3.579212090230657850e+01
3.581034216833187855e+01
3.583007877636944016e+01
3.583710209359858112e+01
3.583036394035744365e+01
3.580905437812289449e+01
3.578291720890503314e+01
3.574338822055544540e+01
3.569892262774060754e+01
3.563715869825679050e+01
3.557026141806256447e+01
3.548550971463087222e+01
3.539789798245729457e+01
3.529676648991384980e+01
3.518342726010261856e+01
3.505324676887499891e+01
3.491876392882880964e+01
3.476828980952139858e+01
3.460685701646239920e+01
3.443814220880870636e+01
3.426008167446730113e+01
3.407045815919378384e+01
3.387104769849266717e+01
3.365931602004268086e+01
3.344077790407279593e+01
3.322313990482198420e+01
3.298574367151870490e+01
3.275399617493525994e+01
3.251353125971996150e+01
3.226185723350651102e+01
3.201497884751987755e+01
3.174954463835956986e+01
3.148473114340882262e+01
3.121403548355342750e+01
3.094935864237713474e+01
3.067167634188080427e+01
3.040683413421630732e+01
3.013218946057081737e+01
2.985940527972570990e+01
2.957508029767923929e+01
2.930711510749496540e+01
2.903451195748674962e+01
2.876311084529984896e+01
2.849362821484204034e+01
2.822499373162953873e+01
2.795959456729537962e+01
2.769204427251029088e+01
2.742784601329547201e+01
2.717449243758085231e+01
2.691973942538877651e+01
2.667474397484299331e+01
2.643966403483020144e+01
2.620208953240486949e+01
2.598063226870498710e+01
2.576056634128275746e+01
2.554973163981381745e+01
2.533681792600918214e+01
2.513707417916529252e+01
2.494343681521329970e+01
2.476705768609036440e+01
2.459619521646107643e+01
2.442745088408069876e+01
2.427673338560523320e+01
2.413530012016503434e+01
2.400860014502990936e+01
2.388758733731120643e+01
2.378904842206372550e+01
2.370495855112202932e+01
2.362590086446341786e+01
2.356364357014578204e+01
2.351737246485207677e+01
2.349353364244984377e+01
2.347639836255037693e+01
2.349279356598649215e+01
2.352410810952913067e+01
2.358489154635200080e+01
2.366272231326034969e+01
2.375766534482922054e+01
2.389191287222550386e+01
2.405310729497377409e+01
2.424623543934642456e+01
2.447996290294182486e+01
2.475668734450229636e+01
2.506994288249479297e+01
2.542819300028051543e+01
2.583313485412850241e+01
2.629351648063290980e+01
2.682474265466154861e+01
2.744001334465385611e+01
2.814987194193355080e+01
2.898669603986609999e+01
2.999260101936940259e+01
3.121520278688603156e+01
3.271555063042738709e+01
3.465214221646066051e+01
3.717991520072955325e+01
4.042036681025432188e+01
4.425481087660674007e+01
4.801857432871236853e+01
5.031746035203121181e+01
4.948564811911288785e+01
4.451284108269219786e+01
3.585052537333616129e+01
2.545794520048219667e+01
1.576754581869704630e+01
8.456279386056243297e+00
3.911675224631665948e+00
1.562363534966158873e+00
5.352127613177551924e-01
1.570571732016156907e-01
4.083448261212582059e-02
9.585284288704101763e-03
2.864717138382255005e-03
1.552681816625120590e-03
1.278286432181800986e-03
1.224049732110629556e-03
1.155951129563685415e-03
9.441373647371236995e-04
1.029828891934261251e-03
1.063331471594905963e-03
1.038914757297859561e-03
9.173019871538384135e-04
7.871420977198412315e-04
7.618973397405447113e-04
7.910873148757087284e-04
7.184726345936403875e-04
8.414271537476783859e-04
7.484147914054726028e-04
7.055456802383406126e-04
6.785868604173684411e-04
6.321373394792853496e-04
6.097435681902289633e-04
6.452676809874261041e-04
6.196780036407260927e-04
6.273637329580560420e-04
5.591219533431764175e-04
5.363540627346914192e-04
