2.070359804702682702e-02
3.339361158123768658e-02
5.360959407174088753e-02
7.503200695413486665e-02
9.584914833886956642e-02
1.146392063372199815e-01
1.307465665894341211e-01
1.459701091266596418e-01
1.593050528145381062e-01
1.709387025363773294e-01
1.820429035154406405e-01
1.933592495248558918e-01
2.032667736989038076e-01
2.131746638180400943e-01
2.232822205390647963e-01
2.339562582983768235e-01
2.437809546120341397e-01
2.534884058043360699e-01
2.643889408706882049e-01
2.738370158709426128e-01
2.840943058942254629e-01
2.941494063483496291e-01
3.038422775575257417e-01
3.133695049919972275e-01
3.232881674902460811e-01
3.323042933003704236e-01
3.432781136803048638e-01
3.515993472996739588e-01
3.606120110750878904e-01
3.696859822387060790e-01
3.801826537897499136e-01
3.912523473131169216e-01
4.004892753745123990e-01
4.108650626284410801e-01
4.202355193522023247e-01
4.290335855594086811e-01
4.399749649334218637e-01
4.487432461891437407e-01
4.591756961781038870e-01
4.686780425547946716e-01
4.793879682122041963e-01
4.890008371932079156e-01
4.993004392815334480e-01
5.102823467647477074e-01
5.220781062963874009e-01
5.329377231399076154e-01
5.425007277175288856e-01
5.539440663083921024e-01
5.685605502478351392e-01
5.799692171385372186e-01
5.932088476798961230e-01
6.082720135595677258e-01
6.207651631558498417e-01
6.383786123285903891e-01
6.536810675575569496e-01
6.721133381135341311e-01
6.923834647572029155e-01
7.108766251071498843e-01
7.333724851411470569e-01
7.572566404870147982e-01
7.847317544540360901e-01
8.127714418331510871e-01
8.431713995870846468e-01
8.780465198687720241e-01
9.151447508944935416e-01
9.566623549027677420e-01
1.001849053779202636e+00
1.051142213052769003e+00
1.104364902526227210e+00
1.162727979385424382e+00
1.225576218241772875e+00
1.298146416815778137e+00
1.374518544757558969e+00
1.457168434436791893e+00
1.550472838633815797e+00
1.648406078290832522e+00
1.751804601317806132e+00
1.866309120910818020e+00
1.990047744882918801e+00
2.124809403817958131e+00
2.267123525856640676e+00
2.420263806894295655e+00
2.580515094691365086e+00
2.752258261784988669e+00
2.935641842802585888e+00
3.131738480146261328e+00
3.339201603615089553e+00
3.560543883789668129e+00
3.795053296646417440e+00
4.037900697718843190e+00
4.298836432912082728e+00
4.571854566594192093e+00
4.861398704884388522e+00
5.165753673051292516e+00
5.496677647810017220e+00
5.843379627980367808e+00
6.206442503866379745e+00
6.595725561333492415e+00
7.007738059918831475e+00
7.441327072531457532e+00
7.910154709646596949e+00
8.426615474005359374e+00
8.984277359787958162e+00
9.599720422272865150e+00
1.029439871859221078e+01
1.109734274929817843e+01
1.204078864603098076e+01
1.316952952779249308e+01
1.457744425492131946e+01
1.631966546572179766e+01
1.832574839463865501e+01
2.030071707673329939e+01
2.164012550389244183e+01
2.154143237125537880e+01
1.955315779104102347e+01
1.585896468466901332e+01
1.131238942746525389e+01
7.035227169578083029e+00
3.793110541460299245e+00
1.759518994318977070e+00
7.029237481622584438e-01
2.423799220299736323e-01
7.302148555263447693e-02
1.928223458240218083e-02
4.927305552159299065e-03
1.715310668006140909e-03
9.618651980168937965e-04
7.989753970911681611e-04
8.640654784392642418e-04
7.617187752249493255e-04
7.137646677086027965e-04
6.617810610919053638e-04
7.034807235329602502e-04
5.966454395682117221e-04
5.347414141450275524e-04
6.106330729494196911e-04
5.792553557795050148e-04
5.110629915579106017e-04
5.261810945514529530e-04
5.227991542023837247e-04
5.372602773783944664e-04
5.027058601060252398e-04
5.038151174418702615e-04
4.806950648827533088e-04
3.853968430720516045e-04
5.046770744128872355e-04
3.537185766391163296e-04
3.929949032642439171e-04
3.747195751223880559e-04
3.766768996814823592e-04
