1.925713437152144214e-01
2.410289428078714880e-01
2.891046136427582458e-01
3.307483864905070847e-01
3.681727842018277519e-01
4.019789913452472274e-01
4.335708040699361998e-01
4.641581749929671874e-01
4.927910863256787510e-01
5.169555581581877224e-01
5.443899462969936653e-01
5.675640835267046214e-01
5.948629670118754653e-01
6.180707089508717944e-01
6.424054387619856366e-01
6.664780751212420196e-01
6.908677327952126301e-01
7.145997166864517247e-01
7.396543755319715530e-01
7.652864166072855800e-01
7.925312199072315211e-01
8.190470013617694445e-01
8.457016313539710284e-01
8.774967321964596279e-01
9.078996099027653033e-01
9.396451191120603896e-01
9.761036715533681907e-01
1.011230720990826448e+00
1.049702388458919833e+00
1.090216079737065025e+00
1.137394869177746459e+00
1.182776323700856169e+00
1.232992733705989163e+00
1.288377714944828556e+00
1.347037552808909133e+00
1.409352361636334150e+00
1.477680478994758406e+00
1.554225879355122020e+00
1.630553017538280303e+00
1.715975894215854725e+00
1.809673284825909834e+00
1.911074527907604459e+00
2.017526781789217516e+00
2.132019464802983322e+00
2.255064253777481653e+00
2.386605548222971329e+00
2.527255701787400888e+00
2.683094032747902702e+00
2.846322411433429345e+00
3.018101561955018219e+00
3.200714754291664299e+00
3.393697562111868127e+00
3.602262697231984223e+00
3.816051660815266366e+00
4.043919183602843859e+00
4.283859826205445032e+00
4.534945071631404367e+00
4.796105037713143560e+00
5.071379129712603628e+00
5.352920189899549541e+00
5.651248426005935244e+00
5.959529524366246278e+00
6.276233686455019445e+00
6.601804727720360866e+00
6.939228655681001889e+00
7.282074245339000385e+00
7.635190735114543159e+00
7.995132631768854026e+00
8.366061541133083423e+00
8.748031493259462721e+00
9.128790642279655643e+00
9.521112017964373564e+00
9.916378373912181132e+00
1.031168228709791812e+01
1.071720970982983445e+01
1.113036591429240119e+01
1.154859876007970776e+01
1.196068121322815436e+01
1.238192968393301641e+01
1.280614637695922653e+01
1.323301480575300637e+01
1.366448029235864503e+01
1.410232829499049423e+01
1.454466899525474233e+01
1.498717899438643286e+01
1.543405131774709105e+01
1.589001413795891970e+01
1.634801341428690336e+01
1.682018071809813264e+01
1.729196532819269905e+01
1.777741967529390976e+01
1.828247347998636485e+01
1.879232779729548142e+01
1.932451053309826605e+01
1.987400975466414721e+01
2.044631295860539666e+01
2.105177288722988393e+01
2.168057099632964935e+01
2.233661951628230824e+01
2.303490989733030148e+01
2.378717076694868737e+01
2.460405180414536019e+01
2.549901041876139374e+01
2.651105631041693655e+01
2.766477946055392678e+01
2.901080684917874208e+01
3.063393403806759707e+01
3.265409501965711314e+01
3.525041042980189587e+01
3.849584626368250895e+01
4.229430817794299458e+01
4.603088675275429864e+01
4.835546208467754070e+01
4.766547197697438065e+01
4.292203932404282085e+01
3.461681905155128192e+01
2.458961909345557473e+01
1.523595354210761244e+01
8.179798949822563614e+00
3.791523249779575444e+00
1.514801358045305024e+00
5.187473758071503571e-01
1.537805037586978119e-01
3.928642412057977568e-02
9.452079754730630806e-03
2.683549567978757693e-03
1.457470411997250541e-03
1.236280807228228680e-03
1.200733264738020403e-03
1.146585192115550777e-03
1.102112762945803032e-03
1.082712034957589338e-03
1.032485021019051170e-03
1.017618127655784679e-03
8.205194335927897334e-04
9.036122218238130423e-04
9.057633081415851321e-04
7.641337507470582265e-04
8.343075350116562405e-04
7.273458143494371773e-04
7.531586656335477123e-04
7.669389682362768483e-04
7.592688659526252619e-04
6.572702861162536825e-04
7.018307188022794921e-04
6.067156738126986380e-04
5.692131263274885630e-04
6.050086956579072339e-04
6.105096905141513567e-04
5.315031527477448014e-04
