1.519319664163119114e+03
8.221519958939517210e+02
6.456767629692374157e+02
5.524823336266047136e+02
4.955781336704550881e+02
4.507371683884780396e+02
4.175690220365210621e+02
3.895980844391503979e+02
3.638887903536538602e+02
3.431470741271421616e+02
3.244875186294633522e+02
3.021538475123572312e+02
2.866151849245877656e+02
2.676134008654011041e+02
2.463198532529195290e+02
2.284529095869201569e+02
2.092504325373367067e+02
1.886385783903486697e+02
1.684278160981699273e+02
1.492407462104772264e+02
1.300156182288837101e+02
1.109818893061558924e+02
9.413060692509104399e+01
7.851179117223274773e+01
6.477583996901074670e+01
5.290167447350071939e+01
4.289696013052262913e+01
3.471243761130336480e+01
2.800195382013934520e+01
2.258198879758145594e+01
1.825396374226337315e+01
1.483761758884715043e+01
1.211567093975854981e+01
9.962681799513839920e+00
8.264321712064251813e+00
6.907078691132896076e+00
5.825362760794605244e+00
4.950823254055474187e+00
4.250454439638443382e+00
3.681644966255989360e+00
3.219569786756090846e+00
2.842534770572502367e+00
2.529913574896932804e+00
2.272675485814708018e+00
2.060089527958397504e+00
1.883597641193045069e+00
1.735561108049143542e+00
1.612449077362016592e+00
1.509959683319628265e+00
1.424983599097511489e+00
1.353303441615269165e+00
1.294007529632624776e+00
1.243271856797505848e+00
1.203748337221303588e+00
1.170155844431249870e+00
1.144178463206390717e+00
1.122214083517336203e+00
1.105572270075201091e+00
1.092504687030359634e+00
1.081521555627232845e+00
1.074021411722465569e+00
1.069228007086425736e+00
1.066049112227244855e+00
1.065312846700824823e+00
1.066172920370696220e+00
1.067792554972062158e+00
1.070541850105113824e+00
1.074217850070963376e+00
1.077277039252334756e+00
1.080037111000921923e+00
1.083642239258719053e+00
1.087187745944350858e+00
1.090994968617761129e+00
1.095177372093832258e+00
1.099088462405865441e+00
1.102806008690032424e+00
1.106134503244606604e+00
1.110067460292052388e+00
1.112495638027103384e+00
1.114297790975108615e+00
1.118224718367234027e+00
1.119880603417727105e+00
1.122210635005390200e+00
1.123132312308497971e+00
1.123826709251408262e+00
1.124917992273015255e+00
1.125210688135727777e+00
1.125761604163220353e+00
1.126048272421368512e+00
1.126031686320472458e+00
1.125761189304767873e+00
1.124982358687550255e+00
1.124425719300749194e+00
1.123911400463495580e+00
1.121940837979984229e+00
1.120183584329638160e+00
1.119074691177147862e+00
1.117734300147691817e+00
1.116459203982179460e+00
1.114659867241722724e+00
1.112665858768314697e+00
1.110817305560742652e+00
1.109155632654296397e+00
1.107635887306844591e+00
1.105980603291797593e+00
1.103557098116148216e+00
1.101272825682462653e+00
1.099442353371935743e+00
1.097080549986070297e+00
1.094489832095881576e+00
1.092632309108990007e+00
1.092004173954239654e+00
1.090491259632396570e+00
1.089719817346961772e+00
1.089365533631778460e+00
1.087431140083237269e+00
1.086880188948806891e+00
1.083314829822328518e+00
1.088684834657957845e+00
1.093774705112242396e+00
1.096097625113506835e+00
1.099989014290507550e+00
1.077807003998644708e+00
1.074323300380164437e+00
1.125616132851766427e+00
1.009677627864271843e+00
7.882328436878899280e-01
1.172587291047543667e+00
9.977857745787225285e-01
6.470911926434512740e-01
6.971525582471744809e-01
7.263400806745117233e-01
1.527395564235789482e+00
1.284530002709223240e+00
6.238692358646019676e-01
1.374429977841029826e+00
7.627352055272468290e-01
5.153920720288671653e-01
1.050530102347223327e+00
1.287208613612416785e+00
7.839478653956721832e-01
1.475377398687577335e+00
9.959525815716848696e-01
2.470460294804855961e-01
6.905491430359644855e-01
9.727183574515112507e-01
1.182764134589246785e+00
1.619301539217453012e+00
7.142099219648820885e-01
6.650540320349338508e-01
