4.018427663996656207e+01
3.780387865009098647e+01
3.676693224273508775e+01
3.588365335336821715e+01
3.490286597594886331e+01
3.380856481750218023e+01
3.254110926535450687e+01
3.110539089774803756e+01
2.942050995944214264e+01
2.756460219956721147e+01
2.560171810212239052e+01
2.352643081338421283e+01
2.139554613425147167e+01
1.926827967296297217e+01
1.717957607443261026e+01
1.521382991356962755e+01
1.336459186112742081e+01
1.167206600614501255e+01
1.016527925029727797e+01
8.811706126810650019e+00
7.623325249559902872e+00
6.598847563141393202e+00
5.712595872266959418e+00
4.956363462564786992e+00
4.314117381308630428e+00
3.771140211201833736e+00
3.311388609486904500e+00
2.923101603375403812e+00
2.597537659970267310e+00
2.325088407478668628e+00
2.097922174142644369e+00
1.907140121183519943e+00
1.748305979969581259e+00
1.614619754832633536e+00
1.504357876924003135e+00
1.412470620009379063e+00
1.336763354361542699e+00
1.274330032116983702e+00
1.223468631212140778e+00
1.182151695102138467e+00
1.149324355422925770e+00
1.123782268730086908e+00
1.104647338830148762e+00
1.090169114397484762e+00
1.079825176884187998e+00
1.072926910135878487e+00
1.069408141353874520e+00
1.067939278581184315e+00
1.068321173870626639e+00
1.070528153534733073e+00
1.073238707269432268e+00
1.077855877543727692e+00
1.081799584452167950e+00
1.087357661890957727e+00
1.091670111028952617e+00
1.096936375479618198e+00
1.102077922318869252e+00
1.107078641091209459e+00
1.111137397541348992e+00
1.114626143354555898e+00
1.117765100326486349e+00
1.120755473246957123e+00
1.123930964719791481e+00
1.126485657881801217e+00
1.127895512203125339e+00
1.128658082393134698e+00
1.129319296849404131e+00
1.130548426941643259e+00
1.131287386274531404e+00
1.131238810343343726e+00
1.131127528142270355e+00
1.129694013326983937e+00
1.127968836459401381e+00
1.126931861766646836e+00
1.125737751155922117e+00
1.124490153878486609e+00
1.122351997634882359e+00
1.120569029582250575e+00
1.119081539304669137e+00
1.117327507193635050e+00
1.115388571713545218e+00
1.113310054043118891e+00
1.111412917588884719e+00
1.108828538955510368e+00
1.107120457288299331e+00
1.104585139213482892e+00
1.102136045158427002e+00
1.099593441682371608e+00
1.097169060438341726e+00
1.093856377958519310e+00
1.091515648664636906e+00
1.089172306908995802e+00
1.086552320150243389e+00
1.083916379615657677e+00
1.083437213689274925e+00
1.081974538899233451e+00
1.078812112320926664e+00
1.076805234933000399e+00
1.074978998666245467e+00
1.072487706893146653e+00
1.070642345096071146e+00
1.068448945285158880e+00
1.066308499733158222e+00
1.064574777841861497e+00
1.062127207862440859e+00
1.060159466230711445e+00
1.058838057744077021e+00
1.058229437772398862e+00
1.055655962255209079e+00
1.054613867867817412e+00
1.051711283266355546e+00
1.050719918484200210e+00
1.049176399300841167e+00
1.049028325551501828e+00
1.048192178069254243e+00
1.045660396678345760e+00
1.046422444293705123e+00
1.047003936184463413e+00
1.046743290761830814e+00
1.052092485998679994e+00
1.045220179580869546e+00
1.051984472547664806e+00
1.068873096395719591e+00
1.046611630933546921e+00
1.123103746964683625e+00
1.001569907989054320e+00
1.290232879045886794e+00
1.292688557232341884e+00
1.319770024942628517e+00
2.745894944114303793e-01
1.454475247831910734e+00
1.212993831272868306e+00
6.068918781128743722e-01
4.962196433949040975e-01
6.877229861819976753e-01
6.581939323226899674e-01
7.785148427472222687e-01
6.171947207806933733e-01
1.283608142453788403e+00
1.003715096060820766e+00
6.212129449489612876e-01
1.861937263766358042e+00
7.881552741403539120e-01
1.098010469392579180e+00
8.093679546927935453e-01
3.681846374899881980e-01
5.509341018013821367e-01
2.558479458583656996e+00
6.835652932416694805e-01
8.946885607916597039e-01
