1.802667298362765109e+02
1.820273016253812557e+02
1.821857267447663276e+02
1.821403494548802655e+02
1.818878737423761436e+02
1.812600719120924282e+02
1.803427060360223209e+02
1.790702644585875873e+02
1.773737948030773453e+02
1.753000136142363772e+02
1.728247245805865191e+02
1.699342940244791293e+02
1.665964068270566543e+02
1.628639667673899964e+02
1.587406852554769330e+02
1.543099692147160340e+02
1.496266100750217447e+02
1.446618045898147784e+02
1.394783976991117527e+02
1.341677105404637018e+02
1.287508681238331292e+02
1.232911444938993810e+02
1.178508852829820341e+02
1.124004127221220841e+02
1.070533620110751798e+02
1.018461097118496497e+02
9.672828511142223817e+01
9.179394636116597894e+01
8.701779491603116412e+01
8.243710062462680810e+01
7.805005851542874495e+01
7.387116150918235746e+01
6.989563132019571867e+01
6.610771188097876916e+01
6.254407206057415891e+01
5.916552998009784403e+01
5.599593058870394202e+01
5.299222977567114867e+01
5.017625622591003776e+01
4.753841892908935307e+01
4.506181555106822145e+01
4.276087580410725053e+01
4.062309714204295119e+01
3.863240250317741697e+01
3.677933294226467353e+01
3.506648991425107909e+01
3.348080269568728795e+01
3.203394627849856136e+01
3.069153703775049991e+01
2.948257452546386048e+01
2.837393594737578439e+01
2.737522926082601771e+01
2.644962731988117355e+01
2.564689483589285857e+01
2.490945280611049384e+01
2.427908450189150003e+01
2.371871202602051198e+01
2.323760467364142457e+01
2.282480708053076768e+01
2.246550711399565259e+01
2.215009139268659055e+01
2.189179795928713190e+01
2.168563960381369782e+01
2.153412006823863578e+01
2.142742358251578239e+01
2.131983629632223654e+01
2.127006870953159279e+01
2.123702857612321893e+01
2.122823684683276468e+01
2.122605733723483112e+01
2.125081171348897868e+01
2.128698507686042163e+01
2.133637539612957212e+01
2.139945935095763829e+01
2.147758769316391891e+01
2.155550412212808808e+01
2.162282161952720827e+01
2.170355464455981931e+01
2.180206925980746746e+01
2.188569214298493293e+01
2.196092498964733508e+01
2.205706279828316596e+01
2.215656880278968188e+01
2.223143164678994310e+01
2.231752406019303692e+01
2.239234448203610128e+01
2.247811651705867675e+01
2.258196067478921520e+01
2.264842827887170884e+01
2.274662666043473536e+01
2.284988469589087856e+01
2.294000604665941623e+01
2.306874018824762729e+01
2.318280975355042273e+01
2.331370944633252051e+01
2.347003339851896087e+01
2.363259622144202510e+01
2.381816726074450585e+01
2.401903338709639257e+01
2.424080801134308061e+01
2.452020997285015014e+01
2.484688904529644304e+01
2.520351356185144809e+01
2.563636577605373290e+01
2.618417983936766902e+01
2.684970803227689373e+01
2.775212080611122900e+01
2.896679360543688020e+01
3.059312967086831847e+01
3.276065401319000614e+01
3.532160008905662352e+01
3.780800601467490196e+01
3.930004301211900497e+01
3.839588081174426293e+01
3.435646189128359396e+01
2.758750934650500497e+01
1.954481388669874775e+01
1.210353170976870629e+01
6.503027047910210356e+00
3.005148767713560876e+00
1.193653605800742978e+00
4.085863320442623681e-01
1.159528687634006072e-01
3.118933445444336747e-02
7.292977810820182663e-03
1.503684701276770085e-03
2.571079176451915673e-04
2.891678305041426754e-04
1.619390651972806754e-04
6.415631885400230544e-04
1.456976528595636897e-04
9.186088129914144352e-05
1.178497231393211045e-04
2.412927633623078742e-04
1.381043208937067122e-04
2.401963252506300064e-04
1.415007631392196745e-04
1.767965820379668201e-04
1.525895268911130545e-04
1.626827286089128259e-04
1.374877062636333989e-04
1.484853807168476001e-04
9.190377126925645946e-05
1.566436881713034008e-04
9.329902610979527711e-05
1.055718584774212402e-04
9.264455281332573122e-05
1.159967741685511837e-04
1.425608044002315547e-04
1.281934635668502409e-04
