2.489336543455964375e+02
2.520572287850141890e+02
2.527346138633854764e+02
2.531669452230854347e+02
2.533805200784426290e+02
2.533812488456147491e+02
2.530822786468988284e+02
2.525501032511465951e+02
2.517213279533801540e+02
2.505732257514970058e+02
2.491113133776181030e+02
2.473405201278488619e+02
2.452133759917188343e+02
2.427619801541363245e+02
2.399968594483071627e+02
2.369261969148921594e+02
2.335905852614514515e+02
2.299887192825557918e+02
2.261577012437907683e+02
2.220953628988086450e+02
2.178896928456669286e+02
2.135424263489857992e+02
2.090572508199018955e+02
2.045251566658183151e+02
1.999095105382025679e+02
1.953237074893750957e+02
1.906564662028088151e+02
1.860768909109136473e+02
1.815205227813367230e+02
1.770091649484264451e+02
1.726006071443097767e+02
1.683033143904910105e+02
1.640792718063864584e+02
1.599914912068062733e+02
1.560657469147065228e+02
1.522555443382130420e+02
1.486581768681246274e+02
1.451899259657971299e+02
1.418855489336678772e+02
1.387803735373486518e+02
1.358713240164767058e+02
1.331554680870007701e+02
1.306387440806093423e+02
1.283342928015165398e+02
1.262370722321170575e+02
1.243542328325603421e+02
1.226393413811316151e+02
1.211436917545534868e+02
1.198303417207740438e+02
1.187306822668592616e+02
1.177885989110479699e+02
1.170199520570913023e+02
1.164115144556462269e+02
1.159282536986827097e+02
1.155869507948283967e+02
1.153932293547467225e+02
1.152738940814510329e+02
1.152939020278665936e+02
1.153908954274430414e+02
1.155441109653560972e+02
1.157490860212095214e+02
1.160262098513172901e+02
1.163421621592131885e+02
1.166976569033766395e+02
1.171013212203682059e+02
1.175295715731388952e+02
1.179743649858903893e+02
1.184223025320898159e+02
1.188706090311571018e+02
1.193083553680830278e+02
1.197768631011469864e+02
1.202183478145284710e+02
1.206541553408138299e+02
1.211165540765962874e+02
1.215961152778522631e+02
1.220609166498205695e+02
1.225304131965652488e+02
1.229960620735380985e+02
1.234503999454966277e+02
1.239054268443847633e+02
1.243713047735911630e+02
1.248298187740703327e+02
1.253435442549217811e+02
1.258427086375701407e+02
1.263697019937556973e+02
1.269238104368865976e+02
1.275092280897696355e+02
1.281321047331782097e+02
1.287878870912846878e+02
1.294999564687039708e+02
1.302742483195805505e+02
1.311274860458438809e+02
1.320725904558707384e+02
1.331284139793623638e+02
1.343011359468782757e+02
1.356397491968709517e+02
1.370894510525039038e+02
1.386899804674848156e+02
1.404863336217148060e+02
1.424922633594542276e+02
1.447631083341621547e+02
1.473528263606741007e+02
1.503500853294591479e+02
1.538716605470847298e+02
1.581497929239981488e+02
1.633912723353603553e+02
1.699980384525634634e+02
1.785609742152439878e+02
1.898390189078809840e+02
2.046148316479973914e+02
2.222225817497925959e+02
2.395145261027151946e+02
2.498696061651012599e+02
2.450741880296255601e+02
2.200111638712408819e+02
1.768844443039571104e+02
1.253549427687237738e+02
7.761599895630044443e+01
4.163363011553885684e+01
1.925937426671233510e+01
7.675785477059546835e+00
2.629301965903329652e+00
7.746995427088165798e-01
1.987459679328386075e-01
4.598708255147555130e-02
1.154380789776197555e-02
4.629768298872489508e-03
3.151645764422359407e-03
3.170905396940120000e-03
2.766060949011666433e-03
2.890887913378523827e-03
2.612253882956103342e-03
2.404078456758598423e-03
2.579507312856573528e-03
2.368733829253300179e-03
2.400660607734679628e-03
2.026697912333352575e-03
2.254926078215293162e-03
2.145892813559603738e-03
1.885827733031804386e-03
1.986733702559304211e-03
1.736361961740946281e-03
1.890740693850655879e-03
1.637877792744054902e-03
1.703468340504967404e-03
1.530756766805402465e-03
1.513467190752070066e-03
1.328703868083527676e-03
1.480818775584207166e-03
1.470655400144866860e-03
