2.488323651108714216e+02
2.518402531836954381e+02
2.524437049174198648e+02
2.528317187473739978e+02
2.530114598277413052e+02
2.529784584507060856e+02
2.526449814140462706e+02
2.520859607662613939e+02
2.512232671654855380e+02
2.500475830289457519e+02
2.485581520189486753e+02
2.467615106993723373e+02
2.446073181029665875e+02
2.421362015885855783e+02
2.393517153432465818e+02
2.362629404085174087e+02
2.329134454520609268e+02
2.292941075535838991e+02
2.254424748538159236e+02
2.213659662626650402e+02
2.171470794699484088e+02
2.127856342927969706e+02
2.082803204065953935e+02
2.037224485774486880e+02
1.990874824451172742e+02
1.944721591156777265e+02
1.897785328214163201e+02
1.851559433018107939e+02
1.805574977620989046e+02
1.760040711498314181e+02
1.715370189761014501e+02
1.671613172052082064e+02
1.628439605549750127e+02
1.586533351100871982e+02
1.545759181682931001e+02
1.505885193374451205e+02
1.467669601425420183e+02
1.430366982468541153e+02
1.394142373768439711e+02
1.359207866006576069e+02
1.325532902198412160e+02
1.293006357322543636e+02
1.261611366478767025e+02
1.231463599175195327e+02
1.202425664575876567e+02
1.174569094706605057e+02
1.147520632518482273e+02
1.121765781575757188e+02
1.096850674202015483e+02
1.073171703933813745e+02
1.050439875227518485e+02
1.028545614225733971e+02
1.007824123172704276e+02
9.878522373996511874e+01
9.688373072361692095e+01
9.510074533237953176e+01
9.337237502248333954e+01
9.176879196543266914e+01
9.025086758763950456e+01
8.882459562477873760e+01
8.747406933209651925e+01
8.625729034993406685e+01
8.510285956376969807e+01
8.404569067505646274e+01
8.309855390816774445e+01
8.224613696706197175e+01
8.148105704365165991e+01
8.081225118445834710e+01
8.023479997861852553e+01
7.973042517751424896e+01
7.933440953580713995e+01
7.901324905625625661e+01
7.878193577316145024e+01
7.864218373766371428e+01
7.859850211328161151e+01
7.862341833991823137e+01
7.871712277244674283e+01
7.889798015801619613e+01
7.914365491353692050e+01
7.945988181756858637e+01
7.985981471867059156e+01
8.031050089048036966e+01
8.083796910652253587e+01
8.141263408827484227e+01
8.208382000992284588e+01
8.280078479504169309e+01
8.359787880485181688e+01
8.444114443717968754e+01
8.535936633558655728e+01
8.636111924121027528e+01
8.743505981365609614e+01
8.858027783116699538e+01
8.982043489181974394e+01
9.118212832206032203e+01
9.263673762318558147e+01
9.422926355055146530e+01
9.592171559737275288e+01
9.777912666699764088e+01
9.978720973020121221e+01
1.019642511357332495e+02
1.043450404891831482e+02
1.069955888817515302e+02
1.099703628349206497e+02
1.133984783584290597e+02
1.174138016732278373e+02
1.222160953593801622e+02
1.281033414597370381e+02
1.355777294860497193e+02
1.452839600478595230e+02
1.577326922946871832e+02
1.724719781851094922e+02
1.868978667025106688e+02
1.957970914663693520e+02
1.926656575116424790e+02
1.733653762910825549e+02
1.396966852202774305e+02
9.915894976183265896e+01
6.151267215176638814e+01
3.301235632880667481e+01
1.528577841216769961e+01
6.101162490161943452e+00
2.095057079029089664e+00
6.155569748848838119e-01
1.561496279457462444e-01
3.792878172121768449e-02
1.030641716075643595e-02
4.131916626875743390e-03
3.164114967661790963e-03
3.269751688512938063e-03
2.800881513603054040e-03
2.686415205225861202e-03
2.535865497284068518e-03
2.230332824605194691e-03
2.527412176780752945e-03
2.225160322266034069e-03
1.917764510610203612e-03
2.158529487627020970e-03
2.103230942132772608e-03
2.117133357024601498e-03
1.924223167902489951e-03
2.097764430721558472e-03
1.789161177357212083e-03
1.876455215625949134e-03
1.744738575721007561e-03
1.738402907114892752e-03
1.605170022661545548e-03
1.466497378491188027e-03
1.524743140132866744e-03
1.649990546702777934e-03
1.400663357462080243e-03
