1.803428601408589600e+02
1.821748155938540776e+02
1.823671716725075385e+02
1.823448169839426214e+02
1.821138588061391204e+02
1.815052450740412269e+02
1.806057765538539002e+02
1.793536226823570132e+02
1.776718603881535046e+02
1.756081446289996677e+02
1.731463024283940513e+02
1.702667619282146916e+02
1.669375928431658735e+02
1.632146429079261338e+02
1.591008409085657718e+02
1.546832182294132849e+02
1.500189492514279266e+02
1.450726780177986655e+02
1.399123581146252207e+02
1.346333747650173223e+02
1.292571924193956363e+02
1.238469696805696003e+02
1.184661763578705092e+02
1.130975294233196280e+02
1.078505888126156691e+02
1.027767818499576435e+02
9.781891038891626522e+01
9.308590433137335651e+01
8.856236723482531659e+01
8.428668071509390813e+01
8.026664756790786726e+01
7.651427666419961326e+01
7.303710145222592587e+01
6.982774756925128656e+01
6.692153222922287625e+01
6.426556856042913068e+01
6.190430051087039942e+01
5.977767768868297082e+01
5.789810123615380633e+01
5.626095872506913054e+01
5.483644369565364229e+01
5.362488650753059005e+01
5.261866479964616161e+01
5.178162082207078498e+01
5.107736791282271582e+01
5.049989379776848608e+01
5.003731066780164838e+01
4.968783690190563362e+01
4.941462685799019283e+01
4.923904949623263860e+01
4.907563177568631119e+01
4.896617609086550260e+01
4.886867890237934375e+01
4.881815299184786028e+01
4.875156615426143247e+01
4.871587761222488666e+01
4.866173488584657747e+01
4.862850516041120130e+01
4.857306345655686641e+01
4.848344750081499654e+01
4.835155859341224271e+01
4.822744412678811443e+01
4.807227157221900171e+01
4.787648098294933874e+01
4.767968075970808428e+01
4.743675580537981773e+01
4.719884244807892060e+01
4.689799023461010563e+01
4.658642717864778149e+01
4.625733069247669960e+01
4.590391117955247324e+01
4.554286579166849691e+01
4.514583558506436134e+01
4.472937033159865194e+01
4.431396616498629015e+01
4.386289478176169609e+01
4.342251597551835829e+01
4.299321605596277607e+01
4.254276515709029383e+01
4.207494662950436037e+01
4.160500805824995041e+01
4.115992428486546117e+01
4.071805605871809774e+01
4.028036643564701080e+01
3.986755096291502554e+01
3.941766105343898374e+01
3.900953586275378626e+01
3.861663966584536922e+01
3.822635537510117132e+01
3.783373354127009947e+01
3.745664489103688055e+01
3.710234052025609230e+01
3.679959655387533957e+01
3.650822470916642004e+01
3.627073829745253164e+01
3.603679880955152726e+01
3.584016785936223215e+01
3.570197408563561225e+01
3.560654700878593815e+01
3.554533071070909500e+01
3.553769873910479760e+01
3.560266488169630605e+01
3.576755904820230114e+01
3.602458028909232723e+01
3.641416935746868688e+01
3.702612861411439127e+01
3.786017366374532145e+01
3.911804073883427435e+01
4.091054201457235706e+01
4.335302465491824364e+01
4.635690655642085289e+01
4.931888673454523087e+01
5.089124392966429156e+01
4.949286927613947284e+01
4.414604973958598322e+01
3.536759938920537394e+01
2.498294179927971470e+01
1.542995976656675339e+01
8.260707269422709942e+00
3.819429668597877026e+00
1.524953369271113690e+00
5.139769591564546936e-01
1.500673266254001215e-01
3.961427071238639991e-02
9.050439692237661690e-03
1.707320349485327848e-03
4.001744649408313804e-04
2.177679315486436744e-04
1.977883208418913146e-04
2.234852854773568612e-04
1.873506819604184477e-04
1.463263934622248592e-04
1.962581698277031871e-04
1.882263191228981882e-04
1.254371919617551382e-04
1.458491414837139919e-04
7.950133800233633496e-05
1.126188950282447810e-04
1.565253664102354283e-04
1.178105746515692074e-04
1.191818181729004111e-04
2.045246671101371057e-04
7.483310717073826006e-05
8.560275933737020160e-05
6.241014542710286240e-05
1.836441340200203746e-04
8.662543701527586001e-05
9.622889813185351660e-05
1.335171732500089461e-04
1.094054230203002261e-04
