2.489167430408551809e+02
2.520246931743347716e+02
2.526928460434963029e+02
2.531183646115461556e+02
2.533277292248920105e+02
2.533222026823792419e+02
2.530195423315300616e+02
2.524831903853284985e+02
2.516525643406307324e+02
2.504997063557053707e+02
2.490362789967217054e+02
2.472595475180436608e+02
2.451292120877000116e+02
2.426758840929700511e+02
2.399098854255639139e+02
2.368352653999904760e+02
2.334972354311237268e+02
2.298946095666364045e+02
2.260595876399744952e+02
2.219945321010819441e+02
2.177888041594534059e+02
2.134359164480957247e+02
2.089488354377557471e+02
2.044134148165798592e+02
1.997898473595602127e+02
1.951943444201616273e+02
1.905192832196447057e+02
1.859262638502969764e+02
1.813588903299906576e+02
1.768333950030747985e+02
1.724031073418274786e+02
1.680736179013026685e+02
1.638127177028242443e+02
1.596760961303393458e+02
1.556958745610100436e+02
1.518158898708922493e+02
1.481198113005239065e+02
1.445521356416839751e+02
1.411167091554688966e+02
1.378627575582304416e+02
1.347914740640176490e+02
1.318941525689250795e+02
1.291579837182207484e+02
1.266124977209864255e+02
1.242678885465248442e+02
1.221164254021068700e+02
1.201273366752523941e+02
1.183488770766040119e+02
1.167382702424083192e+02
1.153356294893441998e+02
1.140864060102283872e+02
1.130195727110521489e+02
1.121360349158515390e+02
1.113907606723175974e+02
1.107983262882535058e+02
1.103541914405045929e+02
1.099924514508338831e+02
1.097994934199973898e+02
1.097103577687977065e+02
1.096958142006167094e+02
1.097614613761137861e+02
1.099215106532544581e+02
1.101479518962646438e+02
1.104184132748829938e+02
1.107583568719224445e+02
1.111373646248759997e+02
1.115486707618984781e+02
1.119888114687587972e+02
1.124463341084426276e+02
1.129291988039867363e+02
1.134318521838430343e+02
1.139304075237242273e+02
1.144222584358454640e+02
1.149541637054241363e+02
1.154766419432713036e+02
1.160013854610626396e+02
1.165563328939270491e+02
1.171146076745184530e+02
1.176835427641923104e+02
1.182579313019107161e+02
1.188442891827762651e+02
1.193834221317214883e+02
1.199928470689677056e+02
1.206047942693070780e+02
1.212518726979834867e+02
1.218962158693604323e+02
1.225900272823388804e+02
1.233150753606958432e+02
1.240711723984178292e+02
1.248823748643776099e+02
1.257500254462472213e+02
1.266804225727686628e+02
1.277244113707853330e+02
1.288683455368618240e+02
1.301378548732654110e+02
1.315377247922270385e+02
1.330663883485801477e+02
1.347429403793564973e+02
1.365901105009099297e+02
1.386357504640225216e+02
1.409479744000074390e+02
1.435855693991660189e+02
1.466387779034925529e+02
1.502111118043527256e+02
1.545086541909666948e+02
1.597344071725141248e+02
1.662998266953384814e+02
1.748088657434466029e+02
1.860134970043390865e+02
2.006044501368292003e+02
2.179911367594856699e+02
2.350575035105279369e+02
2.452717162660244696e+02
2.406038954864966684e+02
2.160009472722756243e+02
1.738024766766526739e+02
1.231654032315318403e+02
7.627456406824171609e+01
4.090890938586550618e+01
1.894552343176307474e+01
7.554603278951021572e+00
2.594953132983060851e+00
7.630517160469699744e-01
1.968341018436383094e-01
4.630468554780799162e-02
1.166602979559296788e-02
4.688726080382769716e-03
3.201324704641305124e-03
3.088630637250035487e-03
2.781282471369543163e-03
2.718129392685544789e-03
2.612122839162375146e-03
2.280842599214441459e-03
2.765161311810116276e-03
2.491977749626497849e-03
2.189188281682798078e-03
2.160082227286658479e-03
2.133034036044209516e-03
2.057464876768780142e-03
1.844325438065939383e-03
2.021140595970431688e-03
1.621534394330263317e-03
1.784926675586517983e-03
1.690083006319527794e-03
1.685176774520357607e-03
1.637463426475597485e-03
1.396600811303364128e-03
1.406985882760644234e-03
1.334620899929586700e-03
1.421165424665271322e-03
