2.491024670566237376e+02
2.523582748636514168e+02
2.530940032239844868e+02
2.535687132917692281e+02
2.538241279665614911e+02
2.538659661110038712e+02
2.535981906461499591e+02
2.530983754600457871e+02
2.522917474062630845e+02
2.511758680781465785e+02
2.497287680324621135e+02
2.479874508565054043e+02
2.458921445657043421e+02
2.434685738911515784e+02
2.407459503550494446e+02
2.377222277028126314e+02
2.344471911576504795e+02
2.309288080019002507e+02
2.271862438743357018e+02
2.232483316120872132e+02
2.192031121526539721e+02
2.150593482482039462e+02
2.108199399848018913e+02
2.066070606644497332e+02
2.023829241057607646e+02
1.982750566823511065e+02
1.941902359199953878e+02
1.903014673525222804e+02
1.865789650742039214e+02
1.830435218883243351e+02
1.797480374290483951e+02
1.767127343097725714e+02
1.739156206540220069e+02
1.714183717241742215e+02
1.692127410251295601e+02
1.672704956281632462e+02
1.656509746138849835e+02
1.642575484840693605e+02
1.631077529553561760e+02
1.621983478412173838e+02
1.615119864400596441e+02
1.610140594567350547e+02
1.606766310515870373e+02
1.604820000490591667e+02
1.604042765610574577e+02
1.604251566149948474e+02
1.605126752859076475e+02
1.606660926580853754e+02
1.608500942908603122e+02
1.610670930079325558e+02
1.612853252396306516e+02
1.614852399454903207e+02
1.616763910508827848e+02
1.618084247351711156e+02
1.619263298960389079e+02
1.620148357317928856e+02
1.620544346728417224e+02
1.620740167267479421e+02
1.620135589505986786e+02
1.618992940126789790e+02
1.617293255904740761e+02
1.615599158538783797e+02
1.613244222088920310e+02
1.610267950074473049e+02
1.607339588834281017e+02
1.603977470052554111e+02
1.600139121879633990e+02
1.596303121308998243e+02
1.591902640586308451e+02
1.587308762649942366e+02
1.582800399674669336e+02
1.577780674173499165e+02
1.572559543051205821e+02
1.567632506584027965e+02
1.562710178754823289e+02
1.557878733898644725e+02
1.553121011492454500e+02
1.548632362354292411e+02
1.544251225689110356e+02
1.540060176152454403e+02
1.535982748191347014e+02
1.532242611394398466e+02
1.528803731024715660e+02
1.525675338135318100e+02
1.523369853203801938e+02
1.521360363087683254e+02
1.519913105184813560e+02
1.519204123642786328e+02
1.519307387857233778e+02
1.519970309648123532e+02
1.521297716040481873e+02
1.523885972664679400e+02
1.527381684473953669e+02
1.532606514679522434e+02
1.539403451280655588e+02
1.548007086157658705e+02
1.557860736703161990e+02
1.569871712443475644e+02
1.583973982283167175e+02
1.600530767074727692e+02
1.620132930422809636e+02
1.643176948718907795e+02
1.670832412608786228e+02
1.704613386676726066e+02
1.746225740563237991e+02
1.798337916983478237e+02
1.865195602544788187e+02
1.953239327013221214e+02
2.070553600213524987e+02
2.224996973742683792e+02
2.410464810295345899e+02
2.591878870688393022e+02
2.698567190947276231e+02
2.643206470600231910e+02
2.370307851833816244e+02
1.903887729192096288e+02
1.348914523141486086e+02
8.347169213735814708e+01
4.475626801162231061e+01
2.072719093343017960e+01
8.245225854063228610e+00
2.825206382874120958e+00
8.335633013848823269e-01
2.120065691723476697e-01
4.864182291179770107e-02
1.245093386251895293e-02
4.719634579315978330e-03
3.451015760734123684e-03
3.315952234210602350e-03
2.857604483838335416e-03
2.635709151903621161e-03
2.484013341309677762e-03
2.481766779937782160e-03
2.391824225373542171e-03
2.191042881187046758e-03
2.350259762094662058e-03
2.202672776334385803e-03
2.215476355444771350e-03
2.109439950428709104e-03
2.033989513137554953e-03
1.828313761854001573e-03
1.838016663111423886e-03
1.955508005015325727e-03
1.744975652821522706e-03
1.684364952713582114e-03
1.626228186410732081e-03
1.569700645618653636e-03
1.497441955826433590e-03
1.506673915085379256e-03
1.408670116504585814e-03
