2.489634413595067599e+02
2.521174381518820269e+02
2.528095889128359204e+02
2.532526888133001250e+02
2.534744960696714884e+02
2.534850496781257618e+02
2.531923631549096854e+02
2.526688676595408936e+02
2.518467528436295595e+02
2.507042534936259131e+02
2.492464735976123222e+02
2.474788344143451582e+02
2.453581294865518885e+02
2.429094455108418060e+02
2.401505686006788380e+02
2.370800977171792852e+02
2.337464997206815269e+02
2.301537057470710863e+02
2.263266142376836001e+02
2.222719082031758262e+02
2.180724099649526124e+02
2.137340809645554316e+02
2.092605409474537055e+02
2.047428531758794179e+02
2.001421267488840954e+02
1.955813605955803212e+02
1.909503267631606036e+02
1.863955398720132450e+02
1.818820839243642808e+02
1.774409375216076228e+02
1.731130370536209568e+02
1.689145482176492976e+02
1.648148463305481926e+02
1.608852482771261521e+02
1.571427630352653750e+02
1.535590250088063726e+02
1.502112458740460568e+02
1.470442288247426745e+02
1.440783412443365421e+02
1.413445308560553144e+02
1.388600476864448012e+02
1.366008735437919768e+02
1.345541984618704419e+02
1.327498398258809118e+02
1.311714568393699949e+02
1.298143785561530308e+02
1.286393440047756371e+02
1.276770398966707774e+02
1.268953717068309004e+02
1.262860993164063927e+02
1.258263081151359160e+02
1.255164524656311613e+02
1.253445409672629864e+02
1.252747651209323720e+02
1.253004021364569951e+02
1.254089501781414953e+02
1.255565498298103222e+02
1.258023629809122355e+02
1.260777854989934923e+02
1.263966705435309450e+02
1.267213246322730242e+02
1.271036348612038154e+02
1.274739439452915235e+02
1.278529219915943429e+02
1.282447664707707986e+02
1.286121435230944599e+02
1.289676033218864291e+02
1.293285875765320441e+02
1.296681955456387243e+02
1.299884410245109336e+02
1.303166876652247197e+02
1.306021384212783119e+02
1.308886275689844467e+02
1.311942511778867981e+02
1.314482690499369824e+02
1.317305964760280403e+02
1.319812978992221417e+02
1.322598412840279138e+02
1.325104545104486249e+02
1.327780929909160079e+02
1.330434055120291532e+02
1.332970354121767969e+02
1.335952090467296216e+02
1.338975371144022972e+02
1.342450533742958783e+02
1.345943243147219732e+02
1.349970460998213184e+02
1.354407848096636542e+02
1.359004333504606734e+02
1.364574944440486775e+02
1.370805151949759590e+02
1.377856501741425461e+02
1.385644006542558486e+02
1.394730463987724818e+02
1.405089993542052582e+02
1.417084492946992498e+02
1.430383136976825256e+02
1.445543816761350513e+02
1.462310176584376222e+02
1.481378221380043954e+02
1.503045033770839893e+02
1.527911879397068446e+02
1.557344948754312384e+02
1.592238165790616051e+02
1.634769130985735046e+02
1.687194165843223175e+02
1.753379934423065549e+02
1.839989708549489933e+02
1.954689534044343588e+02
2.104554312334327903e+02
2.283932545110164654e+02
2.460034651581178196e+02
2.564335939715276709e+02
2.514235513452092619e+02
2.255312564544536258e+02
1.813295716055568789e+02
1.285283423818278266e+02
7.955264707157773785e+01
4.266190012779339469e+01
1.975349667837989998e+01
7.879337757750277227e+00
2.699765898848315082e+00
7.933010043025675584e-01
2.030375131585456516e-01
4.715866167189321917e-02
1.138494483199635303e-02
4.505933943622474590e-03
3.145865770844260677e-03
3.340377258440998913e-03
2.821097990866912233e-03
2.708552388813894197e-03
2.645045551780587315e-03
2.526660931288593134e-03
2.484711235054557106e-03
2.370950903308419958e-03
2.336506227777211502e-03
2.098680501075305717e-03
2.090363041355376619e-03
2.309615986018681306e-03
1.926683063153240014e-03
2.027718429901448176e-03
1.897958606162365031e-03
1.826229944931674534e-03
1.643719422388909522e-03
1.737320160374748734e-03
1.595553061189224900e-03
1.416655380130071688e-03
1.645703599309469769e-03
1.403878085082568058e-03
1.361770305170308072e-03
