2.488171911829977887e+02
2.518048266824884536e+02
2.523919167203083873e+02
2.527665909045367982e+02
2.529400778733578932e+02
2.528990876216853394e+02
2.525611158991665945e+02
2.519960045893832614e+02
2.511299469606958610e+02
2.499447543376194858e+02
2.484499260823965017e+02
2.466491982219777412e+02
2.444897160325313905e+02
2.420075278022568455e+02
2.392203780958315065e+02
2.361266438002961934e+02
2.327700484300148673e+02
2.291497998561363829e+02
2.252955651919808986e+02
2.212090171555783229e+02
2.169884072979644145e+02
2.126244237176254330e+02
2.081147255845294239e+02
2.035562994035877296e+02
1.989132035551668025e+02
1.943047281013333532e+02
1.895986784285339866e+02
1.849747066169306606e+02
1.803744898424915277e+02
1.758191993913375768e+02
1.713475312955878564e+02
1.669676529256248898e+02
1.626458940766589194e+02
1.584493973034233818e+02
1.543726139562401727e+02
1.503808544484780327e+02
1.465539140497672292e+02
1.428183243011295076e+02
1.391865523897212427e+02
1.356898855718809500e+02
1.323178696097755562e+02
1.290621718250830554e+02
1.259071655306391619e+02
1.228829460524810600e+02
1.199677482736734930e+02
1.171724947476699583e+02
1.144560988835845592e+02
1.118592452801225932e+02
1.093496530489651803e+02
1.069548975463329015e+02
1.046470736382848514e+02
1.024242237347208402e+02
1.003074567731456455e+02
9.825648994393348801e+01
9.629908510313984493e+01
9.443335625274920631e+01
9.261815897548787291e+01
9.091926050147766603e+01
8.928965053007219410e+01
8.772125139325460452e+01
8.622162347288548290e+01
8.482577645575000247e+01
8.348709881136939259e+01
8.222684748993701476e+01
8.104972413055803315e+01
7.995158419857560261e+01
7.893397195157916713e+01
7.798344312722115035e+01
7.709364291510553358e+01
7.628820723492313505e+01
7.558103892339194374e+01
7.492561219031318842e+01
7.436316532552604031e+01
7.388307022720658779e+01
7.348636996192935555e+01
7.315953410903247800e+01
7.291765755663985260e+01
7.276485617639637837e+01
7.266133837836343901e+01
7.265566212756273501e+01
7.273148550782974553e+01
7.285019552074948024e+01
7.308378475450135170e+01
7.336258396606848464e+01
7.373764710632531205e+01
7.416952959718170746e+01
7.470260512992513213e+01
7.530155304242065029e+01
7.596923520441156086e+01
7.673451231076047918e+01
7.759191399316024729e+01
7.853388185711854419e+01
7.956802738064712344e+01
8.074839895916709054e+01
8.201164445923048163e+01
8.343176991800969233e+01
8.495885778100829100e+01
8.661984690294224265e+01
8.843034730797936049e+01
9.040412967654906140e+01
9.261624870011218036e+01
9.506744794474784044e+01
9.785737697141763647e+01
1.010271105495221207e+02
1.047608141788761031e+02
1.092053205589311489e+02
1.146627630624294056e+02
1.215706921452728722e+02
1.304792857083737658e+02
1.419262906041326460e+02
1.554329629510289976e+02
1.687267443246319090e+02
1.769893970588599927e+02
1.742884156414985455e+02
1.569132710067392225e+02
1.264428973436921524e+02
8.980835464370005639e+01
5.575116315539791856e+01
2.994234535119609575e+01
1.384671342461496302e+01
5.528887639908131924e+00
1.907592503496227110e+00
5.620493290607795345e-01
1.433707356724653881e-01
3.538318570082837899e-02
9.891404558556284032e-03
4.368097394666108427e-03
3.148292751262381315e-03
2.974653837337805275e-03
2.665565193110764307e-03
2.749330620527013803e-03
2.656117371733638603e-03
2.442817812388232111e-03
2.352764159094368566e-03
2.168855984704222591e-03
2.180300111911678742e-03
2.157954130967686904e-03
2.059200518749356151e-03
2.036820517648038099e-03
1.846395773042225959e-03
1.950324778085152323e-03
1.817671144797534727e-03
2.000474547388265707e-03
1.622565834589972944e-03
1.741474935509144993e-03
1.675744503948157788e-03
1.548546408991484814e-03
1.344806127824218047e-03
1.273491034543028670e-03
1.357282824902959111e-03
