2.488893372927489054e+02
2.519708860859321646e+02
2.526226299191937983e+02
2.530374868438767066e+02
2.532390465257085737e+02
2.532255164717622336e+02
2.529131608288831217e+02
2.523719814181121990e+02
2.515318061154444251e+02
2.503709247269983962e+02
2.489032840808157516e+02
2.471222125482384797e+02
2.449887862361369173e+02
2.425288854675310972e+02
2.397592104512773687e+02
2.366799752343295609e+02
2.333362126297018335e+02
2.297341804618345975e+02
2.258955508017803311e+02
2.218254066719107982e+02
2.176145697868237505e+02
2.132605443660760329e+02
2.087641090970170978e+02
2.042207744393175517e+02
1.995947719186686129e+02
1.949947360974792616e+02
1.903077541244349504e+02
1.857007004539211721e+02
1.811184004871335844e+02
1.765835132401396379e+02
1.721317745751343296e+02
1.677755933666071826e+02
1.634886338791757794e+02
1.593103289300790948e+02
1.552758965507958067e+02
1.513261491692350660e+02
1.475613408437707221e+02
1.438844184007717786e+02
1.403379596821067423e+02
1.369345519554649115e+02
1.336782601865314462e+02
1.305681387622588545e+02
1.275937325221422327e+02
1.247827300438048752e+02
1.221214889898144094e+02
1.196248899568493727e+02
1.172626309048083044e+02
1.150761417670523912e+02
1.130446575774370643e+02
1.111897250010170097e+02
1.094867076929696594e+02
1.079389897536745053e+02
1.065669029502141143e+02
1.053204132457314017e+02
1.042347174049507288e+02
1.033292714161909345e+02
1.025249078704312780e+02
1.018955500641016272e+02
1.013850247276821790e+02
1.009807352506662568e+02
1.006896443923619557e+02
1.005208347045225139e+02
1.004347971571933442e+02
1.004456387154204435e+02
1.005389170206298388e+02
1.007213811093703413e+02
1.009571329928973284e+02
1.012686189637541361e+02
1.016128780506047917e+02
1.020033009078441069e+02
1.024492223014007521e+02
1.029273226520511884e+02
1.034341743424635496e+02
1.040097827287720804e+02
1.045833921184431574e+02
1.051906545954940810e+02
1.057963440790755243e+02
1.064416236343839159e+02
1.070841377800231555e+02
1.077580137218635485e+02
1.084637334357904308e+02
1.091685205509863010e+02
1.098912243887077977e+02
1.106470644614634011e+02
1.114372603718261416e+02
1.122572744987149918e+02
1.131007023017430555e+02
1.139866705165560319e+02
1.148909398281266192e+02
1.158659094773472447e+02
1.169083502121457059e+02
1.179964768734637488e+02
1.191894079717564381e+02
1.204630188475605763e+02
1.218378592172479813e+02
1.233691693073997442e+02
1.250345256828418457e+02
1.268161026036583365e+02
1.287369158465094756e+02
1.308914988843964409e+02
1.332783869169869888e+02
1.359878059406316311e+02
1.390612228223247655e+02
1.426565508242094324e+02
1.469446745739152789e+02
1.521572067535939254e+02
1.586322576515626395e+02
1.669788406752655021e+02
1.779574574661413635e+02
1.921723807741028907e+02
2.091238311258813383e+02
2.257787979152457183e+02
2.357791495726687572e+02
2.314309006076612718e+02
2.078780594440867162e+02
1.672983415142835497e+02
1.186642558971699941e+02
7.350332771557030753e+01
3.942876235795324646e+01
1.824096834189566962e+01
7.265793239284931815e+00
2.498545665170995189e+00
7.384105816408060852e-01
1.882179319304207454e-01
4.421168111790853283e-02
1.127094370542035089e-02
4.724264948144643247e-03
3.325826235307720834e-03
3.235864614009234270e-03
3.024768032782388510e-03
2.856796900610393108e-03
2.466432511475412977e-03
2.457467490405925142e-03
2.340450576841784404e-03
2.460554543685917681e-03
2.309810109583715614e-03
1.983204431147540976e-03
2.253794669994463058e-03
1.970602886982905644e-03
1.893454637512286378e-03
2.052092890945210555e-03
1.755709028258748035e-03
1.875686476428591997e-03
1.488655274818671045e-03
1.670424250379117610e-03
1.606752738710351056e-03
1.449973816168840862e-03
1.531521507000791491e-03
1.697313199745606330e-03
1.411303886809496966e-03
