1.803062998153061756e+02
1.821085025894232388e+02
1.822863471749709277e+02
1.822522581347099333e+02
1.820121010733516016e+02
1.813951356421748642e+02
1.804878959919313104e+02
1.792272934920070497e+02
1.775417230014023175e+02
1.754747579015222243e+02
1.730054214310463578e+02
1.701195327574516512e+02
1.667910654126349641e+02
1.630606829057020661e+02
1.589432191142340116e+02
1.545161612114396803e+02
1.498367750828005569e+02
1.448772313381066681e+02
1.397047851212490741e+02
1.344005633109223368e+02
1.289919370414184812e+02
1.235447509386641372e+02
1.181160873846771864e+02
1.126818156124273713e+02
1.073562657734017023e+02
1.021726849829170192e+02
9.708641956780209625e+01
9.219580193612233643e+01
8.747174392809392884e+01
8.296253008014497254e+01
7.866370974353048950e+01
7.459525290931600239e+01
7.075542663604331040e+01
6.714190720844392501e+01
6.378320345831647131e+01
6.064759994849899272e+01
5.776725915461752692e+01
5.509633329917495814e+01
5.264703935365347576e+01
5.043714282123578840e+01
4.843352914086749905e+01
4.664180616802897816e+01
4.505333186811508739e+01
4.364933898151179648e+01
4.241560834696671378e+01
4.133863852390398819e+01
4.040837715532526886e+01
3.962636148246625822e+01
3.894969605879547458e+01
3.840838177246041596e+01
3.794746608204312111e+01
3.758737284079607832e+01
3.727442532575999934e+01
3.707405115037949628e+01
3.689998249347425485e+01
3.678691472076914692e+01
3.669837513452188915e+01
3.663402289265973621e+01
3.660816524312313902e+01
3.658948151487857103e+01
3.658736503776162863e+01
3.660848173664675897e+01
3.664199761259887111e+01
3.664951331230501097e+01
3.666640443003011995e+01
3.664783928915858269e+01
3.663560029015772557e+01
3.661501459673874592e+01
3.657430320377979172e+01
3.650717298852072901e+01
3.642539286530680442e+01
3.633041169452998531e+01
3.622178739226527000e+01
3.611897298983402038e+01
3.598383415697349363e+01
3.585497717683514196e+01
3.569759684304396075e+01
3.554277116101648915e+01
3.535629056559668726e+01
3.515235304170184349e+01
3.495719889965322125e+01
3.475923867109749210e+01
3.455493757377067965e+01
3.437070538765854621e+01
3.416457015317347157e+01
3.392104793588320177e+01
3.370298625197675335e+01
3.350271521136164665e+01
3.329760497187574941e+01
3.311954852897260082e+01
3.292499296367168427e+01
3.275112565565440548e+01
3.260692798594633501e+01
3.249869995564222336e+01
3.238355076851116365e+01
3.229716114989585662e+01
3.223620302726825315e+01
3.221045872072378558e+01
3.221984032086200500e+01
3.229359948635101318e+01
3.239748254211412615e+01
3.253680052566859615e+01
3.277097195883592207e+01
3.308480124423901003e+01
3.353643503536780912e+01
3.417611357445517939e+01
3.506934790437420446e+01
3.631128393486142159e+01
3.806706857805450994e+01
4.042858467333846306e+01
4.336620788938469673e+01
4.621384073628319555e+01
4.779430238488647831e+01
4.659790165805154061e+01
4.159253460996680474e+01
3.328854026065932459e+01
2.355797837633225811e+01
1.452177754189405157e+01
7.769363838661876187e+00
3.585925291835641016e+00
1.415596618740690094e+00
4.855340309909984553e-01
1.436226430882528160e-01
3.701766562413986300e-02
8.599331915126344483e-03
1.780471159498553087e-03
3.394009014343743122e-04
2.207836295956595190e-04
3.008350111125792834e-04
3.065667016903857872e-04
1.341542983468961689e-04
2.111323590891068895e-04
1.642516135735082685e-04
1.862232609181206416e-04
1.021096167116570375e-04
1.277816977937694777e-04
1.578262321474029615e-04
1.577360138421842709e-04
1.412524205242564985e-04
1.038002611305365215e-04
1.081816454754481831e-04
1.263057996116183780e-04
1.273330716645902595e-04
6.593766330957133426e-05
6.781627158890401086e-05
7.752346933188726075e-05
9.604804747399676534e-05
9.857735995840494929e-05
1.329090175831461047e-04
1.038421450634387049e-04
