2.488696352886536545e+02
2.519263434094984007e+02
2.525637448204633415e+02
2.529729044988070257e+02
2.531674929659662894e+02
2.531470570456604037e+02
2.528261035940315651e+02
2.522804020453176577e+02
2.514338709527060871e+02
2.502696717453971473e+02
2.487939991099629538e+02
2.470098601969662866e+02
2.448671491671018146e+02
2.424057924395401642e+02
2.396299345560788652e+02
2.365518883450887415e+02
2.332053945343251939e+02
2.296023270487284833e+02
2.257538116361384084e+02
2.216828421027763625e+02
2.174728073984996399e+02
2.131126725118669185e+02
2.086113585099015495e+02
2.040706976560781243e+02
1.994362809221094039e+02
1.948304441357881842e+02
1.901394448930443275e+02
1.855288503347272240e+02
1.809409816784197744e+02
1.764003116481346751e+02
1.719367161259711168e+02
1.675690547413769877e+02
1.632723322632049872e+02
1.590841440992488458e+02
1.550284333153653336e+02
1.510593648921215788e+02
1.472616373483330108e+02
1.435511861298834333e+02
1.399559524947427462e+02
1.364971099911622332e+02
1.331830160237296923e+02
1.299880356018198881e+02
1.269122999186994321e+02
1.239761521050465092e+02
1.211675462101953400e+02
1.185088160389552598e+02
1.159560087391518550e+02
1.135544576309639666e+02
1.112727513710091642e+02
1.091495641030267905e+02
1.071548213988169493e+02
1.052968548842517151e+02
1.035901739497499392e+02
1.020060693262866494e+02
1.005666199757564954e+02
9.927236045966954237e+01
9.808482273811232233e+01
9.706515565885511876e+01
9.616900222250710328e+01
9.540073815508311839e+01
9.473072338144940829e+01
9.421566798750842509e+01
9.379216018719833414e+01
9.348776129691029269e+01
9.327976348271545248e+01
9.317386540598556621e+01
9.315190955738792411e+01
9.321356794573500792e+01
9.334473749249711716e+01
9.353527455871656571e+01
9.382000480466437864e+01
9.415499800609057957e+01
9.454103265267359291e+01
9.499781123655223780e+01
9.548777440417708817e+01
9.602638767221036176e+01
9.662261579710778392e+01
9.725461812339663936e+01
9.788863308752716819e+01
9.857648413642723995e+01
9.930909264281088156e+01
1.000399575800658738e+02
1.008254906733534284e+02
1.016275337644313908e+02
1.024918043925043918e+02
1.033782073410937699e+02
1.043101528726733989e+02
1.052690821342708460e+02
1.062709963170464675e+02
1.073228313458225500e+02
1.084431064563443812e+02
1.096250142606825619e+02
1.109035594290591717e+02
1.122799190287972522e+02
1.137626580656405224e+02
1.153758365704530036e+02
1.170919546657668349e+02
1.189642239250008942e+02
1.209621167405755671e+02
1.231897692289905422e+02
1.256568301878867260e+02
1.283716067385088877e+02
1.314926021984742590e+02
1.350781058802820098e+02
1.393281654087079744e+02
1.444780535206040213e+02
1.508435395276703446e+02
1.590336056171427401e+02
1.697154310645672695e+02
1.835071732399460132e+02
1.998979620068443239e+02
2.160512152869382874e+02
2.258463629451689201e+02
2.218477535595196173e+02
1.993492077071601329e+02
1.604953990613248038e+02
1.138638217375838764e+02
7.052686499369229978e+01
3.788078870107827356e+01
1.753150264426794536e+01
6.987192921648169630e+00
2.399899550010525129e+00
7.076292641664705396e-01
1.820801496456845581e-01
4.222616360164951899e-02
1.094482542799598071e-02
4.452515914986990460e-03
3.299823216974017218e-03
3.217296073909494975e-03
2.854174099812367693e-03
2.613540195317007493e-03
2.483776997431100426e-03
2.476212621097373823e-03
2.447834672309955398e-03
2.229604480880663896e-03
2.295752306816579817e-03
2.040767902918553048e-03
2.102399203560009582e-03
2.101284628845125416e-03
1.906604245911065277e-03
1.990546549119534287e-03
1.757941045302066846e-03
1.890687058529791961e-03
1.607099617514620238e-03
1.487019506027175688e-03
1.574185968176760849e-03
1.470056063044285254e-03
1.634640327679518206e-03
1.405839899329914015e-03
1.553711384641276883e-03
