1.802600115571447930e+02
1.820147351344643027e+02
1.821698259946487042e+02
1.821211350595155238e+02
1.818669464627916170e+02
1.812371797728054617e+02
1.803182608851461168e+02
1.790447971958023459e+02
1.773458861059472156e+02
1.752700761379560959e+02
1.727947300525548826e+02
1.699022411002192143e+02
1.665629673029874880e+02
1.628282627510812404e+02
1.587039279520896571e+02
1.542737346552603412e+02
1.495892614353506360e+02
1.446230200662523373e+02
1.394407180428679567e+02
1.341280122041579261e+02
1.287104927783350092e+02
1.232492541792210687e+02
1.178060779059435106e+02
1.123581952562057609e+02
1.070088969477187106e+02
1.017976093827488171e+02
9.667997805633220310e+01
9.174758144348096778e+01
8.696734448038721155e+01
8.238730427527399058e+01
7.799352531864941795e+01
7.381346996872323984e+01
6.982936931458728225e+01
6.603795243865332054e+01
6.247237830165411765e+01
5.908601373659136158e+01
5.590376008703929500e+01
5.288951010517970275e+01
5.005317218422229786e+01
4.739894919533011119e+01
4.489699770031923975e+01
4.256905240927395795e+01
4.039841573913387407e+01
3.835939652190103999e+01
3.645561743747546757e+01
3.468548588225126394e+01
3.303473643434699625e+01
3.151755950925225136e+01
3.010260002158530312e+01
2.880494310481784126e+01
2.760437530514577276e+01
2.650626120956278342e+01
2.547448170652043942e+01
2.457006593897757796e+01
2.373099763822069264e+01
2.298733133992775279e+01
2.231186211890437576e+01
2.170670908481244865e+01
2.117929846003082517e+01
2.071299481783838203e+01
2.030335034467538691e+01
1.995625937714551767e+01
1.965127837669569999e+01
1.940456788188829762e+01
1.919469458401565376e+01
1.901685197666908422e+01
1.890149380137316015e+01
1.880124661993856350e+01
1.871706279695758468e+01
1.866146772251360986e+01
1.864066044950029877e+01
1.863583843130618334e+01
1.865612137198655063e+01
1.869402288034972059e+01
1.872734457813203335e+01
1.879211000668712828e+01
1.885047539799577621e+01
1.892740341084491718e+01
1.901303302869200706e+01
1.910304122345728928e+01
1.919828803040500986e+01
1.929348129416919377e+01
1.940362832074363908e+01
1.952308920967496064e+01
1.963608008529990911e+01
1.973343116924580443e+01
1.984477726152787724e+01
1.996642949825359636e+01
2.009126621215707686e+01
2.021271057240664959e+01
2.034730916946298507e+01
2.049398385888586560e+01
2.065220064421494683e+01
2.080486058816313744e+01
2.097537790238857269e+01
2.115600297724207124e+01
2.136890727178090188e+01
2.158037172692517558e+01
2.181260107664598280e+01
2.206710334267053497e+01
2.236679462281366071e+01
2.269313570629391563e+01
2.308055911213159561e+01
2.357435257256858918e+01
2.413037514334751421e+01
2.481771823287838075e+01
2.570828808699216950e+01
2.686587947358687600e+01
2.838091236808233830e+01
3.042524251838525018e+01
3.289989963587787258e+01
3.530980448093679058e+01
3.675001072635253507e+01
3.601582382950518024e+01
3.225192997521824623e+01
2.592208531022899720e+01
1.833118958833317080e+01
1.134535926756345603e+01
6.092477269470691681e+00
2.823750131944608555e+00
1.124112011234198460e+00
3.843250735549632591e-01
1.134137066564133156e-01
2.915447024121517808e-02
6.657678921547487833e-03
1.353613532237418239e-03
5.578692261278330464e-04
3.026320187953987213e-04
1.718613665536550641e-04
1.013963836640784696e-04
1.445232431055506084e-04
1.096827534587367924e-04
1.581932056254718580e-04
1.706016403124550917e-04
2.010096059983205476e-04
2.557995848727499712e-04
7.895263745963078872e-05
1.039846752664527930e-04
1.392937737841059588e-04
1.402258320639221097e-04
6.875466189321727728e-05
1.760588964375821113e-04
1.165519294421053000e-04
1.153140425454165992e-04
9.108717678334854332e-05
7.084959365667565612e-05
9.609247719718123925e-05
7.888001236831409960e-05
8.560429999066729236e-05
1.482629089556060928e-04
