2.488263088775468361e+02
2.518253632058713833e+02
2.524232750010503423e+02
2.528043383336411694e+02
2.529835741595246361e+02
2.529459230339597866e+02
2.526114134180620283e+02
2.520495045508698126e+02
2.511837163523738923e+02
2.500057027240932825e+02
2.485127512249517565e+02
2.467166288039903748e+02
2.445582577815287948e+02
2.420838255899028013e+02
2.392997952909817911e+02
2.362053462112235991e+02
2.328548333519823359e+02
2.292367975207176869e+02
2.253798828448375957e+02
2.213037157490179254e+02
2.170858016914029918e+02
2.127191238097930466e+02
2.082124503138177261e+02
2.036555375415468063e+02
1.990210981658461549e+02
1.944062638600008768e+02
1.897082317363975505e+02
1.850821073144294076e+02
1.804832997202520346e+02
1.759336883079086533e+02
1.714615420051159447e+02
1.670819403814192583e+02
1.627657138312611380e+02
1.585708585029045707e+02
1.544947510776121078e+02
1.505054644427061703e+02
1.466819212108646298e+02
1.429492720080302490e+02
1.393206745466788163e+02
1.358257126540221975e+02
1.324557586756470187e+02
1.292043541424343687e+02
1.260544692406353278e+02
1.230337089574971117e+02
1.201305919477945565e+02
1.173359551833674459e+02
1.146287571750373928e+02
1.120384963744429001e+02
1.095378191032681059e+02
1.071542128052679317e+02
1.048635863910757990e+02
1.026591243206940476e+02
1.005618541628637104e+02
9.853611157224888473e+01
9.660369912912717894e+01
9.477661752934589856e+01
9.300776571713767282e+01
9.135643282630597639e+01
8.977085793778171308e+01
8.828222183114526445e+01
8.684841863041775412e+01
8.554773222011709777e+01
8.431088322797920398e+01
8.315583685540741499e+01
8.209776885128910351e+01
8.112887267682825154e+01
8.025308653792176017e+01
7.945279039573360080e+01
7.873363437297818734e+01
7.809602004108955953e+01
7.756707149752722330e+01
7.710682640826642853e+01
7.673366965932444828e+01
7.645075123322651223e+01
7.625807012214647784e+01
7.614211225992788457e+01
7.610767845179991298e+01
7.615918507518502167e+01
7.627344309670611722e+01
7.645608971640599805e+01
7.674093629647157400e+01
7.705733570797839604e+01
7.747964725539610242e+01
7.794637675757002171e+01
7.850442557213645500e+01
7.912401675297815018e+01
7.983039840275924348e+01
8.060232635828414516e+01
8.142168192356710676e+01
8.233287265234538665e+01
8.333073735099591772e+01
8.443178230021931086e+01
8.563410621535693679e+01
8.693048166443308844e+01
8.832371574374063528e+01
8.985243722358548268e+01
9.150316449261539731e+01
9.328500956167603420e+01
9.521018648456710309e+01
9.734312877810761222e+01
9.967180258297646844e+01
1.022601883188654597e+02
1.052046831941450620e+02
1.085436486310190105e+02
1.124710945471819343e+02
1.171361681223327054e+02
1.228584574668262093e+02
1.301166944399082581e+02
1.395133996549639619e+02
1.515922698497757892e+02
1.658738413464331245e+02
1.799332673971692316e+02
1.886201769533127504e+02
1.856447667961556363e+02
1.670283933699049612e+02
1.346214801596849497e+02
9.562383883161062670e+01
5.930438771027449718e+01
3.183346628350552621e+01
1.473840682787777467e+01
5.884254399723513274e+00
2.026702931755863801e+00
5.955649852940630984e-01
1.523492005674108030e-01
3.692973725972439197e-02
9.769015952833142932e-03
4.361890486929164736e-03
3.315195687193836938e-03
3.267461435554338406e-03
2.736183095016133954e-03
2.767584444643300494e-03
2.676165549852289882e-03
2.563306247529658667e-03
2.353658783029588877e-03
2.385159231475576531e-03
2.073714628620590417e-03
1.983022478524693044e-03
2.230297471164580450e-03
2.051364004857221361e-03
1.743471034254631159e-03
2.143143451962795445e-03
1.708918323071619396e-03
1.808860783289316246e-03
1.752168405673282421e-03
1.720895492998947502e-03
1.668655501632929864e-03
1.443288142692562880e-03
1.356414189914116782e-03
1.467268346755286248e-03
1.484993058110338580e-03
