2.488223560341681946e+02
2.518163784588808483e+02
2.524104723250577251e+02
2.527893700572591058e+02
2.529650616802159959e+02
2.529264267958060373e+02
2.525901362806094141e+02
2.520272987736205152e+02
2.511619935717159819e+02
2.499807290570731197e+02
2.484864841560187472e+02
2.466882273096024107e+02
2.445289333909074116e+02
2.420517604561454448e+02
2.392656616541684969e+02
2.361717232812802649e+02
2.328186223356476319e+02
2.292000963905356343e+02
2.253440711064794755e+02
2.212653323358505872e+02
2.170452738545743330e+02
2.126785892726405507e+02
2.081723045446208857e+02
2.036141644184025949e+02
1.989776173789982749e+02
1.943644505243296408e+02
1.896627630412325232e+02
1.850391866093547435e+02
1.804376996889091913e+02
1.758846990113576396e+02
1.714167430142933597e+02
1.670349035756093770e+02
1.627179300452132225e+02
1.585191936027822521e+02
1.544455984752638926e+02
1.504530846417092107e+02
1.466256618885633998e+02
1.428933382894787485e+02
1.392657802121965744e+02
1.357691761290150509e+02
1.323980095600182665e+02
1.291453236874743595e+02
1.259949425612936267e+02
1.229673329546250216e+02
1.200611664035367454e+02
1.172671102787577695e+02
1.145552258915552528e+02
1.119612477835306379e+02
1.094530402152550437e+02
1.070671369120436651e+02
1.047705143643309782e+02
1.025536402196603660e+02
1.004480478016263874e+02
9.840918918576917918e+01
9.646444378521579210e+01
9.462107723057103215e+01
9.282724191655547941e+01
9.115480227459038076e+01
8.954363413910847669e+01
8.801681691658545503e+01
8.655188661301430386e+01
8.520458706620894418e+01
8.392010318706753935e+01
8.271475445489400613e+01
8.161103879006638806e+01
8.057780307486648042e+01
7.962884267356200496e+01
7.876161013972392766e+01
7.797655373838844639e+01
7.725401555454676839e+01
7.664871502057705754e+01
7.610272473767547297e+01
7.565236367740033074e+01
7.528198221390336187e+01
7.499770215319273348e+01
7.479206925808118456e+01
7.467237236885762286e+01
7.463726596847492090e+01
7.466440846239443374e+01
7.477411662348775678e+01
7.497042266200926974e+01
7.521102045079726395e+01
7.554629098497430562e+01
7.594208281557735063e+01
7.643107041518793210e+01
7.696707667612542991e+01
7.761673038085179144e+01
7.831366215268099040e+01
7.909125211969988811e+01
7.993985116566337013e+01
8.087861916078682611e+01
8.190357402531475373e+01
8.304819050019770543e+01
8.432934652034997214e+01
8.567417643558198392e+01
8.716204998658183456e+01
8.875643565667697032e+01
9.049415645060796010e+01
9.237356484723036942e+01
9.444478828336225718e+01
9.674913705946801201e+01
9.928060091437524193e+01
1.021398572224360635e+02
1.054250342252281598e+02
1.092850147938799523e+02
1.138891026232620476e+02
1.195077575789117077e+02
1.266335856682796077e+02
1.358219158062516954e+02
1.475969489121050060e+02
1.615901322775370659e+02
1.753364567247065793e+02
1.838431611628587348e+02
1.810425256421605411e+02
1.629160161772551021e+02
1.312915893013864093e+02
9.328919596604060871e+01
5.782634122640412500e+01
3.105711049392701639e+01
1.439430223380855089e+01
5.748724998340416725e+00
1.982715629791647505e+00
5.818591642931342234e-01
1.501819596348974439e-01
3.587481573527594170e-02
9.722262297894556857e-03
4.206487345852430969e-03
3.487805489184487261e-03
3.089715208480974928e-03
2.771696104521676179e-03
2.798112401396874241e-03
2.698687037372247185e-03
2.481712245128684779e-03
2.400099933941443001e-03
2.406377558579441724e-03
2.124256348084030497e-03
1.926039999841561373e-03
2.073484632562201842e-03
2.169530268846623592e-03
1.889455119794922417e-03
2.134233275840055361e-03
1.718705103419386178e-03
1.903247117431735398e-03
1.690001704240490796e-03
1.656481807235686077e-03
1.602380499448800930e-03
1.423838009358879527e-03
1.516134521659726411e-03
1.485214587261572163e-03
1.437899980557219917e-03
