2.487802578709734860e+02
2.517321072219563973e+02
2.522666855673507484e+02
2.526038745688560994e+02
2.527465390987215983e+02
2.526850143751273094e+02
2.523307271272073251e+02
2.517487184228197918e+02
2.508704801368039909e+02
2.496695618091276003e+02
2.481630080943422740e+02
2.463454070540463476e+02
2.441734413766340879e+02
2.416767398314329114e+02
2.388703334911820377e+02
2.357615940465247206e+02
2.323882795546404907e+02
2.287516298731668769e+02
2.248790293029160239e+02
2.207829245429509228e+02
2.165432121463300348e+02
2.121641552121955669e+02
2.076413421004520217e+02
2.030748356208128484e+02
1.984204773417735055e+02
1.937902575871901263e+02
1.890821178896991910e+02
1.844426592935552662e+02
1.798308129401297890e+02
1.752655179335623927e+02
1.707812551199583879e+02
1.663923046217193757e+02
1.620618460044968003e+02
1.578517404383372025e+02
1.537678252170659619e+02
1.497639770639246422e+02
1.459283187512869233e+02
1.421802008927821532e+02
1.385382904562605120e+02
1.350273062273399489e+02
1.316428840976352035e+02
1.283808523068452416e+02
1.252140775050392847e+02
1.221731482696785065e+02
1.192454203328219080e+02
1.164307214786843900e+02
1.136940284505747485e+02
1.110862344498588499e+02
1.085527709000884897e+02
1.061424662252093611e+02
1.038105617736977138e+02
1.015647022946504450e+02
9.941993122752049317e+01
9.733447403498736605e+01
9.534067602942087660e+01
9.343744628557962528e+01
9.157648095231482444e+01
8.982171611941885203e+01
8.812465357901756136e+01
8.648776791280347709e+01
8.489820733878433145e+01
8.340685535954698082e+01
8.195215399524714428e+01
8.055698433658666602e+01
7.923062801950715084e+01
7.795643501705492895e+01
7.673991685756568870e+01
7.556309636010522013e+01
7.443008674632888244e+01
7.333946803223045663e+01
7.231477333538320806e+01
7.132112999502174944e+01
7.037953307895419641e+01
6.949143435311586359e+01
6.864674780383650443e+01
6.784552985211941234e+01
6.708521937774426647e+01
6.637489616864904463e+01
6.569437381359593076e+01
6.505916837231683303e+01
6.448783697214368260e+01
6.391798242788268425e+01
6.342972342428971899e+01
6.297279147642549901e+01
6.257818044985216233e+01
6.221148862019711601e+01
6.191736391170098130e+01
6.165631554377738155e+01
6.144500114809102342e+01
6.129780947396359636e+01
6.122422452665435344e+01
6.121487335858441270e+01
6.128100126796852720e+01
6.144932723121519302e+01
6.168635034210463175e+01
6.204274550345976991e+01
6.247667340016462845e+01
6.301325130723496670e+01
6.366116259355945317e+01
6.446205461756620991e+01
6.543574603176611504e+01
6.656322609410683810e+01
6.794117254782369741e+01
6.960412701927737089e+01
7.167900681341683367e+01
7.424345450725422779e+01
7.749401010835283898e+01
8.173064362634590907e+01
8.732349807545321596e+01
9.457955841996947299e+01
1.031877612487797649e+02
1.115738860882442793e+02
1.165624322463634712e+02
1.143711990472779263e+02
1.026377790697785741e+02
8.251207091792532822e+01
5.844977207017486620e+01
3.617857193727716236e+01
1.939890079066070427e+01
8.968379421094518023e+00
3.577261847318854660e+00
1.231580231751508325e+00
3.659982009128093239e-01
9.370197118040550499e-02
2.417345031893752133e-02
7.804796032086568774e-03
3.703935575103824152e-03
3.013678241853637047e-03
3.153750454579681058e-03
2.558755617340792432e-03
2.764974418383835727e-03
2.300963861015917471e-03
2.447038881827196238e-03
2.806738906128784447e-03
2.249529054333597629e-03
2.016192084691929669e-03
2.127524521312467581e-03
2.142202361233259619e-03
2.044904506901153596e-03
2.099675029061633374e-03
1.680976812318659211e-03
1.638908067260754376e-03
1.859637186507316891e-03
1.598845752368688398e-03
1.567515333783275336e-03
1.626043086256021616e-03
1.449008219609543985e-03
1.619608386515268171e-03
1.565211323697883981e-03
1.570293130338029164e-03
