1.802821960691494780e+02
1.820587820007207824e+02
1.822243515518489971e+02
1.821841141751307589e+02
1.819368106382615906e+02
1.813115894375142716e+02
1.803999643562646042e+02
1.791308440661086934e+02
1.774384172619595290e+02
1.753701808807042255e+02
1.728980785706274617e+02
1.700079273130072011e+02
1.666752061306615360e+02
1.629424662062956486e+02
1.588204611411945564e+02
1.543913721183424741e+02
1.497114824935657964e+02
1.447465775646722079e+02
1.395649908992248527e+02
1.342582137100075101e+02
1.288437544056246793e+02
1.233858938518517050e+02
1.179467747801488002e+02
1.125031982520207094e+02
1.071583250788583683e+02
1.019586196524614934e+02
9.684238348496081983e+01
9.191566649423394608e+01
8.714881255832086993e+01
8.257961327677023178e+01
7.820456653733789665e+01
7.404613408849884593e+01
7.008346950342982495e+01
6.632613540533283469e+01
6.280492906815683085e+01
5.947072538882881787e+01
5.635550475792519620e+01
5.342174927568218123e+01
5.068381117100620514e+01
4.814599671285314741e+01
4.578620161197613925e+01
4.361947607016837480e+01
4.163767422967228526e+01
3.981690472744715947e+01
3.815663226404123520e+01
3.664601216504039627e+01
3.527559643385595223e+01
3.406680235602996731e+01
3.296955472916468466e+01
3.203004244875369722e+01
3.117597195784199116e+01
3.043269745075506094e+01
2.977337160882436606e+01
2.923432447008478263e+01
2.876503066734100500e+01
2.838100424328715476e+01
2.806002482407105347e+01
2.780769669013615442e+01
2.761404759708481649e+01
2.745138422172102821e+01
2.732318046456202865e+01
2.724807784908140817e+01
2.720314331352710724e+01
2.717693496050519997e+01
2.719961800498681015e+01
2.720302367758833739e+01
2.724683196345965186e+01
2.730257485579285515e+01
2.734416541798661271e+01
2.738086710715045413e+01
2.742820864719235274e+01
2.748406629026349890e+01
2.752213425851530459e+01
2.756928465204934398e+01
2.760791104535261908e+01
2.764827265693909553e+01
2.767187547890676314e+01
2.769455290254619229e+01
2.772232988104224205e+01
2.773566337157454598e+01
2.773943903793891153e+01
2.771841945644054306e+01
2.772259201875163370e+01
2.770666601736512291e+01
2.769850116740498436e+01
2.767033768900566670e+01
2.764354649310310563e+01
2.762372679304745304e+01
2.761463681297997752e+01
2.759531416143808258e+01
2.757999105627338210e+01
2.757459104806184769e+01
2.759708831852508837e+01
2.762262948105732718e+01
2.767544906006919092e+01
2.772830197877354053e+01
2.778525035993920511e+01
2.787646056421928975e+01
2.801820590885149187e+01
2.816397294940220064e+01
2.835148979309532535e+01
2.861532378900382412e+01
2.894902260932657612e+01
2.934518207154340175e+01
2.984938443452119827e+01
3.052482572529051197e+01
3.143644040533238027e+01
3.265714007491866511e+01
3.434898055800132965e+01
3.664170573030909139e+01
3.939144555230935651e+01
4.207354686078097927e+01
4.352801887152923399e+01
4.252595320964852732e+01
3.801175867145260412e+01
3.046236917873223504e+01
2.155315077056487283e+01
1.330334290303289890e+01
7.152228250116523967e+00
3.308547909992436420e+00
1.312503278983058408e+00
4.456456979658898754e-01
1.290645739406776904e-01
3.500655012071383215e-02
8.110105918566309219e-03
1.348126390304033289e-03
4.040714478553368962e-04
2.600848695890462772e-04
1.746840010400497838e-04
1.156484444990886745e-04
1.359198699788634150e-04
1.658143837858844965e-04
1.390640667825830126e-04
2.890164671946266937e-04
7.232153466972997280e-05
1.662170722157921005e-04
1.203411776370594185e-04
9.119574850177337630e-05
1.837449567228553520e-04
1.028432373246913705e-04
1.022075041596299296e-04
1.081808609881428258e-04
7.215214321914766504e-05
6.964209566291021901e-05
5.084355493017258160e-05
9.305065436196160089e-05
7.198955895256393966e-05
1.455651520562212991e-04
7.017156691898616451e-05
1.152544388022134689e-04
