1.802313110298580625e+02
1.819530908001793819e+02
1.820782460106743770e+02
1.820088640848795478e+02
1.817397666507297060e+02
1.810953880945841377e+02
1.801642496056026914e+02
1.788777275350358877e+02
1.771679996119605107e+02
1.750801853073967891e+02
1.725932253731621699e+02
1.696896858215332031e+02
1.663407400449117119e+02
1.625969187418619697e+02
1.584606661531660166e+02
1.540228146711985175e+02
1.493296092616187138e+02
1.443544514444139395e+02
1.391645936701032724e+02
1.338447511725955508e+02
1.284187787903679805e+02
1.229510446124606631e+02
1.174995803303188779e+02
1.120426416662004243e+02
1.066878582636515347e+02
1.014731689691543579e+02
9.634504710303411912e+01
9.140102718936071824e+01
8.661347552140553319e+01
8.202455214659373439e+01
7.762552734216053807e+01
7.343543056646983302e+01
6.944155792395274318e+01
6.564034068584442139e+01
6.206088458167182154e+01
5.866155911816490942e+01
5.546667854653464502e+01
5.243745850854449486e+01
4.958235624101426708e+01
4.690239563253190624e+01
4.437404143810272217e+01
4.201112925344042992e+01
3.980267177687751001e+01
3.771978743871053297e+01
3.576145847638448316e+01
3.392336345381207252e+01
3.219290333324008202e+01
3.057972001367145154e+01
2.905008093516032019e+01
2.763076881898773962e+01
2.628860175940725696e+01
2.503040821684731299e+01
2.381735642419921106e+01
2.271095212300618371e+01
2.165389282504717627e+01
2.066794455051422119e+01
1.973129164179166040e+01
1.885765554838710401e+01
1.803298293219672388e+01
1.725008959571520606e+01
1.650522283050749195e+01
1.581326265467537695e+01
1.515963922606574243e+01
1.454598849349551770e+01
1.397603105174170679e+01
1.340615648693508533e+01
1.289891055226325989e+01
1.240396911236974908e+01
1.193319318360752490e+01
1.148545865052276227e+01
1.106476430263784216e+01
1.066457069251272394e+01
1.028552186323536688e+01
9.927389181322521239e+00
9.586238576306236325e+00
9.269654121663835511e+00
8.956079444951480895e+00
8.673892521195941896e+00
8.405203501383462950e+00
8.136058433188331662e+00
7.892847975095112822e+00
7.661630077494515412e+00
7.441113900807168946e+00
7.232370666331714659e+00
7.034740472833315827e+00
6.836406169666184418e+00
6.655941695802741975e+00
6.488897416326734557e+00
6.333001811471250520e+00
6.182881254288885131e+00
6.040294671224223144e+00
5.907622222271230683e+00
5.788180387682384520e+00
5.678783102995819121e+00
5.580064102179473906e+00
5.479758560657501221e+00
5.396214212808343902e+00
5.312564557625187867e+00
5.245693258941173553e+00
5.183581144445472688e+00
5.142810083097881346e+00
5.106545590692096681e+00
5.086968786186641722e+00
5.082244810958703063e+00
5.092349180744753845e+00
5.133013502591186494e+00
5.201030393441517852e+00
5.337618138227197662e+00
5.538426361978054047e+00
5.842627074983385072e+00
6.200899957782691985e+00
6.561892970568603545e+00
6.742919590738084779e+00
6.540950735410054229e+00
5.805102075967523589e+00
4.637986528376738526e+00
3.273167105184660919e+00
2.012840850278735161e+00
1.077802966659267669e+00
5.051138694398105145e-01
1.970629973285314140e-01
6.596590995549275749e-02
1.905705523619695418e-02
5.149180127080161228e-03
1.304601771887329729e-03
3.567557165371739911e-04
8.711617009677436374e-05
8.300776595409989648e-05
3.426452108070934577e-05
9.797714547163986168e-06
2.124860553685979764e-05
2.546840383072574343e-05
4.995671781163027056e-06
2.525703627043185406e-05
2.605925741811571911e-06
1.232090994187886912e-05
5.945415825634212517e-06
4.579666245439915684e-06
3.778194656926340411e-05
1.213009735289026619e-05
8.594140368442834243e-06
6.282453879593831924e-05
1.436836265157460818e-05
1.821031670938092924e-06
2.870564068126037004e-06
1.160677572108347161e-05
6.401741975242063759e-06
2.710535071573063937e-05
6.104279906307870113e-06
2.121243426876794186e-05
