8.974765894778710162e+02
4.980447831690405565e+02
3.293780975571436329e+02
2.568220641552439929e+02
2.127717933144956532e+02
1.855283467445450469e+02
1.659182055104397477e+02
1.513527113620682485e+02
1.395044555146108394e+02
1.304110885416597228e+02
1.221410110162428282e+02
1.155475729203191264e+02
1.098152093269788452e+02
1.046964881890326353e+02
9.999793444420812705e+01
9.579455265033904254e+01
9.194389667929885945e+01
8.848835791909291970e+01
8.513719833064646991e+01
8.186872247214206766e+01
7.938302771504034183e+01
7.661061887239016244e+01
7.404615905448642366e+01
7.155669218681630639e+01
6.910547079544568305e+01
6.692885278624341083e+01
6.459516500586876475e+01
6.235087662448124490e+01
6.032823143804282040e+01
5.816844385103502901e+01
5.613063448297576485e+01
5.410814131405145844e+01
5.202872071184475544e+01
5.006269019530147801e+01
4.803962397736012946e+01
4.598140698930035342e+01
4.406913459382621312e+01
4.206575754262537714e+01
4.002972237430048352e+01
3.806703398912652148e+01
3.607710765915030748e+01
3.414935187164559949e+01
3.224644819963950226e+01
3.036522961118872033e+01
2.847384140794945395e+01
2.663331254004899407e+01
2.489091389886952044e+01
2.319221710464893960e+01
2.153598291652502894e+01
1.997559638185944664e+01
1.848867840880373592e+01
1.708041909080695575e+01
1.575726960111609110e+01
1.452605425703870878e+01
1.339228830730109898e+01
1.233879091869651745e+01
1.135968573229061818e+01
1.045955429087352151e+01
9.625588221200004568e+00
8.876799887239592124e+00
8.180977202195128584e+00
7.550851712757908452e+00
6.978569136328912847e+00
6.457529435453612798e+00
5.983892001790903414e+00
5.552984748371013524e+00
5.161458728667891016e+00
4.805020140541643947e+00
4.481749418630876391e+00
4.187361416036383233e+00
3.918889158759427449e+00
3.674443832226109041e+00
3.451097562204420210e+00
3.247965662078959870e+00
3.063082419129241174e+00
2.895117305252819406e+00
2.739363544680911922e+00
2.597888992890303950e+00
2.468331953771151888e+00
2.348820870211951739e+00
2.239171729793677290e+00
2.138457188603252401e+00
2.045679750146363496e+00
1.960881580788604195e+00
1.882109757784522497e+00
1.809400322829798347e+00
1.742636056355979957e+00
1.680657225802486554e+00
1.624125967360093181e+00
1.571799165391282616e+00
1.523334796984624706e+00
1.478499957454158187e+00
1.437070237219135738e+00
1.399127228543266543e+00
1.363625347460045933e+00
1.331280138445554817e+00
1.301900261155859662e+00
1.274014789689023486e+00
1.248653522314651321e+00
1.225344836594895792e+00
1.203802631609313112e+00
1.184292618493777205e+00
1.166363990814762275e+00
1.149910712326560613e+00
1.134904356527493219e+00
1.121168390859580866e+00
1.108773980949175009e+00
1.097323483952540091e+00
1.086829981061669059e+00
1.077386638263825969e+00
1.069472335524063844e+00
1.062946175351931366e+00
1.058485023400175695e+00
1.055103978345615756e+00
1.051935868776473049e+00
1.049805878859422670e+00
1.047915942626989505e+00
1.046354800486898995e+00
1.044276715179858206e+00
1.043280606124828092e+00
1.043247788960744327e+00
1.040127351790445687e+00
1.040647987463703350e+00
1.060992569182425127e+00
1.098583671503863934e+00
1.057767480989973974e+00
1.056046916002997715e+00
9.899601679973242252e-01
1.077169301245239907e+00
1.119309602641219037e+00
9.067832325193161402e-01
9.450083059187230905e-01
9.674077214491079157e-01
9.327015500703194073e-01
8.920577090544575816e-01
1.210305137737507808e+00
9.443160322222727832e-01
9.699640943135552362e-01
1.131666411560051655e+00
1.107198102626793190e+00
1.091479048689987907e+00
9.471821518201797296e-01
1.082494347994078066e+00
9.027792518071087180e-01
9.725770492539942413e-01
1.017574329685815071e+00
1.022022848332726497e+00
9.452849470927767728e-01
9.760348947881698489e-01
1.021425182067950077e+00
