1.367748217563449543e+03
8.078099268780472357e+02
5.087480231705434335e+02
3.776872188701686923e+02
3.061967029033899053e+02
2.615420547350551601e+02
2.312303339644108178e+02
2.095098422219195697e+02
1.924469218376590902e+02
1.789637379805022022e+02
1.675283757792035146e+02
1.575990698039364872e+02
1.493142947012498496e+02
1.420236817663797524e+02
1.356645303532027356e+02
1.292286373652341354e+02
1.236386903791372589e+02
1.184698969458283813e+02
1.140452463668217860e+02
1.096703807952165022e+02
1.057278952930611666e+02
1.022211515137593949e+02
9.850085853675307135e+01
9.525408741659951772e+01
9.199660027960860020e+01
8.921416587082588023e+01
8.625397918707990641e+01
8.346895975761852071e+01
8.107128719202229661e+01
7.842818592122576149e+01
7.594950527384749250e+01
7.355119658863657151e+01
7.137954795407418374e+01
6.914220430226424696e+01
6.676358337366146145e+01
6.475295038868976860e+01
6.260878934864562240e+01
6.060869244404590717e+01
5.878349047510882031e+01
5.678064138424769425e+01
5.488726338206266320e+01
5.297467204789166573e+01
5.118315699713844680e+01
4.948582600916235918e+01
4.768845808871238034e+01
4.583105251453365270e+01
4.405677246103830669e+01
4.231174763198768574e+01
4.066125516366314230e+01
3.889974932541355201e+01
3.718352918803062579e+01
3.545112309195424416e+01
3.372364913091332284e+01
3.201744103339360237e+01
3.032840394849396759e+01
2.863194452161840431e+01
2.702218542715941396e+01
2.540138051864001767e+01
2.383229349635828598e+01
2.231296200924358786e+01
2.081934280254385783e+01
1.943327692027948927e+01
1.807476289534724501e+01
1.678528651844740693e+01
1.555646589134439139e+01
1.440515243821331381e+01
1.334046523706004272e+01
1.233928134894780904e+01
1.141539046812809666e+01
1.055539912522011647e+01
9.761921974000701496e+00
9.034364034233396623e+00
8.357305189224103259e+00
7.747797649414173371e+00
7.182951109786168686e+00
6.670519455342519777e+00
6.200189187808177849e+00
5.770941537860128534e+00
5.380571217794521743e+00
5.021108121963618665e+00
4.695252375123292410e+00
4.394913988102716829e+00
4.123249021675667869e+00
3.875258033937726498e+00
3.647315829482266736e+00
3.437966519389111575e+00
3.248123221625029533e+00
3.071838697840562737e+00
2.911136841708184431e+00
2.761887903273693379e+00
2.625611742812920646e+00
2.499993400943662625e+00
2.384066578562150873e+00
2.276912348549739562e+00
2.178788882350341183e+00
2.087672851167029719e+00
2.003428256293525500e+00
1.925582128434602858e+00
1.853445103417431961e+00
1.786766954071022484e+00
1.724762401453042493e+00
1.667325559845460381e+00
1.614080774582308919e+00
1.563691526342687599e+00
1.516688809536618443e+00
1.472855302392404253e+00
1.432145279773864077e+00
1.393985132530092708e+00
1.358324665989548485e+00
1.325595255484785850e+00
1.297068072593852595e+00
1.273832083580395125e+00
1.255281693600323045e+00
1.241437742600335570e+00
1.230452710795825411e+00
1.222348745289055572e+00
1.214254535355630660e+00
1.208898797885938681e+00
1.202007869428056486e+00
1.197885093631029907e+00
1.194376657559121924e+00
1.186630645040481991e+00
1.191172701899037012e+00
1.194028322899783889e+00
1.177052395998894774e+00
1.145718691492313202e+00
1.074865395312744498e+00
1.049147201001938257e+00
1.043274822528856838e+00
9.625314182889682657e-01
1.027545892239469350e+00
1.024856262628859316e+00
1.041455244291874749e+00
1.096831756291259286e+00
9.234338566421563810e-01
1.037478687354462581e+00
1.019391425955575414e+00
9.691067822801359144e-01
1.000811679629788564e+00
9.354927231902181450e-01
9.828991496292756036e-01
9.466391536870959467e-01
7.982837941103655410e-01
1.012479464846785193e+00
1.016693019518102759e+00
1.044223394436866403e+00
1.118885644266381263e+00
1.070587794347860777e+00
1.059271655835873238e+00
9.770575901923841400e-01
