4.751209328798157117e+01
4.819183349997473442e+01
4.835218361566541034e+01
4.849738837277536874e+01
4.863145068381827940e+01
4.874114729280524472e+01
4.884200516991954544e+01
4.892247623645763355e+01
4.899467107020958423e+01
4.904478477000677117e+01
4.908206427833611230e+01
4.910848825367829562e+01
4.911181559064371527e+01
4.910856317413639971e+01
4.907525439394638767e+01
4.903191773561155031e+01
4.895645233818107300e+01
4.887095776664460800e+01
4.876923653135126102e+01
4.864614887526688136e+01
4.851031383070937864e+01
4.833384151866553680e+01
4.815353928633291503e+01
4.795002108555082287e+01
4.770708811225331658e+01
4.745823903783916364e+01
4.718319902650518571e+01
4.689409737514115051e+01
4.657447019922729936e+01
4.625138662509871068e+01
4.590579161917354867e+01
4.554740545440655808e+01
4.517359583814101143e+01
4.478096401269110771e+01
4.438208267867260304e+01
4.396481252629818215e+01
4.353180266979175173e+01
4.309652447089559502e+01
4.265448361291826274e+01
4.220222116631219222e+01
4.174191070756591415e+01
4.127504792010602586e+01
4.080231974953318286e+01
4.033698811998370104e+01
3.986005167484482570e+01
3.938439252112103617e+01
3.891274899389185293e+01
3.843503771422648185e+01
3.796194091451214092e+01
3.748793879455377009e+01
3.702493980449897037e+01
3.655781030397133691e+01
3.610017140100510602e+01
3.564140594209951729e+01
3.519925108473441355e+01
3.476088783549388950e+01
3.432607493076021399e+01
3.390090704282071954e+01
3.348204146703122319e+01
3.307227561394083182e+01
3.266668399368811748e+01
3.226817764929611343e+01
3.188008834678924330e+01
3.150471028825996456e+01
3.114240685982168344e+01
3.078395760555638816e+01
3.044093885773024155e+01
3.009787954527602949e+01
2.977298892293651278e+01
2.945989863847635348e+01
2.915100547022758093e+01
2.885386309137526339e+01
2.856958378806048771e+01
2.829498354196761056e+01
2.804085570133143435e+01
2.778890487250806984e+01
2.754692727584803436e+01
2.731759508854796081e+01
2.710830787465925695e+01
2.690524881378032163e+01
2.671452308243751972e+01
2.654412354558670017e+01
2.637800326062102840e+01
2.623347783403197653e+01
2.610187460863460629e+01
2.598385594025716117e+01
2.588399975954056842e+01
2.580078361250506092e+01
2.573574511327099756e+01
2.569314201643608442e+01
2.566981242239585370e+01
2.566510075549068048e+01
2.568254240637837427e+01
2.573641972782484544e+01
2.582950956327979242e+01
2.594904587788889572e+01
2.611634620646233884e+01
2.630504440067169725e+01
2.654110712499796065e+01
2.684016846942489209e+01
2.718382958653202763e+01
2.760454875655446472e+01
2.811452728958683167e+01
2.874962296435210618e+01
2.951537732814421489e+01
3.048118641018050567e+01
3.172941926780584154e+01
3.336150519016351979e+01
3.552547211216829481e+01
3.833858926708947479e+01
4.166335920142706328e+01
4.489409839719661477e+01
4.675802821313104829e+01
4.577849601728092210e+01
4.101361040112085732e+01
3.287084617425165334e+01
2.326463180131567654e+01
1.436733273464008676e+01
7.689874872916145243e+00
3.558915053182058585e+00
1.419723624025975406e+00
4.862420723293730540e-01
1.446141329847586421e-01
3.827245989274588589e-02
9.570800494434492448e-03
3.124290374156474086e-03
1.776139218004106884e-03
1.414249319466360719e-03
1.223157383346901638e-03
1.143819019701695049e-03
1.193309572098715443e-03
1.165674612808453295e-03
1.098224339044245445e-03
1.087909093443226432e-03
9.681559015549673483e-04
1.093063564997890074e-03
9.084663594939973138e-04
8.291940335635312976e-04
9.128111172138982272e-04
8.758301978639607523e-04
7.484546299043158416e-04
8.267216484734993872e-04
6.787428192861387965e-04
7.237423841034860885e-04
6.795080191133633443e-04
6.786392684536887276e-04
6.661082818656456237e-04
7.042199643648285132e-04
6.603439002967482607e-04
5.862398873021321686e-04
