4.752556258689680391e+01
4.821561636837675735e+01
4.839442407676619240e+01
4.855720938698620159e+01
4.870309935335111362e+01
4.882250617428979922e+01
4.893154052725076042e+01
4.901651476797071183e+01
4.909492651537712504e+01
4.915017494391342723e+01
4.919136479783934135e+01
4.922249838652244591e+01
4.923262462887210233e+01
4.923381137255460516e+01
4.920612190759614890e+01
4.916759072228938976e+01
4.910035143891554554e+01
4.902099756285433330e+01
4.892479516233323977e+01
4.880899006128023387e+01
4.867856370650955711e+01
4.850764727549866961e+01
4.833335123410498824e+01
4.813545105201170315e+01
4.789956001820256404e+01
4.765399852923361124e+01
4.738543249193102014e+01
4.710109540535712114e+01
4.678689629274765593e+01
4.646862815387734003e+01
4.612541278699519864e+01
4.577341276762301447e+01
4.540418790047468889e+01
4.501459388129273975e+01
4.462041834505172488e+01
4.420676304652561583e+01
4.377859450635152427e+01
4.334849932335771427e+01
4.291253618689903249e+01
4.246425476917100639e+01
4.200884895862079560e+01
4.154673456920902197e+01
4.108043175623487997e+01
4.061850970212938705e+01
4.014704328668764077e+01
3.967580797354099076e+01
3.920951318460900836e+01
3.873888810561585672e+01
3.827080177056166832e+01
3.780294266189689267e+01
3.734746213500686451e+01
3.688848320347666032e+01
3.643811490139842846e+01
3.598969271036317963e+01
3.555551320747909472e+01
3.512827257740404718e+01
3.470615932524318481e+01
3.429371251660336384e+01
3.389155550130092109e+01
3.349985417071088989e+01
3.311412756391843004e+01
3.273685425969647156e+01
3.237302013444789139e+01
3.202822647515382926e+01
3.169851352063556504e+01
3.137462819276433379e+01
3.107513952619542863e+01
3.077791920770166811e+01
3.050282089426718457e+01
3.024808220881866561e+01
3.000267108400583638e+01
2.977615543275372900e+01
2.957234445080493046e+01
2.938607990231726319e+01
2.922647554436339590e+01
2.908180595871177232e+01
2.895381942240613427e+01
2.885052796642603568e+01
2.877499047612631244e+01
2.872037272238241101e+01
2.868676392131686015e+01
2.868345769867326212e+01
2.870030169675333909e+01
2.874585935683609605e+01
2.882233679254553493e+01
2.892038577247576825e+01
2.904753480711784874e+01
2.920723589455477409e+01
2.939751676735094321e+01
2.962407587459158620e+01
2.988754253934356697e+01
3.017612507409271316e+01
3.051059112249828331e+01
3.088968697356071402e+01
3.132766218207101261e+01
3.180901877039754666e+01
3.235311540793428975e+01
3.294713844642326706e+01
3.360872225549336179e+01
3.434222834739104258e+01
3.515865074654542610e+01
3.607992915037338122e+01
3.713509977654618410e+01
3.836354900076342744e+01
3.978222268663513006e+01
4.149324980619502412e+01
4.361214766429507250e+01
4.628576030012006015e+01
4.973762393631715639e+01
5.414576544236497568e+01
5.933381592681831762e+01
6.447928266024040056e+01
6.767871293523789689e+01
6.668286588456365394e+01
6.006567802034402348e+01
4.837964503846891517e+01
3.435749852540274674e+01
2.128432475231086229e+01
1.143670714526658649e+01
5.306152035279617429e+00
2.117825834453929801e+00
7.277226393425221262e-01
2.160663827660694036e-01
5.597678721367371074e-02
1.319736113303599662e-02
3.819083168758457322e-03
1.816562775995734114e-03
1.432028916591100232e-03
1.191941738881674992e-03
1.228136218854996090e-03
1.210606700041152138e-03
1.134014762700644640e-03
1.062048329242427491e-03
1.153456601114597520e-03
9.350180806099144936e-04
1.030721259703522861e-03
8.683083399341676558e-04
9.850373164020345858e-04
9.452981983726627124e-04
9.312068560198709420e-04
8.587903798821954794e-04
8.313855217132393649e-04
7.556117338828978111e-04
7.506759354618931877e-04
7.459181008258649465e-04
7.432601824129567375e-04
6.479525282204906013e-04
6.811786902678602885e-04
6.457813783319292641e-04
6.500098992485411941e-04
