2.810133030084913663e-01
3.565088935916038149e-01
4.253622487557027765e-01
4.830708900680368290e-01
5.351630923670517292e-01
5.838633444249862192e-01
6.246711076279067854e-01
6.677630553094197063e-01
7.044521810015953456e-01
7.430497691997186571e-01
7.813696833097166783e-01
8.152103670286454662e-01
8.499150830474655471e-01
8.846201129831877674e-01
9.204192842694526311e-01
9.554461809613241652e-01
9.916275763734028192e-01
1.029698537353541221e+00
1.070384931253719252e+00
1.111869116061304563e+00
1.153572044522386930e+00
1.200249675723058740e+00
1.249618247380513303e+00
1.305052163230962847e+00
1.364291260513370130e+00
1.424043732277635144e+00
1.493169536155930954e+00
1.564772594912144932e+00
1.646215516204914797e+00
1.730382754036748016e+00
1.825241835017835212e+00
1.929598840085272604e+00
2.041064592351962581e+00
2.166187084582290368e+00
2.299193174814484486e+00
2.442992139880222346e+00
2.602655456405693180e+00
2.774488123996030176e+00
2.958001400883766063e+00
3.158883288511756593e+00
3.375817932915839314e+00
3.609801046023536131e+00
3.864820775399523178e+00
4.136384994113997848e+00
4.423917120929014679e+00
4.731270332302825565e+00
5.052748404870091470e+00
5.397536109277104366e+00
5.764646715371919861e+00
6.146164858305413148e+00
6.542020948406991998e+00
6.958709608165200677e+00
7.388175733842285986e+00
7.837609358803467430e+00
8.299018866019370222e+00
8.775528973231006447e+00
9.264436482867996148e+00
9.766888080468936195e+00
1.027612519912933564e+01
1.079912026643623157e+01
1.133255687350343166e+01
1.186062888611400190e+01
1.240204958706163296e+01
1.294925804679574810e+01
1.349688328373060386e+01
1.405258230594088964e+01
1.460372889007018316e+01
1.515555606421345836e+01
1.570592163531241425e+01
1.625267156042622929e+01
1.679663458805746146e+01
1.734222450571793672e+01
1.788352814816123981e+01
1.842651643552097696e+01
1.894561071066782887e+01
1.947419595664915093e+01
1.999781465470531217e+01
2.051842856184082464e+01
2.102915119783856923e+01
2.153233709890069392e+01
2.204169057740966053e+01
2.254149520019694464e+01
2.304159267658980426e+01
2.354129042386742654e+01
2.403174940525158831e+01
2.452215824816385847e+01
2.502085880428462872e+01
2.552034989102145346e+01
2.603052584210796283e+01
2.655772932483722570e+01
2.708707185329508249e+01
2.763252558389117652e+01
2.818980690235305886e+01
2.878716619104565666e+01
2.938808753006323471e+01
3.002467405516247112e+01
3.070228306966427212e+01
3.141962092209458390e+01
3.217500140499520001e+01
3.297963260998859880e+01
3.385805852934915805e+01
3.482326895072998241e+01
3.589188353835893253e+01
3.712083227087211412e+01
3.853900979495340806e+01
4.022164035063741494e+01
4.227477007510180584e+01
4.487904350571016465e+01
4.819959636504557920e+01
5.245223747651864699e+01
5.744671890478978327e+01
6.234376913380349094e+01
6.538951477533956336e+01
6.439569957724557980e+01
5.795976675480052620e+01
4.665764531030090723e+01
3.314095728379076888e+01
2.054482630055043657e+01
1.101993754986056295e+01
5.097454739067659446e+00
2.036448954827236424e+00
7.000441912620010143e-01
2.072370848252491349e-01
5.375264215379781108e-02
1.284416064437372308e-02
3.754176380091232054e-03
1.720363299705773581e-03
1.318116375069718592e-03
1.209217419445764640e-03
1.294997447977030893e-03
1.194064357554635962e-03
1.099889287717765356e-03
1.045435870388859018e-03
1.069413647694626192e-03
1.049976687657824554e-03
9.680716013042655298e-04
9.549941380363036582e-04
9.132540908818595005e-04
7.952310121783619191e-04
9.079936486402241658e-04
8.385092744292038398e-04
7.708112744071869043e-04
8.688003774964982292e-04
7.958553356218764710e-04
8.119996386051898767e-04
7.297238633631001345e-04
6.449864873071267874e-04
5.675264046572104639e-04
6.765139603341614825e-04
5.987085116424062728e-04
