3.417100090531874357e-02
5.869710489548792681e-02
9.344100207487464338e-02
1.262607999160460237e-01
1.563784904309394042e-01
1.833543317980858012e-01
2.072788433212094938e-01
2.295305954083702582e-01
2.505266833887436206e-01
2.693133301553023440e-01
2.879103076402217964e-01
3.065595230936484783e-01
3.238728968491032534e-01
3.400922058129847714e-01
3.560318657941167197e-01
3.731147957609020627e-01
3.895616997966412920e-01
4.060751543752870174e-01
4.205446578097249977e-01
4.367165742868027167e-01
4.522178220209178701e-01
4.654348469885263295e-01
4.819333775386775987e-01
4.965550448163008057e-01
5.109612029292247559e-01
5.238746660600763771e-01
5.396648839312777612e-01
5.537706167448189776e-01
5.664768315480677163e-01
5.817991576137629961e-01
5.962525904256501530e-01
6.117759807376791370e-01
6.249554406590361877e-01
6.392722344712463700e-01
6.574040535413533393e-01
6.704761259791954808e-01
6.875053503175124758e-01
7.023017069927742773e-01
7.175303498203441377e-01
7.339848647195630349e-01
7.518897564239918063e-01
7.702170581456968534e-01
7.881838219824025549e-01
8.064309659875721348e-01
8.262364692433011859e-01
8.504870304283966842e-01
8.730788265509324964e-01
8.974201474546190660e-01
9.225055835029015716e-01
9.517516607947099638e-01
9.822940102239769988e-01
1.018014429764233286e+00
1.057473781598369023e+00
1.099445399925068179e+00
1.144777271581376432e+00
1.197365103293948518e+00
1.252073652160439199e+00
1.314625331500677952e+00
1.385447550233357417e+00
1.460454352046075099e+00
1.545005792556322310e+00
1.634356064149901533e+00
1.736722213348553145e+00
1.850243977053079192e+00
1.972617629364974867e+00
2.106070526936869580e+00
2.248330305865927858e+00
2.404488770538065534e+00
2.572425815859124221e+00
2.751824093252786430e+00
2.946221788554062915e+00
3.154866563050082284e+00
3.376236931216573200e+00
3.608385971487690913e+00
3.859637305453677669e+00
4.122711396051253807e+00
4.397680800134470047e+00
4.688919451187703480e+00
4.989236718991176822e+00
5.308967205549248725e+00
5.640082112853023411e+00
5.994275330944188518e+00
6.352036816637260053e+00
6.720023162910837122e+00
7.103211266612742492e+00
7.505506755313583689e+00
7.917552026224966788e+00
8.349747188500968420e+00
8.788844183431537616e+00
9.251233019793058787e+00
9.728816399945825921e+00
1.022062390115512187e+01
1.073072063671880905e+01
1.126290241443049212e+01
1.181229474214042519e+01
1.238328223004807072e+01
1.298985277111097325e+01
1.362320907733755249e+01
1.428375473675831664e+01
1.497602033178666403e+01
1.571738549014394870e+01
1.651956551881976765e+01
1.737892816819353214e+01
1.834533243408405667e+01
1.942567753514644124e+01
2.066547282757479564e+01
2.212356301134613190e+01
2.390346279469606117e+01
2.612124054229111181e+01
2.888000972662314325e+01
3.208394186551976190e+01
3.521281235041839608e+01
3.721236445907237567e+01
3.683948642118802042e+01
3.328765587928092629e+01
2.688825870865938583e+01
1.914746897171058393e+01
1.187543045180385448e+01
6.397998829242852459e+00
2.969593023997272319e+00
1.186212629550309039e+00
4.092322864518754266e-01
1.213897114094307506e-01
3.135932648571950615e-02
8.052811907908880018e-03
2.710608432184935176e-03
1.612801038494393081e-03
1.436013666992571507e-03
1.162055141945442975e-03
1.243042679096681424e-03
1.190389606668190757e-03
1.162275147129236035e-03
1.113491989597033749e-03
1.006990562716041007e-03
1.007386313319263201e-03
9.955611885185673519e-04
8.859480413554077140e-04
9.721698824022599258e-04
9.487841288024360985e-04
8.869208509041043645e-04
8.158382527566427006e-04
8.451089087462760512e-04
8.230963069097080916e-04
6.981039344560668273e-04
7.128813027648850560e-04
7.140333028348403062e-04
6.113962847484852607e-04
6.141593318477551935e-04
7.021975687343402208e-04
6.011543636060825372e-04
