5.160109553678648986e-01
5.174370997672359529e-01
5.211986900547331825e-01
5.283488495175278077e-01
5.394552389498517009e-01
5.554069927708179533e-01
5.766629845215903716e-01
6.034118693124588262e-01
6.359496252801924987e-01
6.745708729691957117e-01
7.186129687419187118e-01
7.684452040086027225e-01
8.232589384919088982e-01
8.835974206299896938e-01
9.486649467560123172e-01
1.018061471609985391e+00
1.091889431432384372e+00
1.169933936190461488e+00
1.251905701147189243e+00
1.337294290584694068e+00
1.426617082707445805e+00
1.518582108277122922e+00
1.614148287692388051e+00
1.713089111741235238e+00
1.812944754450336760e+00
1.917672023874593901e+00
2.025038844398344917e+00
2.136208599252706453e+00
2.249660148498300760e+00
2.363943645679875694e+00
2.484378705350122729e+00
2.604052445164362961e+00
2.734085659466106488e+00
2.860983478760527721e+00
2.987113185109730562e+00
3.125337155948080703e+00
3.264671702914450524e+00
3.402058032518117781e+00
3.547628187082858098e+00
3.684823791487719102e+00
3.828993092450419855e+00
3.980770345298279445e+00
4.133226457705080570e+00
4.284748908434814041e+00
4.432245532435322488e+00
4.591947851272641934e+00
4.771396211560764655e+00
4.989562685632406236e+00
5.138530759475267828e+00
5.323480071452811657e+00
5.456917801033682736e+00
5.646240684442334512e+00
5.808640067990292977e+00
6.053276276977791248e+00
6.123840798057164747e+00
6.543372175758406684e+00
6.593084946768426491e+00
6.622952107421597567e+00
6.687074759095878562e+00
7.190226276167098085e+00
7.593266224107761531e+00
7.600884327585159639e+00
7.813196747138991149e+00
7.723001357171222381e+00
8.012081862011697808e+00
8.373927816808764746e+00
9.370815355094526566e+00
9.751825235863707420e+00
9.258039554274958505e+00
