5.183489190714124506e-01
5.200013421208490305e-01
5.238820491417220948e-01
5.311538187202194949e-01
5.424602718577492544e-01
5.586402403174112186e-01
5.803054556981436241e-01
6.075693026918214112e-01
6.407521831280085234e-01
6.801617003523929839e-01
7.252354626416889216e-01
7.759282772770855763e-01
8.318445775280859378e-01
8.932117099669905080e-01
9.591926005632708252e-01
1.029715649018927870e+00
1.104572665541003751e+00
1.183777117283792091e+00
1.266374161896162587e+00
1.352930565804638663e+00
1.443435134062704739e+00
1.536454426321515854e+00
1.632329587554517625e+00
1.732144713104027733e+00
1.833918769446164942e+00
1.938797652843108343e+00
2.047204796502501090e+00
2.158527469063176607e+00
2.272743046104446663e+00
2.389273184497361147e+00
2.508972971547158703e+00
2.631070408992760790e+00
2.757091579456073749e+00
2.885417280448328459e+00
3.015428066514315386e+00
3.150670830157271229e+00
3.287552646594622541e+00
3.430309462564473222e+00
3.570612055562880194e+00
3.716828432201810362e+00
3.866444180951180254e+00
4.017731273775575040e+00
4.169795222389142353e+00
4.332043561246351260e+00
4.488030828551455187e+00
4.655052729749143303e+00
4.809230277331197456e+00
4.990653631166129145e+00
5.184311799865727544e+00
5.359516035015411184e+00
5.523247043140474766e+00
5.731057149522559513e+00
5.871805621985121348e+00
6.092302133576088963e+00
6.273531932872226768e+00
6.497491904820043906e+00
6.660426670714460151e+00
6.910064213271002842e+00
7.108884232321895702e+00
7.338184685766714566e+00
7.589710257803872651e+00
7.775131342913853771e+00
7.942652956471707881e+00
8.366001797306799048e+00
8.499566631186473487e+00
8.702495618440106995e+00
8.935696076776562080e+00
9.160797684514006889e+00
9.272937013742495793e+00
