2.494610491890092362e+03
1.304458586742846819e+03
9.679148831327520384e+02
8.389295806079387603e+02
7.653031265001347947e+02
7.228879057892665969e+02
6.765386605481163542e+02
6.390916667823610169e+02
6.085164182431263953e+02
5.816988002072454265e+02
5.593836636359603744e+02
5.345358316649090966e+02
5.179283184075665076e+02
5.028679737589351930e+02
4.847266538815964623e+02
4.629583985937260877e+02
4.456749186924099604e+02
4.288339600129372116e+02
4.116805029860286140e+02
3.943802994454487134e+02
3.773773994388660640e+02
3.589489535273487490e+02
3.411684988972120891e+02
3.256596319872565459e+02
3.074936917264822682e+02
2.922094948368334713e+02
2.768400620813242767e+02
2.579638414179175925e+02
2.419894070557261045e+02
2.267090316575408622e+02
2.128513184822492690e+02
1.942529164907145685e+02
1.793155520825410747e+02
1.644338012620470693e+02
1.498873875929193389e+02
1.345096177332817149e+02
1.197189663345832145e+02
1.057427583174467571e+02
9.269322414476673089e+01
8.089469109619540177e+01
6.972264790863016515e+01
5.970168660239505698e+01
5.104624614030557694e+01
4.346859226430687784e+01
3.680469744871372484e+01
3.124690947395815144e+01
2.652674182014450111e+01
2.245230559704556939e+01
1.906427385324525048e+01
1.630000763988729773e+01
1.393948302438988840e+01
1.198157117640094782e+01
1.033929124862171278e+01
8.991708839807742493e+00
7.829578882734685941e+00
6.870470479811074505e+00
6.046932341346115791e+00
5.349158701561878004e+00
4.766346773043942164e+00
4.267931727264699049e+00
3.839377244598734862e+00
3.473044960001626436e+00
3.162391867138316215e+00
2.891695764893379650e+00
2.656780731811597018e+00
2.449581595227226405e+00
2.272127121493537683e+00
2.117853823879502162e+00
1.980315270995002708e+00
1.863085020687930138e+00
1.758965984321177345e+00
1.666137026772926744e+00
1.587502277623294766e+00
1.516692745731229808e+00
1.454230282355749804e+00
1.401685321218818503e+00
1.354246847081954641e+00
1.312320849377992094e+00
1.273507983849470726e+00
1.241049459282085321e+00
1.212056182788645575e+00
1.188823611024746985e+00
1.164983148335872576e+00
1.146883663631807604e+00
1.130459567175483571e+00
1.117200359569446189e+00
1.103645854790479497e+00
1.094406514403494013e+00
1.086488578308569375e+00
1.080047017807961751e+00
1.076132123426295273e+00
1.071210036726747861e+00
1.068521632250859499e+00
1.066131234172532416e+00
1.064645919302133592e+00
1.064412343729901345e+00
1.064730523185970279e+00
1.065659041113542260e+00
1.068164377539989163e+00
1.068759445649595019e+00
1.069597279974026538e+00
1.070791786317750072e+00
1.073194750512936446e+00
1.076706895439795364e+00
1.077461078679375239e+00
1.080248300785666693e+00
1.083948845702202624e+00
1.086246421789007321e+00
1.088006092465438002e+00
1.091202290903915184e+00
1.093516461139710128e+00
1.095127965302998163e+00
1.098398914455737341e+00
1.099692555596391452e+00
1.104983126449247566e+00
1.106095382396392823e+00
1.108265278198631076e+00
1.110344750155481286e+00
1.111727425667685676e+00
1.114374132036809906e+00
1.115689138011018544e+00
1.116201007783812926e+00
1.118851872264553959e+00
1.119029911686068246e+00
1.120808800588392495e+00
1.122880191651232762e+00
1.121302131345085940e+00
1.121543281497755062e+00
1.122792534351805704e+00
1.122562039023401459e+00
1.125061573786530156e+00
1.124472537094574953e+00
1.125181085569062267e+00
1.125795584749787803e+00
1.124679728900837450e+00
1.125544483136015517e+00
1.124523698648016268e+00
1.123558420127208635e+00
1.122779889438820344e+00
1.121587713365498340e+00
1.121939963867069068e+00
1.122072368987287794e+00
1.120845014680649676e+00
1.120683816081380790e+00
1.119345633204568591e+00
1.117214293616279441e+00
1.116590725731843037e+00
1.117077208640319119e+00
1.114029644781057593e+00
1.113358904606817079e+00
1.113380218805850808e+00
1.111877734797545036e+00
1.112703343043537796e+00
1.110768274387685883e+00
1.108728879819769642e+00
1.108686379727006122e+00
1.107268241824565180e+00
1.106971402930984283e+00
1.106727076928170961e+00
1.103359366733628777e+00
1.100572008364791188e+00
1.101136893528338767e+00
1.100157054431404102e+00
1.098614145853814117e+00
1.096352128543469417e+00
1.095443393556422285e+00
1.094633432915000926e+00
1.094789249539386944e+00
1.091708027525317926e+00
1.091073147384509889e+00
1.091022413740006414e+00
1.089918868274724284e+00
1.087928183717128405e+00
1.086291138615588903e+00
1.084725806734212261e+00
1.083984773444899075e+00
1.081283623182228926e+00
1.081410614995371278e+00
1.080449700961911175e+00
1.078982614295566078e+00
1.078371755754905958e+00
1.078756231491140527e+00
1.076258975599983181e+00
1.074066825638975597e+00
1.072315294956930343e+00
1.073711971129664988e+00
1.072151671683795326e+00
1.071509932809636467e+00
1.072509015484447215e+00
1.070453035308044809e+00
1.068861900602138926e+00
1.065047901585743695e+00
1.064090699811870433e+00
1.063905657500302970e+00
1.062465164653309202e+00
1.061315599945703125e+00
1.060642170236918647e+00
1.059269981055864784e+00
1.059273073090397865e+00
1.059107526798884091e+00
1.056672203889098993e+00
1.054460484365538075e+00
1.053662997386733524e+00
1.056535228358288503e+00
1.056433299734025111e+00
1.056396756077899068e+00
1.056484634844366166e+00
1.050928497894998648e+00
1.050245792734103567e+00
1.050119211994108737e+00
1.054916526587574843e+00
1.052419269173678673e+00
1.050570240089455876e+00
1.057107321539226152e+00
1.043020888923245515e+00
1.041106334521845422e+00
1.048418794429609502e+00
1.088335701040175296e+00
1.068580945950103001e+00
1.038585671493213569e+00
1.002906539531534635e+00
1.042538509337039621e+00
1.166398739867537948e+00
1.349437084764085082e+00
9.301918129162984883e-01
1.283818491348872604e+00
7.706214307898701099e-01
1.672450356633255808e+00
2.216108771656812859e+00
2.036970485173807077e+00
1.252154812843128129e+00
7.521382650937850078e-01
5.926826247564745964e-01
1.173906984097372597e+00
1.127153862632986669e+00
9.725711394758506101e-01
8.873585043617141510e-01
3.574137131461253558e-01
9.471681486746434953e-01
9.231204459542008411e-01
7.691034624852215451e-01
6.417486600293682564e-01
2.154470275000159862e+00
1.470772339034946530e+00
1.825461121465109082e+00
7.140228378005608612e-01
1.730394068986843337e+00
1.091599285614816228e+00
2.622502082866721707e-01
2.423459652668041198e+00
