1.415750568019928153e+02
1.430169733660683562e+02
1.430708498473686632e+02
1.429201005857515554e+02
1.426530686559918877e+02
1.422118541870440822e+02
1.416124192371854633e+02
1.409030289861192387e+02
1.398901099323023516e+02
1.387348529184398842e+02
1.373645156391398245e+02
1.357639063852289496e+02
1.339653070873658578e+02
1.319879214382769135e+02
1.297168409160933322e+02
1.273004792726424057e+02
1.246900856526173982e+02
1.219137991895873370e+02
1.189404616574465763e+02
1.158582480048515038e+02
1.126664097238584219e+02
1.093674673523087790e+02
1.059636599709240983e+02
1.025572353802175058e+02
9.908060565075720660e+01
9.559056430570652196e+01
9.209759578664024104e+01
8.864156047893467871e+01
8.521269764478590503e+01
8.183417311776429415e+01
7.853711048572505149e+01
7.533898786680462933e+01
7.219028559818009683e+01
6.913924084167875606e+01
6.619856804726360622e+01
6.338157120553660206e+01
6.064744810262669006e+01
5.803901388033732900e+01
5.556371959170145658e+01
5.319160708878189325e+01
5.091462908522872510e+01
4.880933192170212465e+01
4.677959018393367785e+01
4.487926699892462779e+01
4.310065974374689546e+01
4.144379000610206276e+01
3.990602437938408542e+01
3.844230783025786025e+01
3.712020094692060468e+01
3.588784007603923243e+01
3.477100851001321757e+01
3.374695523993836588e+01
3.282773733176549769e+01
3.197298395697079343e+01
3.119683133839215827e+01
3.051959274319879967e+01
2.990875017975405115e+01
2.935234098609847209e+01
2.885455574317731831e+01
2.841620007758804789e+01
2.805324909554069990e+01
2.771134445045350247e+01
2.742403783139565832e+01
2.716985459279062098e+01
2.695682107313122344e+01
2.674280136285556608e+01
2.657893498686866707e+01
2.644531485319344455e+01
2.634739223841784650e+01
2.624285953828237083e+01
2.614462786431734642e+01
2.606155860030816740e+01
2.598690811073821294e+01
2.590835180123233172e+01
2.585142665159785125e+01
2.579917194166531047e+01
2.573198817101203772e+01
2.566692109188685933e+01
2.559754152927133930e+01
2.552143770373529819e+01
2.544562487438734877e+01
2.537206903865767771e+01
2.528081021675219020e+01
2.518924724641773594e+01
2.509696851877702528e+01
2.499085367119146639e+01
2.486853778155313677e+01
2.475391608228285989e+01
2.461265297503107163e+01
2.448049369806216902e+01
2.433477502233452228e+01
2.418935873069696996e+01
2.403439537187417230e+01
2.386124205216765404e+01
2.368440329614612949e+01
2.352027198962039378e+01
2.333059917742179579e+01
2.315009048912260425e+01
2.294664777256548405e+01
2.274508411147528264e+01
2.253921440492073813e+01
2.231470355246629822e+01
2.212926049530506134e+01
2.191178506943914783e+01
2.168510060405565554e+01
2.145782312750816345e+01
2.124058306279281894e+01
2.101367880217730999e+01
2.077072965167462826e+01
2.052935141801006225e+01
2.030714598008328053e+01
2.006929321400821209e+01
1.985189523672064027e+01
1.959473729961448285e+01
1.936852611684136960e+01
1.911805335059762001e+01
1.888937828296588606e+01
1.866027482267882931e+01
1.842596729699936020e+01
1.819286888258324808e+01
1.796242539563940710e+01
1.773715186181167880e+01
1.751148781966831791e+01
1.728557604758275801e+01
1.706187891546223057e+01
1.683940587855047610e+01
1.662516896778510755e+01
1.639731199956602481e+01
1.619273285174535459e+01
1.597436608291334537e+01
1.577704599479006475e+01
1.557490687237845606e+01
1.536582822849353214e+01
1.516998641979363249e+01
1.497983090889950653e+01
1.478110892118679232e+01
1.459500580570763972e+01
1.441128927800390436e+01
1.423069691513147639e+01
1.403773672423428920e+01
1.385038262543579002e+01
1.367311164529787249e+01
1.350168966564039330e+01
1.334437866633137126e+01
1.318779635077549273e+01
1.302020120393070890e+01
1.286582374427881525e+01
1.269404702654315287e+01
1.253660371754732417e+01
1.238169918292098615e+01
1.222951855551865386e+01
1.207637826291223426e+01
1.192413474784957117e+01
1.179302686804698652e+01
1.165229766153627011e+01
1.151444117849071880e+01
1.138087701590524858e+01
1.126702369666761783e+01
1.114163495869272325e+01
1.101010845477382283e+01
1.089215387879974273e+01
1.079150742582148936e+01
1.067425795872178362e+01
1.056923420996301743e+01
1.046950335159069922e+01
1.036165274431308170e+01
1.027088656007415679e+01
1.017933500578833872e+01
1.009015299317737480e+01
1.001090085299478716e+01
9.936348847113549709e+00
9.848634917392498522e+00
9.768707841427790584e+00
9.701699320433867513e+00
9.635280264334546985e+00
9.562821381207969651e+00
9.489501302854883136e+00
9.437974733921388193e+00
9.400085290686952533e+00
9.354780514103671507e+00
9.328684525667792826e+00
9.301407987044918002e+00
9.288275567711227865e+00
9.274150066077709198e+00
9.262137828498250514e+00
9.261477336701419816e+00
9.275239382456573978e+00
9.301218905796607928e+00
9.333641978394654259e+00
9.385529187404447526e+00
9.435545481534468593e+00
9.526673005893826485e+00
9.643638132450481848e+00
9.792896993147829576e+00
9.962259864641559659e+00
1.018615335308843228e+01
1.048545127072268102e+01
1.082470681435532001e+01
1.120686534523136046e+01
1.160916964420013997e+01
1.199476989048222642e+01
1.228133742325007915e+01
1.242692576783398728e+01
1.232990319054159833e+01
1.194685005375908560e+01
1.123689777921471311e+01
1.023721869662404060e+01
8.994531684244671865e+00
7.593967826623055473e+00
6.136286711837682262e+00
4.735530387972378463e+00
3.481991932623916153e+00
2.473768142077864773e+00
1.666167867104781486e+00
1.066562783762088351e+00
6.542658769139961805e-01
3.783040738919428159e-01
2.109597978313217936e-01
1.126151213277304663e-01
5.651110589562997194e-02
2.702317300841593217e-02
1.309487810799261215e-02
5.182865867797196990e-03
2.071375940624996161e-03
8.134069182740120843e-04
4.659695014850722154e-04
2.321403378977641139e-04
9.410389715512569239e-05
3.063855749118913154e-04
1.853604303294697857e-04
1.485813145728744284e-04
1.314207036889169903e-04
1.485598699592525433e-04
1.926210715679353865e-04
1.432963592578298160e-04
9.153922311364011768e-05
1.808411732570514182e-04
1.916860794956129130e-04
1.015510161024548905e-04
1.227060701231389719e-04
1.893427434899545294e-04
7.578973691649818932e-05
5.473662646029038684e-05
1.158531125066512428e-04
1.488042581149962755e-04
9.131899489722850722e-05
7.509495020707464101e-05
5.008163070134714326e-05
6.938778673096533201e-05
9.365319663461514502e-05
