1.960618184721908221e+02
1.988273138023214415e+02
1.991517504660517091e+02
1.992834346886332071e+02
1.992728003791989124e+02
1.991225827580064163e+02
1.988401574716170046e+02
1.984376754013155733e+02
1.978372565741134110e+02
1.971266523682611762e+02
1.962226714776321330e+02
1.951895510397982321e+02
1.939588124782918612e+02
1.926170344850676486e+02
1.910562799717820326e+02
1.893293661927528433e+02
1.874681273283474638e+02
1.854659661434131692e+02
1.832666513117047202e+02
1.809256723430433169e+02
1.784864699915238191e+02
1.759420933018542144e+02
1.732390769801256170e+02
1.705159461912230938e+02
1.676734215836326882e+02
1.647787139136188728e+02
1.617895965343500109e+02
1.587733149764271445e+02
1.557624432233009202e+02
1.527429965939272449e+02
1.496825260611140038e+02
1.466434718635874219e+02
1.436013505156308554e+02
1.405926524991418205e+02
1.375939344484104652e+02
1.346592633060948003e+02
1.317314398247441432e+02
1.288827378597788140e+02
1.260757841127990986e+02
1.232991153207869388e+02
1.206282669643677252e+02
1.179792225896606510e+02
1.154062681378777171e+02
1.128811218990050520e+02
1.104511071716453330e+02
1.080693649506753644e+02
1.057544497636238106e+02
1.035018009695972836e+02
1.013480492083681384e+02
9.924315228381009035e+01
9.721728346304638535e+01
9.526445485093856291e+01
9.338961729034619452e+01
9.159505190401863217e+01
8.985580038868320685e+01
8.821788627832641794e+01
8.665014141646304324e+01
8.514938790731233098e+01
8.372852794010046296e+01
8.239336768097437869e+01
8.115222652573123696e+01
7.996361076026570913e+01
7.883484352894581093e+01
7.780443074413332738e+01
7.685085433027487056e+01
7.593873174371509549e+01
7.511905720088259386e+01
7.437004407214985235e+01
7.368474672780767776e+01
7.306232561996129959e+01
7.250647736093534945e+01
7.199523802235587766e+01
7.154333303727636917e+01
7.113320241264170818e+01
7.075900814758914237e+01
7.045062870137400068e+01
7.018117713666663349e+01
6.994904902320121209e+01
6.973575571450133737e+01
6.956400665245215009e+01
6.943564584126959005e+01
6.933965792217711055e+01
6.922711047071597079e+01
6.916042578750504788e+01
6.910807808532159413e+01
6.905622187868395656e+01
6.902824765893365111e+01
6.902373524401865268e+01
6.902781215795369008e+01
6.901825700567920308e+01
6.902057004504764848e+01
6.902763019890234375e+01
6.905071159267787095e+01
6.906071152538412150e+01
6.906263928238972483e+01
6.907275923616249713e+01
6.906436347480693883e+01
6.906733926779078558e+01
6.905208930131043132e+01
6.904597781065763229e+01
6.904433897264438258e+01
6.901533926962886767e+01
6.898837067317479921e+01
6.897712967293855968e+01
6.895425672450852517e+01
6.890208865668996907e+01
6.886699010678262312e+01
6.879588817571141135e+01
6.874235135357223214e+01
6.868368199242566163e+01
6.859354955792998965e+01
6.849954806548531394e+01
6.841315884227269351e+01
6.832370243888115624e+01
6.821360131918930847e+01
6.810384515238233405e+01
6.799618656396462768e+01
6.787320451275996902e+01
6.775781319201479391e+01
6.762494779493115971e+01
6.750528670615054239e+01
6.735868569081469559e+01
6.721965605911782404e+01
6.706761830497256938e+01
6.691399381686383663e+01
6.676996457345076408e+01
6.662005576722729927e+01
6.647223125255906950e+01
6.631518710898603786e+01
6.615950183138231466e+01
6.601508058830724224e+01
6.585002501296750665e+01
6.567794900096912158e+01
6.552865023313992765e+01
6.536485561999421634e+01
6.520864658317410090e+01
6.503656003368953975e+01
6.486910948275915700e+01
6.472320012890430974e+01
6.455418508853605886e+01
6.441834249624430697e+01
6.426546359250068008e+01
6.411891609554442084e+01
6.397912940739880128e+01
6.383613038284504171e+01
6.367230895810364899e+01
6.355113418874094577e+01
6.340334614561656679e+01
6.329067244302625284e+01
6.314970630181476707e+01
6.303557729695292267e+01
6.292774886786757094e+01
6.280997831680508625e+01
6.270053414336926068e+01
6.260433295504814311e+01
6.252516624554718305e+01
6.243157411323418415e+01
6.234775397958308929e+01
6.227866279648205960e+01
6.223236849879953780e+01
6.217461493984832543e+01
6.213459256156122734e+01
6.211812856999726051e+01
6.210536481819369214e+01
6.209819529196141019e+01
6.210564259064631187e+01
6.212640363911999231e+01
6.216613479166534262e+01
6.218700262835287873e+01
6.226374070730425103e+01
6.235261807087533015e+01
6.244553911607477659e+01
6.256271491332039858e+01
6.271324106967528422e+01
6.287315198886172851e+01
6.305264805165084852e+01
6.326389138766626985e+01
6.351335914869692800e+01
6.377460110073261035e+01
6.407888380257701044e+01
6.443218627452587555e+01
6.483097020821814738e+01
6.527332231546570540e+01
6.577353868467542952e+01
6.630757885784223049e+01
6.693100878450658797e+01
6.763858761744934611e+01
6.842238763577270788e+01
6.930138752564846527e+01
7.032316180388690441e+01
7.144756500061133409e+01
7.278710275211641090e+01
7.433009523240259853e+01
7.612657205706206298e+01
7.827181435840914503e+01
8.082988802762702107e+01
8.382652805911860128e+01
8.727530533707050608e+01
9.114115250533528467e+01
9.516317741921078266e+01
9.897061141230200576e+01
1.020627780572347234e+02
1.037938878219107863e+02
1.035279402231095389e+02
1.007319356712507954e+02
9.517527185586418170e+01
8.689879549553496929e+01
7.647836106104925591e+01
6.466230408441434463e+01
5.238217654968266146e+01
4.059141375618666814e+01
2.998526609746392779e+01
2.119326171890449828e+01
1.428014747805020335e+01
9.163773822831251081e+00
5.605554437711016469e+00
3.260825817517200242e+00
1.800487529281953103e+00
9.527636596964783600e-01
4.764563580250599228e-01
2.318285712343341187e-01
1.070122693471730752e-01
4.899091873681708786e-02
2.141423136076973238e-02
9.971392991714933193e-03
5.118355069848947586e-03
3.347131225632255652e-03
2.857264453755446829e-03
2.543629700886482475e-03
2.268481040985505931e-03
2.220972285981123208e-03
2.207875069553515493e-03
2.199752295355326265e-03
2.133129441028346323e-03
2.173409510837950778e-03
1.906332747365162110e-03
1.956193753605025339e-03
1.909285234712267782e-03
1.629147569497060464e-03
1.726743268764775827e-03
1.602611217120323986e-03
1.557136725263748777e-03
1.665842251401363546e-03
1.755421791248581911e-03
1.612109225771088047e-03
1.564238511317661085e-03
1.478904062374925173e-03
1.281514628549862422e-03
1.596661930600749109e-03
1.442537228314478680e-03
