1.415329427734280898e+02
1.429368378879581201e+02
1.429725656892945551e+02
1.428165627612567334e+02
1.425453375555742923e+02
1.421000631825122014e+02
1.414942056975713740e+02
1.407798128425589823e+02
1.397624280022848495e+02
1.386063327309804833e+02
1.372311221524101370e+02
1.356265428538511912e+02
1.338269787094856440e+02
1.318468819933801228e+02
1.295763409815667160e+02
1.271586492750130759e+02
1.245435977455603620e+02
1.217605715113928113e+02
1.187880656191539117e+02
1.157041060375211430e+02
1.125132834072315404e+02
1.092095003819413250e+02
1.058001171879780742e+02
1.023905388195287571e+02
9.890788764757517981e+01
9.541594940937324054e+01
9.191491676241275854e+01
8.845211944167547813e+01
8.501149184722777363e+01
8.162014013137861923e+01
7.831209782138790843e+01
7.509448251666617580e+01
7.192312671374627087e+01
6.884507358017920353e+01
6.587406472128674295e+01
6.301096832293357153e+01
6.023000268836525350e+01
5.755935680340432015e+01
5.501298312822149938e+01
5.255630900856663601e+01
5.018530686660475482e+01
4.796151654365692707e+01
4.580218080840617034e+01
4.374526283660088666e+01
4.179350987293097575e+01
3.994788598943786440e+01
3.818999388368683867e+01
3.649165704887774098e+01
3.491053839846992446e+01
3.340287798673185904e+01
3.198400417980155908e+01
3.064260823736549355e+01
2.938532191300570773e+01
2.818172810299115127e+01
2.705251504688769515e+01
2.600721374159265054e+01
2.502431407204130664e+01
2.408816303341235709e+01
2.320873518829790072e+01
2.239049426376974949e+01
2.165509780471782264e+01
2.094454169767171337e+01
2.029906031472880201e+01
1.970208093444752251e+01
1.915552076145670313e+01
1.862468181918504584e+01
1.815696630837758008e+01
1.772463788635407766e+01
1.735013028811792779e+01
1.698540256028839579e+01
1.665795811788282421e+01
1.636362180208864814e+01
1.610565813191028184e+01
1.585207557423402491e+01
1.563547655633495559e+01
1.545948854387582649e+01
1.529594947962969975e+01
1.514989736493832062e+01
1.501816215284634382e+01
1.490064539973779212e+01
1.479504492617626177e+01
1.471145919927706380e+01
1.463212594045843495e+01
1.456343101210788760e+01
1.450354416880549735e+01
1.446385701166258997e+01
1.441300321003008200e+01
1.438015963217346993e+01
1.435339790386044356e+01
1.433440305659961389e+01
1.430197232506341365e+01
1.428151060082018375e+01
1.425654733791533424e+01
1.423551892396062613e+01
1.422512058934403711e+01
1.420193782547074868e+01
1.417441718849456933e+01
1.415579613908711387e+01
1.412430441658943892e+01
1.410095179588016556e+01
1.406410446928607172e+01
1.403182719720320648e+01
1.400935269830127616e+01
1.397032542940643118e+01
1.392995961434725238e+01
1.389397574754224962e+01
1.386083629810147855e+01
1.381678067158079770e+01
1.376057070338477750e+01
1.370870624834464735e+01
1.365810285301672167e+01
1.359300229460414933e+01
1.352400257541901496e+01
1.346369320671591474e+01
1.341378509905189276e+01
1.334912116297831197e+01
1.328282216077463573e+01
1.320679837755031016e+01
1.313227231552203556e+01
1.306352796415901807e+01
1.298874395661469983e+01
1.290424735895875408e+01
1.282217862902002281e+01
1.272908529121842669e+01
1.264691483125918481e+01
1.255892627520693594e+01
1.246843982767313719e+01
1.238020403196828312e+01
1.228082434315648364e+01
1.218796153428653817e+01
1.210220037059237619e+01
1.200553877279162407e+01
1.190127935808979842e+01
1.181000529198596816e+01
1.171230469012839848e+01
1.162225048699312779e+01
1.151927744266059683e+01
1.142725491472002552e+01
1.133792271423670961e+01
1.123512019237710291e+01
1.114146639489465329e+01
1.106183248282306764e+01
1.095924130630575988e+01
1.086599273555394696e+01
1.077377880074911687e+01
1.067803944264435145e+01
1.058414269021401743e+01
1.050178338069882678e+01
1.040375402052369402e+01
1.031878939788374616e+01
1.024043904700213048e+01
1.015953732913153118e+01
1.007540700067248629e+01
9.985148357434404431e+00
9.895117643806669250e+00
9.817454290576279163e+00
9.734626663641797961e+00
9.650130635644826427e+00
9.573436898075872392e+00
9.495661071294712485e+00
9.416648894755375920e+00
9.349378860762548982e+00
9.279578500530785590e+00
9.202277308950820967e+00
9.137924604221350222e+00
9.078693445771932602e+00
9.012122267857193947e+00
8.952377101716896490e+00
8.889317639379036962e+00
8.840581920101410418e+00
8.793475205285680829e+00
8.744514970522788033e+00
8.692401343956589699e+00
8.640557930701309175e+00
8.605788503359589114e+00
8.565366967477732629e+00
8.531649147781232401e+00
8.501111332223647565e+00
8.485317509414421977e+00
8.462204433563682571e+00
8.445625057237016620e+00
8.445875708324214415e+00
8.445086068680716096e+00
8.443075440617072047e+00
8.452801552911600069e+00
8.461129328546425299e+00
8.485440157560837804e+00
8.523241034088036017e+00
8.561570380193492369e+00
8.612269348775347666e+00
8.691502327409883932e+00
8.795416029066675634e+00
8.917550134886470303e+00
9.063867439412408800e+00
9.245455685278606950e+00
9.485579476381341024e+00
9.758514079265296459e+00
1.008272191157771402e+01
1.045861219635440165e+01
1.083597683844467063e+01
1.120615500273803811e+01
1.149735398362908079e+01
1.163608458534710977e+01
1.155363553865916160e+01
1.120132620135943036e+01
1.054952102444238093e+01
9.630241329367789760e+00
8.441366890134910150e+00
7.118636152086158297e+00
5.750560846852345698e+00
4.460731132732083104e+00
3.289260862550387632e+00
2.330260719625382837e+00
1.556657464042978667e+00
9.928987911941172806e-01
6.061602502692645666e-01
3.523583775067385959e-01
1.981574125455378144e-01
1.076016520355320832e-01
5.246955142494791335e-02
2.435238665797037974e-02
1.169057141763975467e-02
5.095765373592135022e-03
2.667669295099736864e-03
1.124925621479810900e-03
3.565932131137650174e-04
3.122693702951233417e-04
1.772241522016715365e-04
2.121837870857396944e-04
1.012482995973713293e-04
1.867481747068225849e-04
1.593257833391168625e-04
1.853923391843537161e-04
1.363946650431407785e-04
2.127960820926888888e-04
1.049786972832953227e-04
9.099094552403543164e-05
1.243171466214464387e-04
1.524217523996100057e-04
1.095728126892452867e-04
1.390895561626176241e-04
1.173739855819317437e-04
1.177190950174620404e-04
8.311702065682485352e-05
7.734881805619863338e-05
1.146545281435591772e-04
1.375374189738209907e-04
1.108251336346273408e-04
4.597783479338632406e-05
9.950747223799704646e-05
