1.416210335477658759e+02
1.430971550737045277e+02
1.431590149965098533e+02
1.430166471114951321e+02
1.427513538159966799e+02
1.423142579300975967e+02
1.417176394790747338e+02
1.410112372622437249e+02
1.399983723373087514e+02
1.388458502220002799e+02
1.374801435529144555e+02
1.358817935701517854e+02
1.340839954241107819e+02
1.321084838260948118e+02
1.298402048059118385e+02
1.274258482608161671e+02
1.248241395467193797e+02
1.220466105972106305e+02
1.190772906745001478e+02
1.160034554504058519e+02
1.128229484497569501e+02
1.095323619734392366e+02
1.061383558374557907e+02
1.027491091597670021e+02
9.928739841612858186e+01
9.582429695851816120e+01
9.235366624612490227e+01
8.893787460891245189e+01
8.555023356155207637e+01
8.221961270288900892e+01
7.898426180701547139e+01
7.586405945492313663e+01
7.279792266296378500e+01
6.985586818997722958e+01
6.703732433363458654e+01
6.435904615369832982e+01
6.178723526464050764e+01
5.934906813002372417e+01
5.707493777950811875e+01
5.493318413661715027e+01
5.290353910811245441e+01
5.105648220451419661e+01
4.930750999184480321e+01
4.770860940521944826e+01
4.624444372977854556e+01
4.491126447623699391e+01
4.370677736453298223e+01
4.257873174619291490e+01
4.159523263413252181e+01
4.070917448056085419e+01
3.992434680511036760e+01
3.923033980119766539e+01
3.863246412789966655e+01
3.808538775849673641e+01
3.761271699238568544e+01
3.720652010415991384e+01
3.687302462089186150e+01
3.656609785763753706e+01
3.630158603636341041e+01
3.606356502515781415e+01
3.590236846869811416e+01
3.573513988141591113e+01
3.558935168861515308e+01
3.546143569611012936e+01
3.536206684447824955e+01
3.521810756116691721e+01
3.512044029165473091e+01
3.502731961146410811e+01
3.494315698949827009e+01
3.484170336793694389e+01
3.473230673559010029e+01
3.460932908248570072e+01
3.448073880126079160e+01
3.434591317570043856e+01
3.418883764805892866e+01
3.404511248175468552e+01
3.388270011192394549e+01
3.371136969741847622e+01
3.351771127391192806e+01
3.331187949557271111e+01
3.308630626669360453e+01
3.286049451472030825e+01
3.263067574943933380e+01
3.236256181821227074e+01
3.211200832968784624e+01
3.182851046820481500e+01
3.153590299644404027e+01
3.124168277097244939e+01
3.094136364261309424e+01
3.064950969856646168e+01
3.033532410528924572e+01
3.001102583358685294e+01
2.968880405753023055e+01
2.935177114647295582e+01
2.900062209657496837e+01
2.866125887342625234e+01
2.832381443017058942e+01
2.796403226711683843e+01
2.760902071785595524e+01
2.725706963241100311e+01
2.688732391306095693e+01
2.653663792047235859e+01
2.618505924981501209e+01
2.583202297654416668e+01
2.546972594575749582e+01
2.512355791363451374e+01
2.477919955634408566e+01
2.441473436190022284e+01
2.405085052115221700e+01
2.371568497642874718e+01
2.337691378676229093e+01
2.302214492277966684e+01
2.269237751141190529e+01
2.235097755822870624e+01
2.203292835917737591e+01
2.169385881866845978e+01
2.137619831764863676e+01
2.104413098986778152e+01
2.073706964734527958e+01
2.042101061902940273e+01
2.010274311134384817e+01
1.979889647910992423e+01
1.950073317500452319e+01
1.919193026257885748e+01
1.890762491586307803e+01
1.863450769500600046e+01
1.834956382463375846e+01
1.807424230666624254e+01
1.781740495210720354e+01
1.754276798292994499e+01
1.728629415358106414e+01
1.701749059557914734e+01
1.676206472433275607e+01
1.651899616461660969e+01
1.627063359692692757e+01
1.602696081664826977e+01
1.579006849208639807e+01
1.556065603117975904e+01
1.533814658369455053e+01
1.510778539565702339e+01
1.490387878504892250e+01
1.468527889665630148e+01
1.446645534183416082e+01
1.426594516096843535e+01
1.406443027655283551e+01
1.386906250359283632e+01
1.367588795017864989e+01
1.348422895082169148e+01
1.329746256934271997e+01
1.310704803942806151e+01
1.294241801442371553e+01
1.277321349394818206e+01
1.261872248724102974e+01
1.246585125558906171e+01
1.229877979142798239e+01
1.213370234891772270e+01
1.197761830915179537e+01
1.184679958410561085e+01
1.170476264320313931e+01
1.156020242969194989e+01
1.141723099061184499e+01
1.129752694401476099e+01
1.117397988132304576e+01
1.104859300620026019e+01
1.093197872365514378e+01
1.082247461213005835e+01
1.070832733913428214e+01
1.060832269179324250e+01
1.049588663979536918e+01
1.039833694986171153e+01
1.030615919414493753e+01
1.020732852630317211e+01
1.013269801230894274e+01
1.005354639432496455e+01
9.967671561779248179e+00
9.905547549741136493e+00
9.830951054373549880e+00
9.770167856787642435e+00
9.715820781472656265e+00
9.663301337199905916e+00
9.619005220631757780e+00
9.590120360048281611e+00
9.568029809950125752e+00
9.533260686012605234e+00
9.523210959612494975e+00
9.520756009552213683e+00
9.528802727038661047e+00
9.552274831053283677e+00
9.587310283548301726e+00
9.643187250424590573e+00
9.696655076514515414e+00
9.768068941310048103e+00
9.886313928084241809e+00
1.002535489584422734e+01
1.022573422826826572e+01
1.045079624880519198e+01
1.074590661438802819e+01
1.108587080923219581e+01
1.145119373934964280e+01
1.186542539422710796e+01
1.225352976864410692e+01
1.254713251276148611e+01
1.267772074830200957e+01
1.258350554025835422e+01
1.216127546835276796e+01
1.144148006021148589e+01
1.045689794710940745e+01
9.185215476796859235e+00
7.751729878286520936e+00
6.243901004393895171e+00
4.858547115077574752e+00
3.574572636202598463e+00
2.522888381370446798e+00
1.695801742911700938e+00
1.090975237269756537e+00
6.627356817247750387e-01
3.811005189294695561e-01
2.150674418238701646e-01
1.157838947440064103e-01
5.856944366209754921e-02
2.848755517536405435e-02
1.280185180452215674e-02
5.401306537386713069e-03
2.397582553095235509e-03
9.389127718598147499e-04
3.772426622235256540e-04
2.464230917093641242e-04
1.136703323075363611e-04
1.147929405559630644e-04
8.215192263338861418e-05
1.350924129239228244e-04
9.067134504341467049e-05
1.036287724990764980e-04
1.254904925853541177e-04
2.195490311971785293e-04
1.085660986788549673e-04
2.012210752067847459e-04
1.699651352524797379e-04
1.266866165475266962e-04
1.417255865869395195e-04
1.382535573334086915e-04
1.099760849910927282e-04
1.078853043081575043e-04
8.968906223683532919e-05
6.001059879768967198e-05
1.053867774623102395e-04
8.782730342588646510e-05
8.678067801085322347e-05
8.113976386637923133e-05
6.861458337980513389e-05
