1.961074524871663982e+02
1.989115310977917943e+02
1.992585770627447062e+02
1.994015864016566866e+02
1.993938793263390892e+02
1.992539116107499524e+02
1.989746326151630740e+02
1.985780217441293871e+02
1.979852759246162179e+02
1.972766739944140397e+02
1.963823684016444702e+02
1.953504234862931526e+02
1.941187317575366933e+02
1.927826390380749046e+02
1.912231247990885379e+02
1.895027512175634286e+02
1.876379447393054818e+02
1.856469897922659129e+02
1.834454926796856000e+02
1.811030286296616509e+02
1.786715717584839069e+02
1.761310998963225529e+02
1.734249389550750493e+02
1.707053076640350753e+02
1.678632796264479055e+02
1.649737949824443035e+02
1.619953898618061032e+02
1.589829431527192014e+02
1.559699654866585092e+02
1.529609398391324078e+02
1.499070723300617942e+02
1.468745090783195621e+02
1.438453183963175093e+02
1.408452684655275391e+02
1.378696880143850194e+02
1.349462079487469452e+02
1.320425838964060858e+02
1.292280058786992356e+02
1.264500927131183659e+02
1.237157279986294327e+02
1.210893734798620471e+02
1.185053073502712806e+02
1.160025156177868126e+02
1.135652698539248746e+02
1.112325703851306713e+02
1.089648844024503944e+02
1.067960065099863414e+02
1.047087187286126948e+02
1.027290780655388431e+02
1.008369071181015357e+02
9.904669785101114599e+01
9.735263371235483021e+01
9.575888180372847103e+01
9.426102177377150326e+01
9.285276766012113114e+01
9.156029123926624891e+01
9.036180007190363028e+01
8.924279057649607694e+01
8.822474915481274138e+01
8.730451746890646803e+01
8.649080129119680294e+01
8.573791456282951629e+01
8.504340302691629461e+01
8.444665915051204763e+01
8.392055110302396770e+01
8.341428184072746888e+01
8.300631796345547286e+01
8.266098613499916326e+01
8.235748565760903261e+01
8.209808583511856739e+01
8.188075822544385574e+01
8.170018251609988624e+01
8.156133251620926217e+01
8.143369026907996044e+01
8.133501155204663746e+01
8.126723344736529953e+01
8.120394551442710451e+01
8.115094331104550918e+01
8.110941000672200119e+01
8.106682889877423293e+01
8.103837284290972320e+01
8.103340325288031920e+01
8.098976697867222185e+01
8.095737602465959526e+01
8.093239061552594649e+01
8.088726322078838393e+01
8.086088988685845891e+01
8.080723385512308710e+01
8.076579121449512400e+01
8.070567449527355564e+01
8.064602264753841609e+01
8.055833908357928408e+01
8.047312934355873892e+01
8.037684659775966622e+01
8.025733933741173587e+01
8.015416405558687529e+01
8.001452414457497753e+01
7.986271320199668367e+01
7.970725167283029577e+01
7.953953767697748845e+01
7.938830786951398011e+01
7.919663151766057752e+01
7.902164808221480996e+01
7.881111045018637640e+01
7.861001664431114477e+01
7.839675699020803279e+01
7.817018489158287764e+01
7.792599195949095758e+01
7.770719700505185301e+01
7.746148767921714295e+01
7.720591493883109990e+01
7.694141997389853316e+01
7.667082973808871316e+01
7.639535190005450715e+01
7.611876582916990230e+01
7.582170772767690892e+01
7.556357774323696219e+01
7.526183466585048620e+01
7.498068511196302666e+01
7.469013460827412132e+01
7.440592423137377409e+01
7.410403739909548904e+01
7.381376536604916794e+01
7.350980909801519658e+01
7.320525372512008744e+01
7.292374534535757391e+01
7.262526215861197443e+01
7.233614888655336017e+01
7.204780070928948987e+01
7.176050745369455797e+01
7.149010842006858013e+01
7.119209938173277408e+01
7.090499630383601470e+01
7.064243483925163503e+01
7.034704891224929213e+01
7.007516334126282231e+01
6.980424665175247867e+01
6.952137047062814190e+01
6.926905054121093031e+01
6.899827184919148237e+01
6.874576486658514796e+01
6.849858541241849252e+01
6.824198704447503872e+01
6.801908416167978544e+01
6.778784000448315794e+01
6.755242989790602337e+01
6.733561154349236233e+01
6.711407991643707760e+01
6.691467282802594241e+01
6.669194965985850843e+01
6.650020645922519691e+01
6.630813032330591739e+01
6.612000294540206369e+01
6.594613267292790226e+01
6.578080633192695359e+01
6.562118075969668496e+01
6.544112253562462911e+01
6.530984477897045792e+01
6.518134270298484978e+01
6.506332435720567275e+01
6.493779813060820061e+01
6.485969574517990566e+01
6.478017056221405312e+01
6.470391855384011137e+01
6.464214263611508215e+01
6.459459023643634623e+01
6.456493471577050514e+01
6.456049839322118089e+01
6.455370687356530368e+01
6.459272828202080063e+01
6.462770324934233201e+01
6.469391695845112622e+01
6.478179865706756857e+01
6.488898797005529673e+01
6.500172029334183321e+01
6.515807709256267799e+01
6.534177399195731084e+01
6.554139713944601908e+01
6.578159788306545863e+01
6.605610821434157742e+01
6.637335631700311467e+01
6.674897880444942189e+01
6.716553759417098490e+01
6.764058638831485837e+01
6.815089448389028348e+01
6.877174044536052122e+01
6.944801303279862736e+01
7.021724797074489288e+01
7.110531518379967508e+01
7.211335135073311164e+01
7.323968330052544218e+01
7.456416963299477629e+01
7.609739038296588376e+01
7.791600936315272463e+01
8.007855625399376720e+01
8.265341530713847362e+01
8.570510867363611851e+01
8.922283159923094331e+01
9.313545320702752406e+01
9.720627178100110655e+01
1.010606584339113425e+02
1.041667679391549513e+02
1.059122264221733047e+02
1.055889583351786172e+02
1.026871285760125829e+02
9.694125344514984022e+01
8.850578946277843784e+01
7.788995065611645430e+01
6.586602251112898898e+01
5.336786314553527433e+01
4.135335364681627368e+01
3.059528329485942066e+01
2.159873972501630135e+01
1.453083864144761961e+01
9.328595732034601795e+00
5.704671817874258366e+00
3.319033341960758943e+00
1.842112884027422792e+00
9.682690834271305835e-01
4.851670978125668943e-01
2.349153221636238187e-01
1.097228521346278740e-01
4.895583282429317312e-02
2.171537247484693275e-02
1.027833399041270211e-02
5.313674529063165675e-03
3.691829016007500651e-03
2.730599017465283346e-03
2.697970971072117738e-03
2.586094312418872609e-03
2.199428752791913674e-03
2.161623780586855240e-03
2.299153190615723253e-03
1.970760947057852066e-03
2.051463160505304691e-03
1.948429642406459194e-03
2.095385423492389983e-03
2.044971143463599535e-03
1.786819686860360943e-03
1.850970529499448803e-03
1.681785782469030202e-03
1.773818901427165690e-03
1.490685202155637989e-03
1.454424408557091755e-03
1.705997786949211854e-03
1.557648496332517422e-03
1.364924563035242559e-03
1.331099169078508440e-03
1.512874248536202892e-03
1.382804040658215140e-03
