1.416424145991448995e+02
1.431320635143444235e+02
1.431972552292152443e+02
1.430556899907694799e+02
1.427894167234157408e+02
1.423534762099217232e+02
1.417582411386053138e+02
1.410536418956956766e+02
1.400415820743688187e+02
1.388907590835588053e+02
1.375251993982140846e+02
1.359283982852616077e+02
1.341306163130308562e+02
1.321582540400494281e+02
1.298919435633255830e+02
1.274768973881145939e+02
1.248782168636615921e+02
1.221036476179983197e+02
1.191389526270342856e+02
1.160726286113236370e+02
1.128961859365873437e+02
1.096108875926519346e+02
1.062269626378741378e+02
1.028488796862721841e+02
9.940306019598695286e+01
9.595543944654572499e+01
9.250475965977723547e+01
8.911577272990770382e+01
8.575585661329225218e+01
8.245715503572461103e+01
7.926420085588728170e+01
7.619019242418774240e+01
7.317680211726757022e+01
7.029760902707413095e+01
6.754806214428066369e+01
6.494122224908399232e+01
6.245324760077184578e+01
6.010550372317407408e+01
5.793188810525720811e+01
5.589053553695945453e+01
5.396893356944848108e+01
5.223479699899649376e+01
5.060004537866916507e+01
4.912819959776889789e+01
4.777991239250533795e+01
4.656309046325946355e+01
4.546984231819968159e+01
4.445914000730650883e+01
4.359055597159184003e+01
4.280874870549369859e+01
4.212210097132871311e+01
4.153504904755391181e+01
4.102217715859620029e+01
4.055907576189687092e+01
4.017706034673998516e+01
3.983500727167766797e+01
3.956997998902160418e+01
3.931696255556825292e+01
3.909919263800192368e+01
3.890600264279378706e+01
3.876961492653936148e+01
3.862484141335718846e+01
3.849524723107202107e+01
3.837914605542189861e+01
3.827587791014876473e+01
3.813024570296207827e+01
3.803148644738313067e+01
3.791550272330641747e+01
3.780814531424807257e+01
3.765945944045152771e+01
3.751302382494840515e+01
3.736531028358472639e+01
3.718880687716106337e+01
3.700654744832880283e+01
3.681556492899026978e+01
3.661233823953403288e+01
3.638207126450207340e+01
3.615741559614738065e+01
3.590481256734993565e+01
3.563670401958128053e+01
3.534641921106312168e+01
3.506939848243362690e+01
3.476478266571130860e+01
3.442800493455595756e+01
3.412697984857691580e+01
3.378345619411103939e+01
3.344820070722036576e+01
3.308933062520291912e+01
3.272663209835688036e+01
3.238036734279658901e+01
3.200861423007316375e+01
3.161318785283300770e+01
3.123917226658927149e+01
3.084418553445074451e+01
3.044958710297942162e+01
3.006154111648599425e+01
2.966570774383015063e+01
2.926330432419975480e+01
2.885833912508355326e+01
2.845710067616568750e+01
2.805285769162906462e+01
2.766081753207577520e+01
2.725416431700189790e+01
2.686185423491729551e+01
2.646305426085988799e+01
2.606949267784754554e+01
2.568356206599209202e+01
2.528365735295746219e+01
2.489380221896701428e+01
2.453218183666467667e+01
2.413976165817843622e+01
2.377005048841238022e+01
2.342360299949844560e+01
2.304318351381354901e+01
2.269303200559483713e+01
2.233255126906765753e+01
2.198195483825272945e+01
2.163063766062259674e+01
2.129913265423642343e+01
2.095170080972214421e+01
2.062277664637399965e+01
2.029698044413493818e+01
1.997208694306512555e+01
1.965186308241552737e+01
1.935171015415754425e+01
1.906300686568849656e+01
1.876207993013991171e+01
1.848102424500716978e+01
1.819726372179057705e+01
1.791406744552983099e+01
1.764614163111481560e+01
1.736765201244917023e+01
1.710080127562913788e+01
1.683280405733320606e+01
1.657569861453440296e+01
1.632432754006650555e+01
1.607199718058109283e+01
1.582873701821598722e+01
1.559020898242791553e+01
1.535355369705292894e+01
1.513288094165424447e+01
1.491185511814223474e+01
1.469048297632899569e+01
1.448040038264459994e+01
1.426587293814453794e+01
1.407160205124980834e+01
1.386713535711169243e+01
1.366975415125489235e+01
1.348117330442700101e+01
1.329671548017197225e+01
1.312089876313176440e+01
1.294567046397262189e+01
1.277887384262349890e+01
1.261179213991595560e+01
1.244083284938501066e+01
1.227435562697549720e+01
1.211748103631867224e+01
1.197681633465819928e+01
1.182463660360210511e+01
1.168577666021883488e+01
1.154074259474873543e+01
1.141549158448146528e+01
1.128556845233672234e+01
1.115421010450356576e+01
1.104165089213185880e+01
1.093091234088771913e+01
1.081200068526797864e+01
1.070399491199188802e+01
1.058920337942739387e+01
1.048692901598082727e+01
1.039436662404073530e+01
1.030202272410194020e+01
1.021978749769429307e+01
1.013611504808068275e+01
1.004878081753849983e+01
9.969725838758879632e+00
9.904280086461868748e+00
9.837350848441323237e+00
9.783057534446319536e+00
9.726275500841438770e+00
9.690917077577775984e+00
9.657610877520507842e+00
9.634943366982042789e+00
9.608294270311793284e+00
9.588404676876962185e+00
9.591484654901755391e+00
9.588192266929480567e+00
9.613880273782545061e+00
9.648636904234686895e+00
9.691102048589122830e+00
9.748951471721133188e+00
9.833078410372966260e+00
9.955481351042786642e+00
1.009580705811580081e+01
1.027860211187766737e+01
1.050788170658051968e+01
1.079534817135168367e+01
1.114003695961501883e+01
1.151334393976463133e+01
1.191808833016289526e+01
1.230598949537509057e+01
1.260440878031982237e+01
1.274776914922727400e+01
1.265080675834582991e+01
1.222912269685831355e+01
1.151597960562341783e+01
1.048120354147007127e+01
9.204598219237393408e+00
7.767471352799071305e+00
6.280962674878537655e+00
4.878602105503280661e+00
3.592366644207181103e+00
2.527205454496046055e+00
1.703568394108313289e+00
1.092474427358764766e+00
6.698087778810682957e-01
3.879868772217627271e-01
2.159869081853476869e-01
1.169952496845446110e-01
5.947870470650770680e-02
2.803935746934484163e-02
1.234282691410276342e-02
5.481096785626912021e-03
2.746174782317521192e-03
1.124354023351326016e-03
4.336118138191629172e-04
3.022539870058220108e-04
8.432744117654723359e-05
1.371001330044699850e-04
7.685477843892611844e-05
1.934060355944868014e-04
1.084559745066387461e-04
1.221760584249890124e-04
1.117344524433781978e-04
2.279531470649927836e-04
1.205877404271369773e-04
1.667546458168140582e-04
1.403788888008273737e-04
1.188829328075786615e-04
9.124380960366203143e-05
1.191835348490140502e-04
1.462671392400909749e-04
1.041191859294702897e-04
9.278464644715762920e-05
4.177184233543506276e-05
9.606058206581949194e-05
6.163829808760980722e-05
9.958391511760671794e-05
5.471260040042912894e-05
9.034057841039105452e-05
