1.960417581987840947e+02
1.987853212927736308e+02
1.990983021783495417e+02
1.992218591535603593e+02
1.992069221809021542e+02
1.990535112622928295e+02
1.987692389232274479e+02
1.983620379575929178e+02
1.977597396821224152e+02
1.970467828050923060e+02
1.961435213709368384e+02
1.951073931113841127e+02
1.938712160231640667e+02
1.925300072976786510e+02
1.909709796949400697e+02
1.892393330388927950e+02
1.873766969269508991e+02
1.853743044232081445e+02
1.831746102984908759e+02
1.808301774758906788e+02
1.783920518909493467e+02
1.758435331796687535e+02
1.731431914708977331e+02
1.704137610117813608e+02
1.675730953101864031e+02
1.646745341193766023e+02
1.616871680879947064e+02
1.586700468723290101e+02
1.556529765334809952e+02
1.526337732085941639e+02
1.495733391894926285e+02
1.465306439722686775e+02
1.434878883309658306e+02
1.404744542909030827e+02
1.374753351745031011e+02
1.345330150583369004e+02
1.316024154624016376e+02
1.287483296236355557e+02
1.259323416864923360e+02
1.231546697787044167e+02
1.204727903966694100e+02
1.178180713517202918e+02
1.152341090474828178e+02
1.126980868003309553e+02
1.102506648003216299e+02
1.078417375232978941e+02
1.055087579908709046e+02
1.032311770088199836e+02
1.010381711189370293e+02
9.889804460506714179e+01
9.682524433233329830e+01
9.481888817160979954e+01
9.287847141816203589e+01
9.100985497425762105e+01
8.918919591124381441e+01
8.745519952014127796e+01
8.578189993112432887e+01
8.415839496328348446e+01
8.261008336868967206e+01
8.113890711648539877e+01
7.975473321999278653e+01
7.840209766923970847e+01
7.710668821032275844e+01
7.589736414795208930e+01
7.475238915141044060e+01
7.365009331864918352e+01
7.262109017941160971e+01
7.167275479006384842e+01
7.077342460593884255e+01
6.994390146035063083e+01
6.918438159270974097e+01
6.845964813566995133e+01
6.780507970574501542e+01
6.719699786749741577e+01
6.664103291484154568e+01
6.614997459264859003e+01
6.569686311875648244e+01
6.528983699424257736e+01
6.492029603353665834e+01
6.458785300660362338e+01
6.430574893187501573e+01
6.406826690366055743e+01
6.384109928730811845e+01
6.364871294623289089e+01
6.349708099631833846e+01
6.336373411548443357e+01
6.326524945866523097e+01
6.317561445969868572e+01
6.311474431268889163e+01
6.305821244147883675e+01
6.302741523088704412e+01
6.299692487558048981e+01
6.300156104120581801e+01
6.300480325846387331e+01
6.300715007123464062e+01
6.303762766713624899e+01
6.304852596059823355e+01
6.306872883121187101e+01
6.308556617078615858e+01
6.311467682850954475e+01
6.313880447938638696e+01
6.315594994831853626e+01
6.318712918835313985e+01
6.320253936755324986e+01
6.324061865782621084e+01
6.326320484921180309e+01
6.327581651108062744e+01
6.329111182726030194e+01
6.329482077406486695e+01
6.330155704106453385e+01
6.330298889920520367e+01
6.328734970275448291e+01
6.327321227465350262e+01
6.327961085445127765e+01
6.325320637512278665e+01
6.320856736359510109e+01
6.318522633827554102e+01
6.314024588534251592e+01
6.310098724404394233e+01
6.305385541543220285e+01
6.300649269734319802e+01
6.294915402292673434e+01
6.289236047228142468e+01
6.282890167592660191e+01
6.276214026583009087e+01
6.269050842254206657e+01
6.262225742207629509e+01
6.253476903169589463e+01
6.246754388635764599e+01
6.240484905633382340e+01
6.232865281289327442e+01
6.223351420129741740e+01
6.214078877670391421e+01
6.206796117533017565e+01
6.197562864164801510e+01
6.188068312051072439e+01
6.178073960256497088e+01
6.168417568106421811e+01
6.161340093907926985e+01
6.152436361545544230e+01
6.144232008122226318e+01
6.135226569487987547e+01
6.124921909819255461e+01
6.116884491174294425e+01
6.108278512486918288e+01
6.098768825802005011e+01
6.092925037519338360e+01
6.083794390951335629e+01
6.077273147821857435e+01
6.068037924276340789e+01
6.061046794105082114e+01
6.054419048715150353e+01
6.047860423163134413e+01
6.042207938807791834e+01
6.036924794365498315e+01
6.031971917605137179e+01
6.027860912650098868e+01
6.024219240310744539e+01
6.020403972319314079e+01
6.018722320024656369e+01
6.015496423948673765e+01
6.016660606872364525e+01
6.018276713261217736e+01
6.019852846876599983e+01
6.022351506686354128e+01
6.026564131917819367e+01
6.032058022461631452e+01
6.039101562916313526e+01
6.045829920267102153e+01
6.056644758974664455e+01
6.067982998856000876e+01
6.080649462107976433e+01
6.096303261836572318e+01
6.112518337353498055e+01
6.131656945694282257e+01
6.152565430424673565e+01
6.173932532165612486e+01
6.199815354930212408e+01
6.228674716561235414e+01
6.262153476651648987e+01
6.298584345973934973e+01
6.340976581643249688e+01
6.386334301356984611e+01
6.437581958841684582e+01
6.494747201601691700e+01
6.559279247872710528e+01
6.630136017590605491e+01
6.709347474160770730e+01
6.797108482270309082e+01
6.899099876885161109e+01
7.013826634328239606e+01
7.146638865282015729e+01
7.300336466254397294e+01
7.480216677022241356e+01
7.694336897591601598e+01
7.948901744820939541e+01
8.247667685362094403e+01
8.592317188126013150e+01
8.973882073115882463e+01
9.373648963698406078e+01
9.749891260215088096e+01
1.005262654486647449e+02
1.022279796462316455e+02
1.019690743691859751e+02
9.922636979683258573e+01
9.374274011850818056e+01
8.563876615866924169e+01
7.539553606130219521e+01
6.376771826264225496e+01
5.163783882182146812e+01
4.002946190260519899e+01
2.960528922024749576e+01
2.091790660089404952e+01
1.410638984183204059e+01
9.042547377544741138e+00
5.528725166811585545e+00
3.225095727103254539e+00
1.790613183014303056e+00
9.422858216041611890e-01
4.752112477515789135e-01
2.245140938414797172e-01
1.035432530604803447e-01
4.704511489616208797e-02
2.119116853830234695e-02
1.012030812316615236e-02
5.051005440966255602e-03
3.524096152674849759e-03
2.877137245784114946e-03
2.653902730200927151e-03
2.275839590864443297e-03
2.404228173941344408e-03
2.356409212864318467e-03
2.251804390318037051e-03
1.959117291177189801e-03
2.169562345193909794e-03
1.936661795793196425e-03
2.014124209172195572e-03
2.045774127925552733e-03
1.676438045299525996e-03
2.016966865349693622e-03
1.589141076873701493e-03
1.687421711469972710e-03
1.687317329766208291e-03
1.753864927220744789e-03
1.566265115624318124e-03
1.470884900850429836e-03
1.472778963309224814e-03
1.486122629232764294e-03
1.579992369923043267e-03
1.348803066000004054e-03
