1.963137040852254529e+02
1.992675059546566843e+02
1.996581527295159901e+02
1.998209777277878345e+02
1.998327016006584529e+02
1.997084815683591046e+02
1.994430210658654801e+02
1.990616726448444922e+02
1.984764413728252350e+02
1.977820975527135658e+02
1.968963150212331925e+02
1.958754796021806612e+02
1.946542584234061337e+02
1.933329916010850411e+02
1.917911748450967195e+02
1.900868596457127353e+02
1.882489785487825600e+02
1.862757253554326553e+02
1.841043094205434727e+02
1.818031065979648986e+02
1.794059338697865940e+02
1.769158699200565081e+02
1.742868540935348847e+02
1.716432894202686157e+02
1.689036823000152481e+02
1.661312929141789994e+02
1.632920760862474765e+02
1.604528397192672173e+02
1.576482910799147703e+02
1.548750597126702644e+02
1.521096744843832482e+02
1.494140155948474273e+02
1.467640113542686322e+02
1.442226857031000407e+02
1.417537072663683659e+02
1.394175592481275316e+02
1.371702345562970322e+02
1.350706707740655190e+02
1.330867228199707881e+02
1.312281398055565660e+02
1.295488144104857042e+02
1.279727740690941147e+02
1.265499116552308863e+02
1.252532814765722833e+02
1.241088682931045071e+02
1.230620455582175481e+02
1.221483153525056906e+02
1.213465316050390186e+02
1.206613335332984889e+02
1.200626215948534963e+02
1.195456197049893632e+02
1.191124062128341308e+02
1.187469583550469139e+02
1.184504238783052443e+02
1.181684051267001507e+02
1.179541258970409530e+02
1.177797265706820724e+02
1.176270873953213538e+02
1.174828980160671108e+02
1.173706101426501789e+02
1.172548379531097567e+02
1.171377081002800082e+02
1.169886750036274208e+02
1.168653123166859018e+02
1.167197881146313136e+02
1.165342542345519945e+02
1.163577915710938129e+02
1.161581976483407601e+02
1.159455408680500028e+02
1.156803554633235791e+02
1.154163809967756862e+02
1.151154662155190778e+02
1.147906245407995982e+02
1.144295386011191908e+02
1.140313891568558660e+02
1.136557596544126056e+02
1.132085866349605254e+02
1.127671701816123857e+02
1.123009710995885939e+02
1.118115212820873836e+02
1.112866535244767903e+02
1.107589714886577070e+02
1.101958520610518093e+02
1.096364686854117423e+02
1.090462542303571496e+02
1.084362302753042400e+02
1.078273099313543923e+02
1.072020790775488308e+02
1.065662122449694209e+02
1.059141781416523713e+02
1.052622720516641834e+02
1.045992438238317561e+02
1.039393564329572968e+02
1.032554857779162916e+02
1.025763928423912859e+02
1.019017870123545038e+02
1.012034371483778301e+02
1.005046817924991416e+02
9.980417049610177571e+01
9.911187818846782704e+01
9.841256677223155691e+01
9.771982348398475438e+01
9.702378775121285059e+01
9.632248011574230873e+01
9.562929642450804124e+01
9.496028969360371264e+01
9.427727484996083263e+01
9.357675731540395248e+01
9.291696580314041398e+01
9.225757209197008990e+01
9.158793880878702964e+01
9.091092759136695634e+01
9.024929355812389531e+01
8.960609440846263851e+01
8.895544185524450143e+01
8.830718147807588991e+01
8.767749952954557102e+01
8.703559421122213280e+01
8.642350914486073066e+01
8.579943761582531181e+01
8.521540595592638567e+01
8.460425607753266775e+01
8.402690229816124656e+01
8.343436422403483732e+01
8.287278187541006957e+01
8.231087910720634682e+01
8.175318570678278718e+01
8.121517977409338584e+01
8.068664589447365643e+01
8.016870822398394125e+01
7.966190016224000203e+01
7.914650285348544401e+01
7.864838399743173625e+01
7.815934977916496962e+01
7.767959162539277429e+01
7.720187056780140722e+01
7.674169674114352802e+01
7.627702762552124227e+01
7.583766350151068991e+01
7.540227164225751721e+01
7.498438174089656627e+01
7.457589785724259457e+01
7.418125177420888861e+01
7.379154375999863191e+01
7.340534303015579098e+01
7.303237047905354018e+01
7.268028541874689097e+01
7.232529888766725890e+01
7.200170689770042998e+01
7.165373320266016322e+01
7.133354261451997047e+01
7.103457365930879064e+01
7.073499413585477669e+01
7.045720727651476523e+01
7.017486653904809657e+01
6.989720536152294983e+01
6.963475795119997258e+01
6.939045419484141064e+01
6.915337058840414386e+01
6.895769639052127786e+01
6.876204111347212233e+01
6.858140178504726236e+01
6.842803926860575814e+01
6.827877110250737758e+01
6.813890067437371556e+01
6.802884175692935287e+01
6.793246911346406591e+01
6.783989271652306741e+01
6.776484386924992975e+01
6.772475238260014407e+01
6.771151281508126374e+01
6.771460825161317132e+01
6.773213107764526342e+01
6.778185839300503801e+01
6.785046344409299479e+01
6.795513916972564061e+01
6.808502956465048328e+01
6.823182395738814421e+01
6.842854518890982263e+01
6.867276427772246450e+01
6.895552208685946027e+01
6.929311958264081284e+01
6.969243803619185940e+01
7.012724251634324446e+01
7.062843066111697965e+01
7.120725635402466480e+01
7.186215656198639579e+01
7.262052868974322450e+01
7.348470716518794177e+01
7.446021085563263853e+01
7.558183791078154456e+01
7.691584842112764875e+01
7.847298850717106689e+01
8.027715054899930180e+01
8.244732733129259827e+01
8.506316381368223745e+01
8.813823490716285391e+01
9.168056801388331678e+01
9.563533207225637511e+01
9.974758161680917112e+01
1.036669855664503217e+02
1.067916952954413432e+02
1.085359786130863569e+02
1.081943041555456801e+02
1.052149138273925644e+02
9.939288012050995746e+01
9.073811796211411718e+01
7.983975603543686361e+01
6.751125903008066587e+01
5.465997516175659143e+01
4.234631902613435273e+01
3.132397915585973536e+01
2.212347809333580884e+01
1.490918567784162363e+01
9.568483810663723332e+00
5.848460778527270421e+00
3.397101176478765971e+00
1.875586637346202012e+00
9.961425374795191967e-01
5.002638562159139601e-01
2.396754049392806896e-01
1.103115663950123421e-01
4.942660654649359137e-02
2.186915322836938125e-02
1.040822756392822956e-02
4.883870705013840068e-03
3.290017145196094412e-03
2.734975141343110559e-03
2.721128647429464815e-03
2.309821190585026589e-03
2.401509027429751635e-03
2.226801596388978174e-03
2.221999031825072635e-03
2.134284595088955291e-03
2.276873214434975857e-03
1.955856223181142578e-03
1.925816681354303389e-03
2.081207918671292966e-03
1.890556705471198870e-03
1.962105676981971362e-03
1.750577342296708245e-03
1.926725870716241087e-03
1.560278103678449735e-03
1.783962248679526888e-03
1.657452067085760355e-03
1.546806597010246323e-03
1.568670174129394154e-03
1.537383254262801808e-03
1.553429449026473173e-03
1.481455473079394897e-03
