1.414968554973602295e+02
1.428633513450622559e+02
1.428687116569942930e+02
1.426895713011423652e+02
1.424043072329627080e+02
1.419483129978179932e+02
1.413352977169884639e+02
1.406118653880225224e+02
1.395879424677954717e+02
1.384249161084493096e+02
1.370451997915903632e+02
1.354341963662041621e+02
1.336282150745391846e+02
1.316431307792663574e+02
1.293685737186007998e+02
1.269454113112555547e+02
1.243264969719780879e+02
1.215408005449506987e+02
1.185621563593546597e+02
1.154755073123507998e+02
1.122805000940958706e+02
1.089728090630637212e+02
1.055603377156787417e+02
1.021471894317203066e+02
9.866327983803219581e+01
9.516586260000865138e+01
9.166270509031083691e+01
8.819633624288771045e+01
8.475201107396020461e+01
8.135629635386996483e+01
7.804518398973677051e+01
7.482587729560003709e+01
7.164993392096624802e+01
6.857117784023284912e+01
6.559257507324218750e+01
6.272699054082234937e+01
5.994213332070244604e+01
5.726511478424072266e+01
5.471356825033823412e+01
5.225198113918304443e+01
4.987264276875389868e+01
4.763995621601740282e+01
4.547408114539252466e+01
4.340933099720213306e+01
4.144338730308744800e+01
3.957910870181189722e+01
3.780559538470374292e+01
3.608390249808629591e+01
3.448056955469979101e+01
3.294467747873730445e+01
3.149539404445224378e+01
3.011375748448901746e+01
2.880862587028079602e+01
2.755417983399497217e+01
2.636706293622652808e+01
2.524856946534580615e+01
2.418905639317300427e+01
2.316833390129936987e+01
2.219552751382191857e+01
2.126995479067166528e+01
2.041871089405483630e+01
1.958282905817031860e+01
1.880075734191470715e+01
1.805576923820707691e+01
1.735055223769611743e+01
1.665566993753115455e+01
1.601039172543419653e+01
1.538895570238431354e+01
1.482300841146045300e+01
1.426039020551575476e+01
1.372430749071968847e+01
1.321590199073155780e+01
1.273716054028934863e+01
1.226502642532189746e+01
1.181931691699557874e+01
1.140955856111314581e+01
1.100388405885961340e+01
1.062480669882562445e+01
1.025956193606058697e+01
9.909957743353313475e+00
9.573674311240514712e+00
9.254994822873008786e+00
8.941251721647050843e+00
8.648742061522272095e+00
8.370195191767480836e+00
8.099384725093841553e+00
7.830884188413619995e+00
7.583972464005152680e+00
7.354427688651615114e+00
7.132074659897221558e+00
6.910770420398977265e+00
6.699445106916957826e+00
6.497431583702564240e+00
6.299305170774459839e+00
6.113147247996595368e+00
5.936246637668874726e+00
5.764645622836218841e+00
5.602419103185336091e+00
5.440703653626972169e+00
5.287060907317532532e+00
5.134972477952639558e+00
4.990743594037161834e+00
4.859863249791993134e+00
4.730248671438959107e+00
4.597748585045337677e+00
4.471246355109744997e+00
4.361823711958196625e+00
4.244287557072109252e+00
4.133655459516578645e+00
4.029400799009534850e+00
3.925353094935417175e+00
3.823507592909865860e+00
3.730553903513484482e+00
3.631484717544582352e+00
3.549476924041906845e+00
3.461357802980475906e+00
3.381290623711215027e+00
3.299065731051895156e+00
3.221531517389747634e+00
3.146472957813077453e+00
3.069895650363630768e+00
2.999350618157121673e+00
2.935430477890703216e+00
2.868530301584137909e+00
2.807950825740893830e+00
2.747000041107336532e+00
2.681408206621805679e+00
2.622342092295487870e+00
2.572187067733870514e+00
2.513931937101814285e+00
2.463272586878803239e+00
2.413700597567690842e+00
2.360192683007982239e+00
2.313916020095348358e+00
2.266117360856798157e+00
2.222423775742451202e+00
2.176648618860377304e+00
2.131641640431351181e+00
2.093312749432192810e+00
2.051197923305961623e+00
2.012940761115816102e+00
1.980136985994047638e+00
1.940109372966819290e+00
1.908275309536192177e+00
1.873189106376634605e+00
1.839731981149978157e+00
1.807947444212105514e+00
1.779224393061465737e+00
1.745910867013864998e+00
1.718459672191076759e+00
1.688496495493584160e+00
1.657580146152112244e+00
1.635688851690954682e+00
1.607011281367805244e+00
1.581205958914425613e+00
1.551813545533352379e+00
1.529145569230119461e+00
1.509105786888135903e+00
1.486865633477767235e+00
1.464718073813451760e+00
1.441366358970602279e+00
1.422696549445390701e+00
1.403924366459250450e+00
1.384273054078221321e+00
1.366238831438951973e+00
1.344916461035609245e+00
1.325152659788727760e+00
1.312042484887772087e+00
1.297147449105978012e+00
1.285972820387946136e+00
1.273299854455722802e+00
1.257844534806079384e+00
1.245559346758656982e+00
1.232226642055644028e+00
1.221149611804220436e+00
1.208319951469699616e+00
1.195107407867908478e+00
1.183481050655245781e+00
1.177913677154315941e+00
1.169499363336298225e+00
1.160728307647837632e+00
1.159568809593717331e+00
1.157132898146907563e+00
1.153979980904195068e+00
1.149561793025996925e+00
1.146260174819164757e+00
1.144117977677120201e+00
1.143464505051573044e+00
1.145368554111984016e+00
1.149136616331007721e+00
1.155091756333907371e+00
1.162247672884000771e+00
1.174838392270936005e+00
1.188787483299772019e+00
1.206904466781351326e+00
1.233699991264276985e+00
1.270580032633410461e+00
1.311549539574318413e+00
1.356340110301971436e+00
1.402218936011195183e+00
1.440757387835118530e+00
1.476208630535337685e+00
1.493866410106420517e+00
1.479324421948856827e+00
1.424882172296444649e+00
1.340435271875725753e+00
1.226073035970330238e+00
1.074642436785830490e+00
9.055561290846930733e-01
7.353479729758368721e-01
5.728171378270618952e-01
4.188593811769452113e-01
2.982705419417470694e-01
2.018697417418783002e-01
1.270808379437463886e-01
7.552283104289220228e-02
4.258169309468939900e-02
2.508196456663982707e-02
1.305636027199162837e-02
6.715477960047443531e-03
3.273602945587761326e-03
1.310868129927990214e-03
6.721646276450283413e-04
6.280900805953769286e-04
1.654356755704553352e-04
6.584413161074091625e-05
5.582054200361754914e-05
6.828975813277793350e-06
4.898169728662082889e-05
8.173979665730738114e-06
2.806882134325721734e-05
2.817609615184895700e-05
3.195858268472622865e-05
2.838616511121235325e-05
3.096800329495231585e-05
5.303334093604345739e-06
1.095402901708632132e-05
5.528782104860369265e-06
6.052710990584526357e-06
3.995178864910384442e-05
1.798919583152604079e-05
1.563657648044151566e-05
2.327067232635590674e-05
2.551856085454397093e-06
4.188841237996578315e-06
1.045748098222538369e-05
1.464418973304601701e-05
9.795510010919723787e-06
6.257841912808240776e-07
1.159858897261914257e-05
