1.960899948775505095e+02
1.988803719060634307e+02
1.992192149109062882e+02
1.993571031221203498e+02
1.993496360526660567e+02
1.992058941315863194e+02
1.989238702389410776e+02
1.985265142549440611e+02
1.979314840342715058e+02
1.972210721614593467e+02
1.963232761604273264e+02
1.952918260462871274e+02
1.940595728504488875e+02
1.927193123832318804e+02
1.911612891789187643e+02
1.894416475506689892e+02
1.875752230911169249e+02
1.855811078797617029e+02
1.833810376866015588e+02
1.810400627170621703e+02
1.786019638832848955e+02
1.760610550458123953e+02
1.733574935911016723e+02
1.706345331571621387e+02
1.677927633234594964e+02
1.648989638408209828e+02
1.619182248678356473e+02
1.589061681842048586e+02
1.558900398994943828e+02
1.528746874270046590e+02
1.498204381746934075e+02
1.467834241796692254e+02
1.437480717434781923e+02
1.407438729846838328e+02
1.377597707414958847e+02
1.348274948605839256e+02
1.319091827730325122e+02
1.290779944146005107e+02
1.262827784475510384e+02
1.235261140554923145e+02
1.208730222874331304e+02
1.182548957000924048e+02
1.157151138882283448e+02
1.132322304152940120e+02
1.108468507687701674e+02
1.085197049000664151e+02
1.062753299186730089e+02
1.041053503185757165e+02
1.020365200841542332e+02
1.000379304048685185e+02
9.813223388938888547e+01
9.632050409056431306e+01
9.459848877158927394e+01
9.296796947962168645e+01
9.141024156724256500e+01
8.996677560023245235e+01
8.861206613754045236e+01
8.732808588431969099e+01
8.614138614884133460e+01
8.505034076968125589e+01
8.406745469999600573e+01
8.314907075374388512e+01
8.228517241636048141e+01
8.152794036496655394e+01
8.084654953628221108e+01
8.019786520077154535e+01
7.964360018921512108e+01
7.916301938478571287e+01
7.872365625458121485e+01
7.834648527787392425e+01
7.802447584700469463e+01
7.773638939611491594e+01
7.749265478930983875e+01
7.728674332432770200e+01
7.710370654928647127e+01
7.698927493913350872e+01
7.687267879728045727e+01
7.679373469035932942e+01
7.670628413153518466e+01
7.664145472887733490e+01
7.658984404619027941e+01
7.657247559648344293e+01
7.654823605929267671e+01
7.653586357133934825e+01
7.652606404894859793e+01
7.650029285012362834e+01
7.649104909845850386e+01
7.646869330760114281e+01
7.645663148609531845e+01
7.643544082409620444e+01
7.642754677492177962e+01
7.638215563453175605e+01
7.635490050056280609e+01
7.631042184520022431e+01
7.624929951996379884e+01
7.621145876429939392e+01
7.613318844849331413e+01
7.604842207004983834e+01
7.595576004275747550e+01
7.586566152422606990e+01
7.577136524560512498e+01
7.564057540998494744e+01
7.551937418164243354e+01
7.540116429691335043e+01
7.526645295873522912e+01
7.512613587691704709e+01
7.496556719704551597e+01
7.480143057277450680e+01
7.464375920405827003e+01
7.445687510704016177e+01
7.426775735035973014e+01
7.407841080157857050e+01
7.388798889643518919e+01
7.368855354157423676e+01
7.346981358926319672e+01
7.323677076012694442e+01
7.302797775392143365e+01
7.279800172915767575e+01
7.256875660178911858e+01
7.231856038720003710e+01
7.209635794040596579e+01
7.185259028184488272e+01
7.161764906860275914e+01
7.136975259694150964e+01
7.112410074765905676e+01
7.089164700807688746e+01
7.063716978912916034e+01
7.040240516833578965e+01
7.015087288811689348e+01
6.991438688503210130e+01
6.967661214023598859e+01
6.942385212335722144e+01
6.917451767616066149e+01
6.895984262105800155e+01
6.871245194319875793e+01
6.848523583932926329e+01
6.825700335546855513e+01
6.801035300551428975e+01
6.779850698212639770e+01
6.755717369388528937e+01
6.734368896805040094e+01
6.712713983875410406e+01
6.690315680596496861e+01
6.669573665377471627e+01
6.651060232370949166e+01
6.629430643156335634e+01
6.610540605267230774e+01
6.591163926257992500e+01
6.574368413824478807e+01
6.554731327807263597e+01
6.537788982210096833e+01
6.522099814728117906e+01
6.504674067532009474e+01
6.489238629763612209e+01
6.475570933255892214e+01
6.462463673680227316e+01
6.448234859946394693e+01
6.436223414824506506e+01
6.424325422754580472e+01
6.415253589075916807e+01
6.405131508528624806e+01
6.399141882336837739e+01
6.392544353096469223e+01
6.387683604303965268e+01
6.382900444520279848e+01
6.380504912069021373e+01
6.377157637002851232e+01
6.377101235355227260e+01
6.378536426807445281e+01
6.384437956897870947e+01
6.390032101881249105e+01
6.396332805284414746e+01
6.406241671640019320e+01
6.418393136867076976e+01
6.431639595313218649e+01
6.446565566894273047e+01
6.465602708832551571e+01
6.486765820561765850e+01
6.512192292034947627e+01
6.541135903138405183e+01
6.574993152839314803e+01
6.613922402824647406e+01
6.656790405977370995e+01
6.704614063951483161e+01
6.757067865142867902e+01
6.819676589124280497e+01
6.887691449098655028e+01
6.966736627774095325e+01
7.053228869398884626e+01
7.152659286949973705e+01
7.264855503350948140e+01
7.397174258306607442e+01
7.552098296100793107e+01
7.732208637232305648e+01
7.948162905092763708e+01
8.205827330166594891e+01
8.510079440321430866e+01
8.862344708587917808e+01
9.252879809102800834e+01
9.656008714960547934e+01
1.004154999133143775e+02
1.035513430286104466e+02
1.052898242740497210e+02
1.049711786441683614e+02
1.020836985890285717e+02
9.642792912537660754e+01
8.803978982362413319e+01
7.744348895448221981e+01
6.549669369701943822e+01
5.305449590132743509e+01
4.111769561448509336e+01
3.039474063937656467e+01
2.147627499115014160e+01
1.445191016067231438e+01
9.275706665605301993e+00
5.671524310551598447e+00
3.299283706960954632e+00
1.822455293136252541e+00
9.609757869300625810e-01
4.813157593940254886e-01
2.334038478913432468e-01
1.083429695942123711e-01
4.922668842089280433e-02
2.172552224912121036e-02
1.031238270109197108e-02
5.322528493099178658e-03
3.813900388864175945e-03
3.100091112821693091e-03
2.918860782697635121e-03
2.507437032406724386e-03
2.133693241961876624e-03
1.951181636898797773e-03
2.354382402121277165e-03
2.004625834055959611e-03
1.939662418192172281e-03
1.965777130022515039e-03
2.063521859781522038e-03
1.968448027776007001e-03
1.610009706095447005e-03
1.684172081978434080e-03
1.737916424716442077e-03
1.769864845699129548e-03
1.865089616254233520e-03
1.579904540311202711e-03
1.738781674287094483e-03
1.616616889174606530e-03
1.515242162619034969e-03
1.379517439841506559e-03
1.602171073894905493e-03
1.418023477417951119e-03
