1.959922735239854603e+02
1.986778382793210653e+02
1.989515955454097593e+02
1.990486254287236250e+02
1.990182611728891402e+02
1.988584712843117757e+02
1.985625071991216544e+02
1.981508276309067753e+02
1.975383685522365624e+02
1.968229895740616371e+02
1.959105938552710313e+02
1.948670479003689024e+02
1.936251540194625704e+02
1.922763969433863451e+02
1.907105023675539144e+02
1.889782969093073177e+02
1.871103222567790283e+02
1.850991416954693989e+02
1.828951926086410822e+02
1.805487060757014035e+02
1.781056377369056349e+02
1.755537172346728880e+02
1.728516499260805119e+02
1.701191336341703106e+02
1.672704384162212250e+02
1.643715765885062012e+02
1.613831475640015753e+02
1.583633560072044588e+02
1.553426722027944038e+02
1.523221616217352619e+02
1.492535678382825495e+02
1.462088836391834548e+02
1.431616671709144271e+02
1.401433312066176882e+02
1.371436150426242477e+02
1.341941877740809446e+02
1.312595292021071032e+02
1.284030656432268813e+02
1.255832511812373724e+02
1.227947261114420172e+02
1.201038783407232557e+02
1.174459489616969421e+02
1.148465641297869269e+02
1.123038247788502275e+02
1.098443259139633739e+02
1.074202300803007830e+02
1.050702805088301943e+02
1.027742773700092158e+02
1.005578059201744736e+02
9.838781877194649894e+01
9.628176850970318412e+01
9.424329481473868952e+01
9.225866699466897103e+01
9.033992649785894002e+01
8.845780736214102546e+01
8.665185420783414827e+01
8.489500050747216164e+01
8.317857729743219863e+01
8.151899382068151567e+01
7.992076315951803167e+01
7.838740929109114575e+01
7.688209912677363889e+01
7.540300978266847665e+01
7.399625981317186074e+01
7.262694697526985976e+01
7.127289183599270928e+01
6.998770097032328863e+01
6.875359832410254057e+01
6.754400124554315710e+01
6.638702572690544912e+01
6.526698272467180573e+01
6.417415315423865252e+01
6.312623373291754802e+01
6.210696220231636033e+01
6.112597789649333180e+01
6.019858950762070293e+01
5.929174632649839793e+01
5.843301874846782340e+01
5.759810502747585303e+01
5.679442249792457176e+01
5.603349048469150517e+01
5.532229676905349436e+01
5.462881531461900408e+01
5.396614574131164233e+01
5.335147750876924988e+01
5.276490754651755566e+01
5.221842956331045116e+01
5.169432455772201962e+01
5.121629439854154242e+01
5.074894760413612715e+01
5.033331980999044220e+01
4.993341240087599431e+01
4.956581165250494792e+01
4.923394087708053490e+01
4.891174641879081975e+01
4.864136204162225141e+01
4.838089438473664217e+01
4.815107387803462302e+01
4.793459544413378381e+01
4.775023530448685705e+01
4.758511045785737537e+01
4.743687765651907284e+01
4.732199891618236620e+01
4.720833108291790836e+01
4.712208115144126452e+01
4.705598180741522896e+01
4.699313637296793189e+01
4.694615986440483368e+01
4.692800301723222844e+01
4.691045658631828275e+01
4.690348448186184527e+01
4.690134422782777790e+01
4.692465128550248465e+01
4.695482891767748157e+01
4.697870363498709878e+01
4.701458417805194756e+01
4.706588775287801241e+01
4.710667255200745984e+01
4.715932936153981103e+01
4.721028932430125025e+01
4.729091881177666323e+01
4.735025346256129808e+01
4.743093625059105278e+01
4.750925390151789429e+01
4.758284685741632813e+01
4.767033867172560946e+01
4.775873246734492739e+01
4.784862146454871379e+01
4.794615721333430258e+01
4.803924823629637331e+01
4.812450488128031623e+01
4.822071216157821993e+01
4.830403985063398409e+01
4.840766834620755077e+01
4.848853915386597180e+01
4.858942562019336009e+01
4.868205710645555229e+01
4.876733429551183718e+01
4.885517851787847832e+01
4.894293114254644905e+01
4.904637559538078762e+01
4.913934320491847529e+01
4.922964159303305109e+01
4.934014925990167910e+01
4.943836573027252257e+01
4.951955113881548698e+01
4.963418727387256979e+01
4.971871374423965761e+01
4.981938646163403206e+01
4.991353012060609728e+01
5.001338819314287321e+01
5.011244039411211304e+01
5.020662149348776637e+01
5.031892664744346888e+01
5.040785090288348869e+01
5.052582785643637919e+01
5.064158403074291925e+01
5.074758140547739771e+01
5.086407442117273803e+01
5.099339273492996227e+01
5.112254908577872925e+01
5.126326140071218873e+01
5.140652909899535672e+01
5.156095691429704431e+01
5.170872844406191149e+01
5.189475729721061725e+01
5.206181613546137044e+01
5.224878977556526394e+01
5.243616110053335433e+01
5.265235495305492464e+01
5.288332881038120092e+01
5.312348884659964199e+01
5.337905288418230754e+01
5.365313257371654032e+01
5.392282967033921892e+01
5.424051397847016887e+01
5.454823031030619518e+01
5.489496997835467340e+01
5.527265639437104028e+01
5.569155314968195825e+01
5.611834996621739435e+01
5.660417151614353060e+01
5.712475048410279754e+01
5.768308626478204815e+01
5.831083897382902137e+01
5.899560538174245039e+01
5.974765576804444578e+01
6.058087550848502900e+01
6.149106185596217244e+01
6.251851921929698364e+01
6.365292376706329947e+01
6.498726756766906476e+01
6.651459738605923633e+01
6.825070236267158919e+01
7.031524168781012918e+01
7.277229559479491172e+01
7.562412892110241103e+01
7.890332506407372648e+01
8.255930952840274983e+01
8.634966028024462048e+01
8.994640856723717093e+01
9.288378666073658962e+01
9.455066245270629111e+01
9.439541866095665057e+01
9.189883808361632589e+01
8.689699756168653266e+01
7.939773027213973933e+01
6.989930690558411186e+01
5.913721650151681075e+01
4.795652792863563008e+01
3.717158651262535329e+01
2.748158678657648579e+01
1.939162805578252247e+01
1.307505980788831934e+01
8.397010019074908627e+00
5.140276921650952957e+00
2.991217874504044971e+00
1.658884663407191207e+00
8.748757776787491336e-01
4.381431335541076111e-01
2.074336827727820409e-01
9.661811316976630371e-02
4.356946938307078993e-02
1.941494884959645700e-02
8.995137708178347832e-03
5.139296520245474967e-03
3.485151520168353837e-03
2.584875895341753362e-03
2.446122878953213391e-03
2.362173064284685178e-03
2.340929878584278954e-03
2.112651166432554049e-03
2.414258846474303267e-03
2.088406635982356738e-03
2.077892201160337106e-03
2.104215051430503077e-03
1.961375584047801018e-03
1.975355736321733873e-03
1.771122545429170336e-03
1.982996066703214457e-03
1.607008584606638753e-03
1.587972534440647981e-03
1.642918341488918028e-03
1.659178820734825890e-03
1.593749881548076281e-03
1.447451007611502347e-03
1.399512375077273602e-03
1.468314535425824198e-03
1.645648506389416066e-03
1.298014867849909453e-03
