1.962053401047027990e+02
1.990915808099420587e+02
1.994686689644790931e+02
1.996272140081069324e+02
1.996277750778731104e+02
1.994992489726314773e+02
1.992300419729109819e+02
1.988392896592530974e+02
1.982514599035079357e+02
1.975512848084804034e+02
1.966611513733899983e+02
1.956345888820007133e+02
1.944106990762709870e+02
1.930842036166381774e+02
1.915275748389701391e+02
1.898085819043818390e+02
1.879571246641003199e+02
1.859678534009753150e+02
1.837732211626441767e+02
1.814455578069216415e+02
1.790179891236910805e+02
1.764876231425285482e+02
1.738099785311932806e+02
1.711061028764048046e+02
1.682898444968401748e+02
1.654298768724302704e+02
1.624854352844244261e+02
1.595174495475352501e+02
1.565634426183064818e+02
1.536180452214640013e+02
1.506470869961563892e+02
1.477259396771657691e+02
1.448110527326757335e+02
1.419614096531546465e+02
1.391651523310481480e+02
1.364497696190440479e+02
1.337957728678915430e+02
1.312572765097550871e+02
1.288080447910458588e+02
1.264478160109564584e+02
1.242437183999153660e+02
1.221257269493485467e+02
1.201379139849576063e+02
1.182726996169203488e+02
1.165549485307793560e+02
1.149494325886358723e+02
1.134754606351715012e+02
1.121199632565973303e+02
1.109093615107273081e+02
1.098090263277092475e+02
1.088180215301039624e+02
1.079499902503057314e+02
1.071851170089439620e+02
1.065207193067920883e+02
1.059124693392124357e+02
1.054098983500138189e+02
1.049794831707807816e+02
1.046087501986874742e+02
1.043037068873834983e+02
1.040472745990017529e+02
1.038635175879423258e+02
1.036844062919154510e+02
1.035207354795904280e+02
1.034067293260956291e+02
1.033165690064423075e+02
1.031901075148549012e+02
1.030938826139863949e+02
1.030324986800949176e+02
1.029378730067912500e+02
1.028701812369080244e+02
1.027737974606829283e+02
1.026621415237356842e+02
1.025519293729897328e+02
1.024093825641154041e+02
1.022653620956929643e+02
1.021064886401558880e+02
1.019363047278268937e+02
1.017351464471519051e+02
1.015151765079356494e+02
1.012762517322686477e+02
1.010136356328605842e+02
1.007472422923296449e+02
1.004521083323212025e+02
1.001256568953407680e+02
9.981092839634847280e+01
9.945232131254468300e+01
9.911899532859938233e+01
9.873082167891600136e+01
9.834809988661154989e+01
9.792795532047253459e+01
9.751134438222321421e+01
9.705545503425429388e+01
9.662245399046233274e+01
9.617217398279343854e+01
9.568821666045791119e+01
9.522185857168223322e+01
9.473231092804778086e+01
9.422284505638016583e+01
9.373247269170674656e+01
9.322949111293186775e+01
9.270789043637337556e+01
9.219762745256421965e+01
9.166761261851192444e+01
9.114526375381434775e+01
9.061760619644203985e+01
9.008625914781480049e+01
8.955373793036535801e+01
8.900951066487613161e+01
8.848843376011336659e+01
8.795194439031563149e+01
8.741062736679155876e+01
8.687003921968688758e+01
8.634284560019221999e+01
8.582591974021346459e+01
8.529034956575075910e+01
8.475913034607583540e+01
8.425060669193783269e+01
8.371883078493635821e+01
8.320544726092938959e+01
8.268096757370425109e+01
8.218205328067597293e+01
8.166491545450530509e+01
8.116677540203649244e+01
8.066195883295002034e+01
8.016698391539195256e+01
7.969787873983955251e+01
7.922364682550058035e+01
7.874472062637651959e+01
7.829370975365185359e+01
7.783801628715625043e+01
7.740441202256123177e+01
7.694553625628947202e+01
7.650280833607247644e+01
7.609402868987747581e+01
7.565816105641700062e+01
7.525509645330626540e+01
7.483423455523228540e+01
7.444753884334606653e+01
7.405321735999757493e+01
7.366696320663365327e+01
7.330058876747989416e+01
7.292665651019721906e+01
7.256963984223143882e+01
7.221136741834669692e+01
7.188323421111967093e+01
7.154219633197674000e+01
7.122519206052756147e+01
7.091686890089521000e+01
7.061642845388965384e+01
7.029917113392215811e+01
7.002564660167321620e+01
6.975765817127000901e+01
6.949129217328592745e+01
6.924914898561523557e+01
6.900119065405093011e+01
6.876481932628765037e+01
6.854115760984871031e+01
6.833319010497744728e+01
6.812709115098479629e+01
6.793745530024646939e+01
6.773892224392150752e+01
6.758409967648118766e+01
6.745018892668765886e+01
6.732217696009358576e+01
6.720874656851620443e+01
6.710853327534847779e+01
6.702498090899860017e+01
6.697077438034069985e+01
6.692792795965571884e+01
6.689770933481271697e+01
6.690069271573628384e+01
6.690812134611586259e+01
6.694637398154073082e+01
6.701074765855724991e+01
6.709610563123358418e+01
6.720835487383288864e+01
6.734486263042010989e+01
6.751380303868003807e+01
6.773036753431036061e+01
6.798774877009655881e+01
6.827464409773199350e+01
6.861178516747611411e+01
6.901762559685897713e+01
6.947424781088560053e+01
6.997513736253459626e+01
7.057169083166772339e+01
7.123351357061798694e+01
7.199788856176157026e+01
7.285816371731321794e+01
7.384474562679400833e+01
7.496690490166967891e+01
7.629438379171755003e+01
7.782337191896397144e+01
7.964032846043778591e+01
8.181699451160069714e+01
8.442527708814515108e+01
8.748945632337431277e+01
9.104542110219441042e+01
9.494762234438545079e+01
9.906925078960348685e+01
1.029507695772361444e+02
1.061111635775038025e+02
1.078758454840108953e+02
1.075441281037227981e+02
1.046122837564885941e+02
9.880697957575470980e+01
9.020836231106422076e+01
7.932698734480227643e+01
6.710306316029566176e+01
5.434577881636738539e+01
4.211987845520956597e+01
3.112298290300946491e+01
2.198897049043734597e+01
1.481656151651476705e+01
9.505381601820387161e+00
5.804809885347546050e+00
3.376080351720698758e+00
1.867547775104194674e+00
9.841045988053385152e-01
4.954070763880178974e-01
2.375232026223326465e-01
1.114108529310836454e-01
5.109040586019869545e-02
2.234891651168312982e-02
1.032805609760896991e-02
5.265280244886076481e-03
3.517134786178794693e-03
2.727383493126228110e-03
2.666869047902237829e-03
2.357233523561519037e-03
2.300063985722940966e-03
2.229227350132499674e-03
2.173196920902138903e-03
2.021676535424396688e-03
2.098605313178863400e-03
1.938937125145077196e-03
2.133892335812994680e-03
2.067791438095635970e-03
1.840948257957779289e-03
1.950241277381561207e-03
1.665306304178470467e-03
1.833164399492153958e-03
1.572328420450478910e-03
1.544986288150780509e-03
1.601139284586452398e-03
1.420152487023015279e-03
1.583784681384981614e-03
1.542216039762292750e-03
1.572966490787627847e-03
1.249569001258546072e-03
