1.959982764387358998e+02
1.986919482717650283e+02
1.989693076904731299e+02
1.990704326094391661e+02
1.990440169762430571e+02
1.988843025232779098e+02
1.985928579711918189e+02
1.981791347257177733e+02
1.975695606807880438e+02
1.968523402389579076e+02
1.959414390113593640e+02
1.948983880250719665e+02
1.936591777092133952e+02
1.923110940352160583e+02
1.907451654860821861e+02
1.890156036042120888e+02
1.871463430057291362e+02
1.851366319296658673e+02
1.829337638628907143e+02
1.805881939143340276e+02
1.781447444253574872e+02
1.755926772238774731e+02
1.728918977130391568e+02
1.701603462666299720e+02
1.673125010565462105e+02
1.644164433269811241e+02
1.614271649335773873e+02
1.584043439918569049e+02
1.553867262194850127e+02
1.523630876708884614e+02
1.492979512655349765e+02
1.462547401285079332e+02
1.432041651461777860e+02
1.401884216499136926e+02
1.371919104415322010e+02
1.342417814242929524e+02
1.313085912514518441e+02
1.284513432337057282e+02
1.256305656591350726e+02
1.228418377399065946e+02
1.201527321363877405e+02
1.174934886732676489e+02
1.148992801485484279e+02
1.123519814695986554e+02
1.098951424084699084e+02
1.074721283858866911e+02
1.051220641913906206e+02
1.028290147302692361e+02
1.006124250324960485e+02
9.844701661622576694e+01
9.634201327249593305e+01
9.430502214611674106e+01
9.231881947311964609e+01
9.040276449631748790e+01
8.852289475208854697e+01
8.671782197587711494e+01
8.496531690814138926e+01
8.324902359057035994e+01
8.159811777984263870e+01
8.000231555839940256e+01
7.847234463757781953e+01
7.697288179412787201e+01
7.550180003092371805e+01
7.409573824865819347e+01
7.274097777977073065e+01
7.139779101760565538e+01
7.012466766063388945e+01
6.890083690029555896e+01
6.770686578803515943e+01
6.656959069837004961e+01
6.546510355930936953e+01
6.439660324551870474e+01
6.337492948253157010e+01
6.238273365213679966e+01
6.142992897359290083e+01
6.053482714891134009e+01
5.967080006154081673e+01
5.885041744726497370e+01
5.805803060973862983e+01
5.729821450280851991e+01
5.659194861988920877e+01
5.592839791244841763e+01
5.528757998503524362e+01
5.468096152270258870e+01
5.411951159308021886e+01
5.358992194329172065e+01
5.310425557430221488e+01
5.264372187233143308e+01
5.222020049164824229e+01
5.182207137904000405e+01
5.146580932497450789e+01
5.113341104855157226e+01
5.083615693260434654e+01
5.056669108097402443e+01
5.030491102262742942e+01
5.009592829022150084e+01
4.988735433969277011e+01
4.971591878692714062e+01
4.955746712883657779e+01
4.943125400638043487e+01
4.931912001922568578e+01
4.922120011483095681e+01
4.914945963389591554e+01
4.907816613277051232e+01
4.903791971760094981e+01
4.901612254846035910e+01
4.899626544391897909e+01
4.898963938881436775e+01
4.900283868777583507e+01
4.901805453872444929e+01
4.903739550350989163e+01
4.905821345396213218e+01
4.910252110240310941e+01
4.914686662911577741e+01
4.919255964266934456e+01
4.923744958134478367e+01
4.929439309127618429e+01
4.934787889176986653e+01
4.942040626043596774e+01
4.948726934012744749e+01
4.956614759602474862e+01
4.963273697140731144e+01
4.971072859091833607e+01
4.978106959418001054e+01
4.985734616867365077e+01
4.993938325646552556e+01
5.002665107283148416e+01
5.010095174898917492e+01
5.018240347566958803e+01
5.026845688856755601e+01
5.036139474522658332e+01
5.043110137482624111e+01
5.049989367436821652e+01
5.058763505977352537e+01
5.064554322585727419e+01
5.073334418418474456e+01
5.080141067631445395e+01
5.087647266132223223e+01
5.095969324603682793e+01
5.102973019603147264e+01
5.110124364910592476e+01
5.117936884887939186e+01
5.125202173638363945e+01
5.132817635628462227e+01
5.140628896707325879e+01
5.145428915491343957e+01
5.153375309453039677e+01
5.160087394417458739e+01
5.168842612091402344e+01
5.175484618556270533e+01
5.183002361898060428e+01
5.189581159101538788e+01
5.198913523947330617e+01
5.207704728770417546e+01
5.215475799013903924e+01
5.224225289573577413e+01
5.233197484383766351e+01
5.241622908101511769e+01
5.250047196918695391e+01
5.261559544916379849e+01
5.272287306423454822e+01
5.285365734042503760e+01
5.298420908010540842e+01
5.311899445207411929e+01
5.325500972939316568e+01
5.340761475633393474e+01
5.355784401434524256e+01
5.372356448187959188e+01
5.389890462872170218e+01
5.411282727633548006e+01
5.432132939206758238e+01
5.454055443689661331e+01
5.477610443088455128e+01
5.502307601366251788e+01
5.527784779025780892e+01
5.556870187451412590e+01
5.587309685077060095e+01
5.620222466249710180e+01
5.656740890854009507e+01
5.696929659153536818e+01
5.739361601994780671e+01
5.788072386167974059e+01
5.838668679000427630e+01
5.895073590901746030e+01
5.955755036782007039e+01
6.022641048310996581e+01
6.096393097935249017e+01
6.179169347977251903e+01
6.271148168288281965e+01
6.374740204562245793e+01
6.489461626100819558e+01
6.621615730698070479e+01
6.773484309634356748e+01
6.950766758999033357e+01
7.159685303209808183e+01
7.405480426385283010e+01
7.695524554981271592e+01
8.025878072049964373e+01
8.392126534444993524e+01
8.774196557179291744e+01
9.139622542733266641e+01
9.429903156327343083e+01
9.601166002416002243e+01
9.581967835235039388e+01
9.327986297695333917e+01
8.818448619553053902e+01
8.057840364812302880e+01
7.089904746758230658e+01
5.999821575812897834e+01
4.864108802546890331e+01
3.772496930006255411e+01
2.787971570314221026e+01
1.971772136894608707e+01
1.329133720595894275e+01
8.520491650588850163e+00
5.199658025080116985e+00
3.027278497671682445e+00
1.681593892875293150e+00
8.888778406258645015e-01
4.472937274794640539e-01
2.136127214913193240e-01
9.996747693769887644e-02
4.512014387305542801e-02
2.032174346917357474e-02
1.006968449920436076e-02
5.145011822653888268e-03
3.402984936504998073e-03
2.793238782897202333e-03
2.605090875778339615e-03
2.294005858028323307e-03
2.176513944419436464e-03
2.114900032539205992e-03
2.296876550539193006e-03
2.065868482797766394e-03
2.163722078505641959e-03
2.004675723543469096e-03
2.051523895216476445e-03
2.085257268723895215e-03
1.860386250278183709e-03
2.027899107284465274e-03
1.732666705016861625e-03
1.628822755913169554e-03
1.732546483674245142e-03
1.691423903815128700e-03
1.666658553467239385e-03
1.635566328234945707e-03
1.456531231820360926e-03
1.522154629333792066e-03
1.503990742297316901e-03
1.290872756781925954e-03
