1.959869131619222173e+02
1.986671709982112191e+02
1.989338191315142979e+02
1.990278858540449107e+02
1.989956311467970522e+02
1.988334165254230754e+02
1.985368732527729208e+02
1.981235899469126309e+02
1.975107655856479880e+02
1.967931517185573966e+02
1.958811767264391790e+02
1.948344332579585512e+02
1.935938174181222564e+02
1.922456983473839784e+02
1.906754819004523824e+02
1.889428674538984865e+02
1.870741696118138861e+02
1.850667798927498495e+02
1.828600757775642762e+02
1.805154327661699654e+02
1.780669846551087687e+02
1.755174220859586285e+02
1.728127320722459785e+02
1.700792963673848419e+02
1.672330577908783482e+02
1.643332139633852762e+02
1.613427125809239442e+02
1.583230328970176686e+02
1.552987375148275930e+02
1.522791919936839520e+02
1.492150667359644274e+02
1.461692926486850865e+02
1.431199336533574353e+02
1.401041901997080856e+02
1.370988359127927083e+02
1.341526817223013666e+02
1.312168499279791547e+02
1.283585487926973201e+02
1.255363443918618032e+02
1.227519526233982248e+02
1.200614506621889319e+02
1.174007707953139743e+02
1.148012532197819553e+02
1.122551004983087921e+02
1.097953498754994257e+02
1.073734888549553688e+02
1.050202474943044137e+02
1.027255944104465613e+02
1.005080963926888984e+02
9.833799726495615801e+01
9.622782903905242335e+01
9.418946618187511888e+01
9.220149734381202222e+01
9.028505604156748632e+01
8.840179242440983387e+01
8.659392448782800500e+01
8.483655674972001748e+01
8.311808623481115887e+01
8.145802227684630736e+01
7.985424672381385847e+01
7.831988651121699263e+01
7.681041129919059074e+01
7.532632021618762508e+01
7.391437954924194287e+01
7.253803018505831801e+01
7.117883629773498910e+01
6.988788168273384827e+01
6.864265265369429869e+01
6.742682969515972502e+01
6.625946969206692927e+01
6.512380891125013704e+01
6.401845152057578048e+01
6.295408869736547075e+01
6.191837564129487959e+01
6.091591917532770850e+01
5.996539218697643747e+01
5.903399283798715658e+01
5.814629026904530207e+01
5.728112041640643071e+01
5.644978731956953766e+01
5.565219937992718968e+01
5.490336029298205744e+01
5.416429693140916157e+01
5.345952628814180230e+01
5.279881150300557380e+01
5.216548919483807367e+01
5.157048908183284652e+01
5.099948855862396613e+01
5.047139606547448665e+01
4.995556367611631998e+01
4.948057266885162875e+01
4.902818534192393685e+01
4.861166237622322228e+01
4.821836921796652575e+01
4.784482420184968277e+01
4.751313108178356970e+01
4.719209159939331499e+01
4.690269594473003423e+01
4.663954412464102717e+01
4.639748293040930349e+01
4.618626860744286233e+01
4.598957975503092399e+01
4.582228405613200550e+01
4.565587724402397640e+01
4.552445304940041382e+01
4.542283764858267148e+01
4.531850209808226282e+01
4.523053372979292419e+01
4.517172497722176416e+01
4.511760078763949622e+01
4.506932391350195388e+01
4.503976730994731525e+01
4.502933296165823407e+01
4.502507202505287864e+01
4.503870963541025674e+01
4.505231457985118482e+01
4.508144697276006951e+01
4.510346278953263521e+01
4.514908628381370193e+01
4.519814624419345961e+01
4.525775351430492321e+01
4.530459022581086970e+01
4.536919051825493909e+01
4.544181190164920281e+01
4.551624724848365133e+01
4.558975690515425327e+01
4.567934871053329005e+01
4.576702494305254021e+01
4.587249128087974981e+01
4.596888384449736265e+01
4.606958505263612835e+01
4.616967101443037791e+01
4.625798356187549132e+01
4.637259449229542696e+01
4.647011719149568876e+01
4.656478601951792484e+01
4.666057790226031443e+01
4.675287788114922449e+01
4.686548519689697656e+01
4.696759483470489727e+01
4.708929378829181189e+01
4.720157820286594585e+01
4.730038455717904355e+01
4.742685988876342407e+01
4.754627269447653504e+01
4.764371149632439284e+01
4.776392490699345927e+01
4.787401648640372542e+01
4.800333986706888822e+01
4.811559247348444046e+01
4.823898027258967147e+01
4.835307831686493785e+01
4.846892947894027515e+01
4.859452624610037930e+01
4.871122127055549100e+01
4.883754034380183384e+01
4.898113921063948339e+01
4.911296012640805486e+01
4.924795966579129924e+01
4.938889748278119640e+01
4.953162098294058779e+01
4.969826893406580126e+01
4.986640111158388322e+01
5.004318132763923188e+01
5.021387523854570389e+01
5.041147415416213562e+01
5.058368863623498157e+01
5.078519467443198465e+01
5.098801643479735901e+01
5.123446364944225451e+01
5.146797400619733764e+01
5.172224936625968894e+01
5.200492366992153848e+01
5.228024627099892285e+01
5.256193558608965333e+01
5.287590414978907205e+01
5.321563640503813275e+01
5.357613761222002324e+01
5.396335034879156467e+01
5.438110244886537004e+01
5.482603413939471437e+01
5.532440296778914757e+01
5.586657408381444867e+01
5.644483771419201901e+01
5.707340698456940942e+01
5.775034218928692553e+01
5.850536779962352085e+01
5.933828950832863569e+01
6.025827514644493732e+01
6.127808812338906108e+01
6.241641763904845419e+01
6.374036551369577097e+01
6.523803386554763506e+01
6.697967810993179683e+01
6.902975698920155878e+01
7.145586403674862197e+01
7.428731964377000452e+01
7.754588654028151495e+01
8.114090595433910380e+01
8.488528650947195331e+01
8.846183304539599135e+01
9.131861108632223534e+01
9.299894701245968065e+01
9.289560746766152022e+01
9.046009787065474939e+01
8.551623469341488715e+01
7.815492853022318798e+01
6.880789097223274098e+01
5.822399829715067909e+01
4.719794892810403297e+01
3.659336577201182195e+01
2.708190187384882464e+01
1.913880033199221131e+01
1.288474630672028987e+01
8.275835264127904267e+00
5.046437725869335367e+00
2.942551772739601557e+00
1.629989830526229033e+00
8.607028485416061692e-01
4.301787950811419292e-01
2.053653844727241495e-01
9.539833115370095762e-02
4.249410830989271137e-02
1.866793333245257702e-02
9.141234325106582098e-03
5.108420567350484970e-03
3.582450865620331101e-03
2.871391374566093033e-03
2.662132883919899294e-03
2.308288457950031115e-03
2.361505587021041006e-03
2.282282062551375598e-03
2.562212527418682422e-03
1.974921066037340234e-03
2.260053588522120075e-03
2.058267849035763045e-03
1.834236410438355768e-03
1.881067158383529538e-03
1.665617514755413737e-03
1.894272890996194806e-03
1.618436699402251181e-03
1.708340880720244813e-03
1.974310388292087239e-03
1.721902453695818959e-03
1.736854990476470288e-03
1.563161527331684156e-03
1.421209525152244057e-03
1.365560940468223301e-03
1.869447380754138497e-03
1.380361594790021577e-03
