1.959962187175133295e+02
1.986869931333015700e+02
1.989629272725160831e+02
1.990630682509434735e+02
1.990347275297200440e+02
1.988756116423467972e+02
1.985817844597477233e+02
1.981694296185527548e+02
1.975580733720758815e+02
1.968422472987423077e+02
1.959302121315153613e+02
1.948879278330133786e+02
1.936476936779709774e+02
1.922996280809000496e+02
1.907329943093410236e+02
1.890026620222772067e+02
1.871347278790497057e+02
1.851236415050341577e+02
1.829208999147057000e+02
1.805738019460073929e+02
1.781309815254830653e+02
1.755795973140266142e+02
1.728777676613428582e+02
1.701466582150736144e+02
1.672983497029018736e+02
1.644011737724130739e+02
1.614122744493213872e+02
1.583899837519821858e+02
1.553717657956378559e+02
1.523487884357120663e+02
1.492827114786274763e+02
1.462381945962287944e+02
1.431889688933453328e+02
1.401726952559947392e+02
1.371757862973126691e+02
1.342257327153531890e+02
1.312917488186599826e+02
1.284340923207517164e+02
1.256152923099808163e+02
1.228245988435828764e+02
1.201364265921890393e+02
1.174770634039041965e+02
1.148814499035878356e+02
1.123356957088042805e+02
1.098776496949939201e+02
1.074547052855124036e+02
1.051044517289163451e+02
1.028097360775979467e+02
1.005933633030361420e+02
9.842617882530356610e+01
9.632045769234733257e+01
9.428497839763224420e+01
9.229916948217093875e+01
9.038049164465104468e+01
8.850093669861982448e+01
8.669499057646800111e+01
8.493985913391074405e+01
8.322414589766898985e+01
8.156914413295456256e+01
7.997340390714585112e+01
7.844237006055850259e+01
7.694012487685866120e+01
7.546602661366813436e+01
7.406128017611644054e+01
7.269932470046545347e+01
7.135097866715523196e+01
7.007393202052267611e+01
6.884585404486378479e+01
6.764451040906712365e+01
6.650164519288483689e+01
6.538898775175576361e+01
6.431115936019173773e+01
6.328144554621999873e+01
6.227904647224065826e+01
6.131370400001168974e+01
6.040831295963853620e+01
5.952788484542450931e+01
5.869257802373418542e+01
5.788454416367308397e+01
5.710775101159011058e+01
5.638256943978321800e+01
5.570307294380677376e+01
5.504298314029098549e+01
5.441424387628722315e+01
5.383597796874214936e+01
5.328597073184506172e+01
5.277450882565616297e+01
5.229449559091978728e+01
5.185191203585789310e+01
5.142940941947766476e+01
5.105224798999272906e+01
5.069429575251722753e+01
5.037224938398379237e+01
5.008319295195461507e+01
4.980246653278101121e+01
4.957269419362051366e+01
4.934806516728706782e+01
4.915394924366907503e+01
4.897426262986682133e+01
4.882999778434203364e+01
4.870174235131641893e+01
4.858743593072468769e+01
4.850120947614805544e+01
4.841515782021148340e+01
4.835914267245314591e+01
4.832315277127094078e+01
4.829083515822477324e+01
4.827063801372989360e+01
4.827247297783215885e+01
4.828175716809539608e+01
4.829351569009757839e+01
4.830374741981703579e+01
4.834321080558023453e+01
4.838305361993543130e+01
4.842684848752953997e+01
4.846791101930993761e+01
4.852081109154239869e+01
4.856840842970109406e+01
4.863436835219287957e+01
4.870494706872419499e+01
4.878156782610160747e+01
4.884689715975141411e+01
4.892490003055343806e+01
4.900100434513447567e+01
4.907413601789240687e+01
4.915939202469077429e+01
4.924642156598775244e+01
4.932975173772685906e+01
4.941681522201913879e+01
4.950755191619997930e+01
4.959399060208045995e+01
4.967665445486021270e+01
4.975166077815846677e+01
4.985046678351963578e+01
4.991921101474397915e+01
5.000649206773166355e+01
5.008178923575060537e+01
5.016171971567651866e+01
5.024427387880295015e+01
5.032245323308434592e+01
5.040547765120398083e+01
5.049194794552850851e+01
5.057042392993364643e+01
5.066506763502007971e+01
5.075255722191675289e+01
5.080520030887295491e+01
5.089772772955576130e+01
5.096643251203830971e+01
5.106047924302423979e+01
5.113496889297135795e+01
5.122355119514818966e+01
5.129923962368729917e+01
5.138497361223684834e+01
5.148324348615331303e+01
5.156433778784079180e+01
5.167058677596072158e+01
5.176285876771110850e+01
5.185417600271276939e+01
5.194810624273112865e+01
5.206415023317312318e+01
5.218243245820274012e+01
5.231431849937317935e+01
5.245016426428056633e+01
5.259474641562154318e+01
5.274046150909051534e+01
5.290176732093514289e+01
5.305530483034076639e+01
5.323181252249413831e+01
5.340651082845211306e+01
5.361834285175551429e+01
5.383920138132439348e+01
5.407213994152053260e+01
5.431466558598423688e+01
5.456299802760356954e+01
5.482321494999143141e+01
5.512356666818003248e+01
5.543083129592432101e+01
5.576534828541105071e+01
5.614093202752239620e+01
5.655147246140464290e+01
5.696845562326830503e+01
5.744788747196498946e+01
5.797069909467263926e+01
5.853695039626797580e+01
5.914222434255420779e+01
5.982245797286254430e+01
6.057072060772281219e+01
6.139831958026694991e+01
6.231155845798195259e+01
6.333355779607824587e+01
6.447659054458766548e+01
6.580310025913149730e+01
6.733008915967219821e+01
6.908539902671707011e+01
7.117573992724372545e+01
7.363077276453387299e+01
7.652441251123910604e+01
7.981450929268466155e+01
8.348401649760901932e+01
8.728829604343957271e+01
9.090568640601817663e+01
9.383409537046959770e+01
9.551337098933110781e+01
9.535217052444254193e+01
9.284297895501623543e+01
8.776256854841105337e+01
8.017325434727352729e+01
7.055729379651042166e+01
5.970818547904237761e+01
4.841555434031832306e+01
3.754286564922520597e+01
2.775143576194943407e+01
1.960860967448661540e+01
1.322182521137898448e+01
8.478828770142616378e+00
5.178137557104090405e+00
3.010865702315726367e+00
1.673137825671208612e+00
8.858437677459641835e-01
4.451374748842301110e-01
2.118517387161220622e-01
9.846754409361785365e-02
4.426334029446017670e-02
2.014968694435939622e-02
9.603491175365200250e-03
5.146759494144611397e-03
3.512781833810079985e-03
2.675750537351468620e-03
2.575208136644095615e-03
2.353544025667892673e-03
2.200876099151672163e-03
2.057071805360436486e-03
2.305992421119344455e-03
2.190901575828260815e-03
2.093783806338800953e-03
1.983290989126910986e-03
1.937751165425459932e-03
2.113948041614427658e-03
1.856585306210421175e-03
2.047876275340603305e-03
1.673009177669071987e-03
1.544385478933450089e-03
1.713006197146614779e-03
1.733900481299220555e-03
1.604807440197552650e-03
1.539849622320340044e-03
1.429639421782705460e-03
1.458861040902195358e-03
1.496865922320322548e-03
1.296309356756926347e-03
