1.960751663215615963e+02
1.988522729434789653e+02
1.991836997919984071e+02
1.993178642015645039e+02
1.993089936818858234e+02
1.991622228987002359e+02
1.988799070312811637e+02
1.984795885429276439e+02
1.978804805210986046e+02
1.971721551550148206e+02
1.962689891005194340e+02
1.952381259892641481e+02
1.940066186069457785e+02
1.926666988350270628e+02
1.911064978641485368e+02
1.893822412960266490e+02
1.875193284479960596e+02
1.855217946450355555e+02
1.833233333747456868e+02
1.809806110782944302e+02
1.785412961016010343e+02
1.759968105597280896e+02
1.732957012054225174e+02
1.705715491336020762e+02
1.677313843786834298e+02
1.648343314891378952e+02
1.618497702561556650e+02
1.588361685150372011e+02
1.558239566380892995e+02
1.528030472808231366e+02
1.497482072321316195e+02
1.467077987882729246e+02
1.436702335984646197e+02
1.406606779011718231e+02
1.376685306423072177e+02
1.347377254143704022e+02
1.318098514369565351e+02
1.289692591603400160e+02
1.261674361048101503e+02
1.233967226014508043e+02
1.207335515889369759e+02
1.180937204986330897e+02
1.155322589132494926e+02
1.130255540131219902e+02
1.106097808106322731e+02
1.082471230461201515e+02
1.059570486025210698e+02
1.037373021425823083e+02
1.016168793065139937e+02
9.955071030082388006e+01
9.756892938930023718e+01
9.567218181894868678e+01
9.385784114363187314e+01
9.213327572640520202e+01
9.046764604451090008e+01
8.891041136334953876e+01
8.743417322781327528e+01
8.602945394935821355e+01
8.471076726522507272e+01
8.347763232471399419e+01
8.234500717249204627e+01
8.128103392338901756e+01
8.027312086109627387e+01
7.937232349833934109e+01
7.854437261917682633e+01
7.775604525695545988e+01
7.706340755358665717e+01
7.644530592422195525e+01
7.588091690462171357e+01
7.537698063206778443e+01
7.493463769909695316e+01
7.453620915713379702e+01
7.419052503900971374e+01
7.388361422431998449e+01
7.360713746041925276e+01
7.339978946896121670e+01
7.321337504387270201e+01
7.306530928155061133e+01
7.293523904167410876e+01
7.283621979701882765e+01
7.274885330985814846e+01
7.269490671265631931e+01
7.262315038529048650e+01
7.258826173283679850e+01
7.257300857825853768e+01
7.255711896075104050e+01
7.255451416702385359e+01
7.255764085780771211e+01
7.255289843448967702e+01
7.253398640596641656e+01
7.254784253829765817e+01
7.253649830560487999e+01
7.254262669915684114e+01
7.252930173932583102e+01
7.250807162500586855e+01
7.249925516013217930e+01
7.246673996179885080e+01
7.243908405162419228e+01
7.239496453147157240e+01
7.235771456290922288e+01
7.231773386009662374e+01
7.224982335440390102e+01
7.217933753987433931e+01
7.211922519674385512e+01
7.203847435297531376e+01
7.195420206036476429e+01
7.186005757577078157e+01
7.174499516238601871e+01
7.164163458551402641e+01
7.152201371396866136e+01
7.138912991988917156e+01
7.124868326488746106e+01
7.111602531516008696e+01
7.097301292787359728e+01
7.081397293376357993e+01
7.065760219448388568e+01
7.049371829808504231e+01
7.031742513987506982e+01
7.014050174483472233e+01
6.996257167617439165e+01
6.979703769527641555e+01
6.959578511759603714e+01
6.940587815295654650e+01
6.920978888766259729e+01
6.901543646307312940e+01
6.882533187363729610e+01
6.861945694259358675e+01
6.843873890841912555e+01
6.824336100568110908e+01
6.804411444519851671e+01
6.785061583969678622e+01
6.764052422246382434e+01
6.743742532633646647e+01
6.724675863068648596e+01
6.703606771339167381e+01
6.684581905439493710e+01
6.665502568040797371e+01
6.646236563024159238e+01
6.628279025169700844e+01
6.608815453909912208e+01
6.590788401154274823e+01
6.571960618335309334e+01
6.552534331900888276e+01
6.535056528580135193e+01
6.518252146918746348e+01
6.499896252108473504e+01
6.484171469000551724e+01
6.466578538760548156e+01
6.452934275669103670e+01
6.435898881495610624e+01
6.421767289980932958e+01
6.408470084614427265e+01
6.394896608732807408e+01
6.381533941104125773e+01
6.369340611431154286e+01
6.358064814665953435e+01
6.346636895006516710e+01
6.338294017994169849e+01
6.328196906856035042e+01
6.321883861549554240e+01
6.314756339526017115e+01
6.308880103224031899e+01
6.303482157370298467e+01
6.301321796993359925e+01
6.299941643984283246e+01
6.298298529320191363e+01
6.297280412045710563e+01
6.299294977811765506e+01
6.300854005361207300e+01
6.307495856315448179e+01
6.315362390445473295e+01
6.324348592191148555e+01
6.335199555121347004e+01
6.347192216336496529e+01
6.361516002043940432e+01
6.378551803943324217e+01
6.399113581323754119e+01
6.421738662998819791e+01
6.447610272571265000e+01
6.476500660192330372e+01
6.511056145497894931e+01
6.549170670103299585e+01
6.592728696163399604e+01
6.641589893368673359e+01
6.693927855992052400e+01
6.756767656941231337e+01
6.826896191188174612e+01
6.905521517294315004e+01
6.991326012251145983e+01
7.093120009943950777e+01
7.204811425606607145e+01
7.338029740061249129e+01
7.493877744081834180e+01
7.673551981956383372e+01
7.890305879510391662e+01
8.148517961607885240e+01
8.448997311681635836e+01
8.797793254887655223e+01
9.184313929153978506e+01
9.590419944531267049e+01
9.972731641083336740e+01
1.028339699338433348e+02
1.045802810271104022e+02
1.042807987448411637e+02
1.014449281006430539e+02
9.584045046830235037e+01
8.750331491017813335e+01
7.696648982850881282e+01
6.508751052609844123e+01
5.269612671199305254e+01
4.085859577166914391e+01
3.019239024275105621e+01
2.131710080695335563e+01
1.437191264375353228e+01
9.217369906310240779e+00
5.635557519769540669e+00
3.275781042384867892e+00
1.810330417535259029e+00
9.578484139828915556e-01
4.816579412843847163e-01
2.356078195535712683e-01
1.085981954450367243e-01
4.925154994093553645e-02
2.105589880202105024e-02
1.028511873771227082e-02
5.184102374532440979e-03
3.702610392819883668e-03
2.824903847849876814e-03
2.624461800126119248e-03
2.176395054792643318e-03
2.219608030188060903e-03
1.981317589223169622e-03
2.222435558933483733e-03
2.136485482357639975e-03
2.071199560111256117e-03
1.894356704239932247e-03
2.043439783624585986e-03
1.980666322519456738e-03
1.559257535428789938e-03
1.654395061950352311e-03
1.653150574546704849e-03
1.574248006558842108e-03
1.832451080787393400e-03
1.712595966973185467e-03
1.616498444858318652e-03
1.627922099676887583e-03
1.619941112842465582e-03
1.336769667273143228e-03
1.609585650705980383e-03
1.366770782832175176e-03
