1.415270939082667212e+02
1.429245587418661501e+02
1.429578894219013989e+02
1.427980603187922100e+02
1.425263618826239735e+02
1.420805739708642648e+02
1.414742947188003939e+02
1.407583121749485144e+02
1.397400230657965778e+02
1.385831945916846450e+02
1.372085447345533566e+02
1.356028705634533935e+02
1.338007036684357445e+02
1.318205524075666517e+02
1.295524365490904017e+02
1.271332603087454771e+02
1.245175260536262698e+02
1.217370971560125668e+02
1.187585738047233122e+02
1.156760191883852968e+02
1.124874900721737845e+02
1.091803500714918869e+02
1.057720368497038095e+02
1.023617834032920655e+02
9.888035524795284914e+01
9.538582505530696665e+01
9.188535245654445305e+01
8.842249955493187485e+01
8.497887251433955669e+01
8.158729135257857479e+01
7.828075588195821410e+01
7.506161488712112373e+01
7.189012512726347381e+01
6.881352793314727023e+01
6.583730746194972028e+01
6.297545377083750395e+01
6.019488853296530095e+01
5.751935152631712356e+01
5.497164758315516764e+01
5.251505649974246381e+01
5.014034621374836576e+01
4.791308532614655746e+01
4.575240418063832237e+01
4.369030933247995563e+01
4.173346418404899794e+01
3.987451821965643717e+01
3.811126615835140541e+01
3.640480798297115683e+01
3.481048930620858783e+01
3.328987426636740565e+01
3.185397833498589293e+01
3.049283850617777958e+01
2.921136745404995239e+01
2.798402220901657955e+01
2.682596510743153218e+01
2.573812054807139305e+01
2.472517308345737064e+01
2.375002349875285290e+01
2.283464920780453156e+01
2.196822391206903191e+01
2.118449860507583438e+01
2.042410891432923137e+01
1.972401824290540873e+01
1.907005290169359313e+01
1.846183573877917539e+01
1.787477691139146430e+01
1.734429311231360771e+01
1.685081810716332740e+01
1.641152876057700993e+01
1.599190926650771871e+01
1.560832903265448657e+01
1.525200286276716177e+01
1.493474289381669706e+01
1.463088862272626223e+01
1.435496702414497605e+01
1.412354684951585782e+01
1.390227090379792330e+01
1.370905619883625270e+01
1.352786833372536179e+01
1.337360981947535521e+01
1.323450138787221597e+01
1.311151005343223552e+01
1.298774237643616836e+01
1.289419456277715170e+01
1.280310875979355600e+01
1.272980025505077961e+01
1.265313298182768875e+01
1.259261375789841075e+01
1.255070466017867936e+01
1.250870230131679151e+01
1.248096506455395804e+01
1.245136900202164298e+01
1.243370610563498424e+01
1.240091493586078286e+01
1.237649930560857925e+01
1.236430855923228833e+01
1.235424150029818158e+01
1.234505216798020655e+01
1.233136084039385061e+01
1.231304275120298009e+01
1.229033794911164357e+01
1.226823874268059988e+01
1.225412884064846608e+01
1.224154990192295855e+01
1.220992554522429963e+01
1.219472366369639893e+01
1.217923904644946198e+01
1.215619299684961696e+01
1.212673975817031291e+01
1.210391847509890795e+01
1.207605875687052865e+01
1.204002827126532793e+01
1.200760426486117893e+01
1.196887215682201955e+01
1.195090044538179974e+01
1.190730349998921156e+01
1.185421680876364370e+01
1.180862017524325225e+01
1.176088748634275483e+01
1.172007175193478723e+01
1.166889447625726461e+01
1.161032093523277098e+01
1.156864188735683818e+01
1.150343984261983010e+01
1.145514903051985556e+01
1.140819033752712919e+01
1.133165208146803948e+01
1.126817519962787628e+01
1.120696836989372969e+01
1.113593169964022067e+01
1.107577067292812778e+01
1.100710358988079740e+01
1.093760231696069241e+01
1.086913276029129882e+01
1.080225432995292856e+01
1.073234987072646618e+01
1.065415071965091798e+01
1.057180310402893397e+01
1.049700194193671088e+01
1.041933482336915162e+01
1.035189047124650763e+01
1.028502424526959658e+01
1.020501506607979536e+01
1.014060563356098221e+01
1.006198239254040772e+01
9.978720678326984839e+00
9.909464314579963684e+00
9.839840109873977170e+00
9.763656485411855712e+00
9.687579930139085249e+00
9.617252120541202487e+00
9.542035726106000482e+00
9.480775773111316695e+00
9.404518592378330766e+00
9.337206155372163252e+00
9.270041263765758544e+00
9.206262698500520258e+00
9.142315212844145833e+00
9.085536462151342363e+00
9.014359938498172298e+00
8.943358983844518661e+00
8.886849730792972579e+00
8.841702417884436116e+00
8.777307433386644320e+00
8.719152284786105156e+00
8.664666720665991306e+00
8.614328318482471047e+00
8.575698779895901680e+00
8.512295667289031087e+00
8.466089608251220255e+00
8.426666300950778066e+00
8.386721116697621881e+00
8.349907356935242220e+00
8.314396492102080316e+00
8.284549472336140141e+00
8.256529798834687739e+00
8.222965531258118688e+00
8.200243031192156806e+00
8.185912535111937061e+00
8.168572510178718105e+00
8.161982639175322518e+00
8.160534594208002090e+00
8.157136455488702254e+00
8.160558863336014213e+00
8.173101253497103258e+00
8.204463332374063000e+00
8.233371263369917870e+00
8.270048247236344352e+00
8.318075973644024401e+00
8.380282028785181581e+00
8.464214256033301353e+00
8.551993032503458991e+00
8.662789550506406755e+00
8.814575146159363328e+00
8.995234722271561623e+00
9.225003356734911009e+00
9.510993540287017822e+00
9.846845335430568724e+00
1.020347710419446230e+01
1.059643232698241810e+01
1.092750125564634800e+01
1.120574698286751847e+01
1.132839192408654405e+01
1.128482936726262231e+01
1.093410215081853920e+01
1.030280187684628679e+01
9.408049297312068404e+00
8.249116958118975163e+00
6.970132360855738618e+00
5.638974541229092807e+00
4.348208174161198869e+00
3.223553282338091019e+00
2.271590879769064486e+00
1.536121061744375460e+00
9.713955342983050523e-01
5.946536710883568722e-01
3.468213590222401499e-01
1.943880044355180414e-01
1.003829485349769790e-01
4.893948474610129024e-02
2.376622634574361570e-02
1.129790937102440052e-02
4.946786623586339575e-03
2.414808664809094552e-03
8.749535324474311260e-04
4.610739782484709389e-04
2.747470242471094647e-04
1.764369590973859049e-04
2.533766723680429505e-04
9.915329665083894820e-05
1.777028643906472896e-04
1.399880707839926965e-04
1.371695390430038917e-04
1.681889805458453891e-04
1.221177774166152239e-04
7.780347301252395220e-05
8.061186617346181740e-05
5.104669774484504814e-05
1.182820076387326540e-04
1.090136738100729448e-04
1.022507300433648093e-04
9.247584144175485343e-05
2.251471242244698807e-04
8.794761663308590461e-05
1.618828651332268772e-04
1.178727133130171728e-04
1.837855200733620373e-04
5.659446967173032089e-05
5.309298556444019823e-05
2.081146482416763681e-04
