1.960339381793197333e+02
1.987674253365901507e+02
1.990743691005758365e+02
1.991935774324155659e+02
1.991771521662166435e+02
1.990247966379081959e+02
1.987392477303625071e+02
1.983296299105785749e+02
1.977272950139297052e+02
1.970101771690706300e+02
1.961072585776933010e+02
1.950687030090780354e+02
1.938338306924297001e+02
1.924913434158623318e+02
1.909292597924830659e+02
1.891977065709810688e+02
1.873360260361447160e+02
1.853335032889045806e+02
1.831318714360602939e+02
1.807874032010307133e+02
1.783503116629986209e+02
1.758003005204861893e+02
1.730987581448592607e+02
1.703704306666684261e+02
1.675278452114120569e+02
1.646309133046662794e+02
1.616396368586643462e+02
1.586237049170179603e+02
1.556054784182142612e+02
1.525852291972558703e+02
1.495254000338203468e+02
1.464828875006964211e+02
1.434370717220665483e+02
1.404232610146559921e+02
1.374250007642352216e+02
1.344791161171557974e+02
1.315507898478716697e+02
1.286950790954720958e+02
1.258778974716195336e+02
1.230949824019815253e+02
1.204113007240480044e+02
1.177578126319252334e+02
1.151698132609634513e+02
1.126310936719029172e+02
1.101789844708643784e+02
1.077665567823394497e+02
1.054300561763595141e+02
1.031448155844553582e+02
1.009460885026365702e+02
9.879160186903713736e+01
9.670934138888824805e+01
9.468891245408002533e+01
9.273193973312780258e+01
9.084429997688918945e+01
8.900300870933969577e+01
8.724613936923053359e+01
8.554148699632980879e+01
8.389353601354821421e+01
8.230490023747502448e+01
8.078830181015318601e+01
7.935644988086161788e+01
7.795480498132738489e+01
7.660168920400242598e+01
7.533568768882419420e+01
7.412574909140896295e+01
7.295581888806417226e+01
7.185834501732540502e+01
7.083380968322282456e+01
6.985436252568389648e+01
6.894990099355158009e+01
6.809769347277597262e+01
6.728943939565053256e+01
6.654440543407389441e+01
6.584601787537691564e+01
6.521090912877271251e+01
6.462904340497929923e+01
6.408943870325950343e+01
6.360416289510239807e+01
6.315035770683967087e+01
6.274773540110822978e+01
6.238563677976839017e+01
6.207520476139073651e+01
6.177442268563263639e+01
6.152062603843872068e+01
6.130237496848600642e+01
6.110590559332405292e+01
6.095646592693989163e+01
6.081280574811196260e+01
6.070944558570094074e+01
6.061766356631589048e+01
6.055711531439383322e+01
6.048760526953844163e+01
6.044882725401251378e+01
6.043260783612545595e+01
6.041078854828649725e+01
6.042612668448749247e+01
6.042781784892716246e+01
6.043797865019165272e+01
6.045549439816006299e+01
6.049381106060202740e+01
6.052524056677656716e+01
6.053892026679869076e+01
6.058075888200099968e+01
6.059631706207974133e+01
6.064441157169464702e+01
6.069586443438976886e+01
6.072422104823333910e+01
6.075093376088694441e+01
6.078501145653082460e+01
6.081760089546747849e+01
6.083980051157421087e+01
6.084409346470354052e+01
6.086697677658219163e+01
6.088443846277174032e+01
6.088898373619358750e+01
6.088988890680658983e+01
6.090171426003708177e+01
6.088827104151416592e+01
6.087761408086285542e+01
6.085674824848619835e+01
6.084542185162974448e+01
6.081796119213440477e+01
6.079973391318102927e+01
6.077014221166120223e+01
6.072428698142182668e+01
6.069729878216004693e+01
6.066768855576005848e+01
6.061858431441090289e+01
6.057993416020612898e+01
6.053926994687029861e+01
6.049580145618373450e+01
6.043509574407953266e+01
6.037676392483960086e+01
6.033487685282734247e+01
6.026882671331674146e+01
6.022296549098044949e+01
6.015528594716552391e+01
6.008665596267538689e+01
6.003182419689029103e+01
5.996513608018786101e+01
5.991639837715851513e+01
5.985606569249432596e+01
5.979951777280192005e+01
5.974225283991165014e+01
5.969059026002202728e+01
5.961984726000042656e+01
5.958623492904056462e+01
5.952310805325242882e+01
5.948739368962416307e+01
5.942525751526812883e+01
5.937035746989120355e+01
5.934191088276323711e+01
5.929216636965043108e+01
5.925834863979406464e+01
5.922834311439640942e+01
5.918527776831654563e+01
5.918079500443035812e+01
5.916938842592104919e+01
5.915565744762844247e+01
5.915883036144730056e+01
5.913268563895994134e+01
5.915360123250099633e+01
5.918083994564400285e+01
5.921882591802385321e+01
5.926062536274365300e+01
5.931347405090630076e+01
5.938343178913574860e+01
5.948084851691191943e+01
5.955669679776675451e+01
5.967749747604981536e+01
5.980937324226239582e+01
5.996619619792401323e+01
6.012121188780521663e+01
6.029567675429893114e+01
6.049513809829343813e+01
6.071508863146542723e+01
6.095993429187639379e+01
6.121361835591690692e+01
6.150661041088972780e+01
6.184464429656289752e+01
6.223141527278288265e+01
6.265607810078059714e+01
6.311933439771909349e+01
6.363869049448542370e+01
6.420640938757217953e+01
6.485533358606984677e+01
6.557080802684600940e+01
6.639551645772840516e+01
6.728944494964960654e+01
6.830074955626771782e+01
6.943215211072907778e+01
7.075815153643510769e+01
7.229724761708476422e+01
7.407643996918724838e+01
7.622976149014309044e+01
7.877683463264546049e+01
8.176150463707141114e+01
8.516124740235892432e+01
8.895806133572789065e+01
9.293597103933453241e+01
9.670853303242094512e+01
9.975094005949473797e+01
1.014592131399641062e+02
1.012433802750391436e+02
9.848617581228535300e+01
9.304585741295383627e+01
8.497314460467383412e+01
7.483162495913039436e+01
6.327987769752498792e+01
5.127208291689152730e+01
3.973402127949258755e+01
2.940596113635382025e+01
2.077320684949600960e+01
1.399402697870655921e+01
8.984917284430238738e+00
5.493946191830574755e+00
3.195836230179506465e+00
1.772651457988494439e+00
9.360641614478216743e-01
4.678400642894779415e-01
2.225129493004923686e-01
1.036439535663873646e-01
4.562274314466958913e-02
2.085218594068336678e-02
1.012530627817207970e-02
5.311242500135817182e-03
3.418177763850939639e-03
2.652605122730431874e-03
2.648763276995513057e-03
2.286277894618080758e-03
2.534341244664584450e-03
2.178253013509841469e-03
2.064582824306067984e-03
2.012373071983516396e-03
2.223556265584345111e-03
2.062744414059859786e-03
1.835963050073784663e-03
2.075934289810129653e-03
1.712778558870492289e-03
1.823861625048825820e-03
1.661974695381359789e-03
1.671996782913458485e-03
1.723295647075774161e-03
1.833849391852199803e-03
1.597612734279809472e-03
1.497168810200293684e-03
1.420822065160254550e-03
1.412967263773297474e-03
1.558167511376359286e-03
1.230057712536404340e-03
