1.960230639126014296e+02
1.987441441453032951e+02
1.990427798862089617e+02
1.991568001122933254e+02
1.991375732065537818e+02
1.989840095196073548e+02
1.986937587904506586e+02
1.982866720201781447e+02
1.976827413220260325e+02
1.969656373271000120e+02
1.960585597473120743e+02
1.950178947589033385e+02
1.937831678332078695e+02
1.924406549549836711e+02
1.908768818457207885e+02
1.891446057350614751e+02
1.872797754163413799e+02
1.852795398306687105e+02
1.830724882874889659e+02
1.807272136925691655e+02
1.782919361102238156e+02
1.757421163110882105e+02
1.730389032398869631e+02
1.703070032202777782e+02
1.674680672079708472e+02
1.645662636120154900e+02
1.615815538405557561e+02
1.585571041992294283e+02
1.555447535958208789e+02
1.525241715084160035e+02
1.494562764865436861e+02
1.464198320358864294e+02
1.433681367801080455e+02
1.403550750352502803e+02
1.373563476369932630e+02
1.344112512278373401e+02
1.314769809672220617e+02
1.286215878334998877e+02
1.258076141071064882e+02
1.230218223022347530e+02
1.203340455788483609e+02
1.176786764415813167e+02
1.150857673544043109e+02
1.125471248804080346e+02
1.100895295749737812e+02
1.076749112999136315e+02
1.053306513654902545e+02
1.030436566975267851e+02
1.008348337996588100e+02
9.867660639153510260e+01
9.658173121379640236e+01
9.455209168172896739e+01
9.258304354439802353e+01
9.067671345023384788e+01
8.881989110738517468e+01
8.703945238189903932e+01
8.530690016021068800e+01
8.362793236005205699e+01
8.200689552422382178e+01
8.044786559049870789e+01
7.897180517155993584e+01
7.752514100719778867e+01
7.611521198002094479e+01
7.478370199305619792e+01
7.351175012041478851e+01
7.226259069554275527e+01
7.109099770873062596e+01
6.998399306465749703e+01
6.891472802057464264e+01
6.791542373568952939e+01
6.695856629061607634e+01
6.605248398829492373e+01
6.520424548987948299e+01
6.439910335964887622e+01
6.364240934209966838e+01
6.294566773960320916e+01
6.230262976524085161e+01
6.169825582725255231e+01
6.113752674081668914e+01
6.061581361022452086e+01
6.014544260728410308e+01
5.972978822204871108e+01
5.932953296559590228e+01
5.897250518601200042e+01
5.865798717769887105e+01
5.836511862347418855e+01
5.812354768524937754e+01
5.789995073673502191e+01
5.771643795906211949e+01
5.754619747488793990e+01
5.741607421552564716e+01
5.730046916544117863e+01
5.721371259144036969e+01
5.713860554341078313e+01
5.706814530429207366e+01
5.703704621119343443e+01
5.700046748428602683e+01
5.697854138198491114e+01
5.697091627506551959e+01
5.698190864808896094e+01
5.699393391474097115e+01
5.701546258772082609e+01
5.705808305874332120e+01
5.708113207425126490e+01
5.712814854958580923e+01
5.716927397634519536e+01
5.720202680320267064e+01
5.724044845021607841e+01
5.728709714982166190e+01
5.733918522308400867e+01
5.738263319530862816e+01
5.741831335578095263e+01
5.747304633185853362e+01
5.752507785173958865e+01
5.754780293694784632e+01
5.759286459630105526e+01
5.762469639806109711e+01
5.764670664082307638e+01
5.767069286201199674e+01
5.770244592521002147e+01
5.773736430732233060e+01
5.775096599047560630e+01
5.776500540278445328e+01
5.777760718275837348e+01
5.778505018463368259e+01
5.780665867066878150e+01
5.780451879477777055e+01
5.780219731828470486e+01
5.782306931881252154e+01
5.782017019155956916e+01
5.781408361809445040e+01
5.780166555355926050e+01
5.777322826795995780e+01
5.778584772540487080e+01
5.775890927188024193e+01
5.775278185153769073e+01
5.771895944909194753e+01
5.768859987643127596e+01
5.767387637538877954e+01
5.764365584038404222e+01
5.762835914979527274e+01
5.761238367223686652e+01
5.759004291009357956e+01
5.758140302668333987e+01
5.756138494143848305e+01
5.753605956274936517e+01
5.753111636281774821e+01
5.752180789322826371e+01
5.751197899960123294e+01
5.749082991102200424e+01
5.748168869303292183e+01
5.748037928947150732e+01
5.746588131349542294e+01
5.746595020746288895e+01
5.746190341679905345e+01
5.747001798999373534e+01
5.748405360904801853e+01
5.748441282591244317e+01
5.750609348872622206e+01
5.753575307530526572e+01
5.757270495885030215e+01
5.762732005445666772e+01
5.768090004103905244e+01
5.774019214183373805e+01
5.779423739463266685e+01
5.789480097840868211e+01
5.797557032280889189e+01
5.808309855127892263e+01
5.818192443214909559e+01
5.833138357749103875e+01
5.846944341920620758e+01
5.864362565331399679e+01
5.882379958480660065e+01
5.901050240506538813e+01
5.923646701641096968e+01
5.948523733491018106e+01
5.973930105222784448e+01
6.001833902730479764e+01
6.033414596353318160e+01
6.069984277485367841e+01
6.107663093428919865e+01
6.151917230946979487e+01
6.197210196942944549e+01
6.250625091044383197e+01
6.309156572953119024e+01
6.374868644713382082e+01
6.446071915772290595e+01
6.528089100914203868e+01
6.618342627356203423e+01
6.720303901570581218e+01
6.835147392462152993e+01
6.969291173161498421e+01
7.122938854100210904e+01
7.300205689008181764e+01
7.511890174999834358e+01
7.763233011816635099e+01
8.058184175695946294e+01
8.399031411088822097e+01
8.775633890278261617e+01
9.171746127260300341e+01
9.544871389301663100e+01
9.847306186783548299e+01
1.001869815601425415e+02
9.998016019331755899e+01
9.730993533062506629e+01
9.192930260002258080e+01
8.396699005480432731e+01
7.388681334145067581e+01
6.247501494377350895e+01
5.061794331378732181e+01
3.927376247489658567e+01
2.904501319810843540e+01
2.052798611861982181e+01
1.383122121544449890e+01
8.872964009188605061e+00
5.421970227806301779e+00
3.157281288685333642e+00
1.749185275271341489e+00
9.191378100739144852e-01
4.582867968913465484e-01
2.225776696442441638e-01
1.028762617950344793e-01
4.650564719922242740e-02
2.106026187168568570e-02
9.838119244111091788e-03
5.247502508727196029e-03
3.462514240973587742e-03
2.850921403052430157e-03
2.605761532802441764e-03
2.316575575787744277e-03
2.426069323596288102e-03
2.420869029190283409e-03
2.110364296673625326e-03
1.964816848631208580e-03
2.140697710645107863e-03
2.093281078884256987e-03
2.041229605389409049e-03
1.959756190319043509e-03
2.018602963218340575e-03
1.765670805641002912e-03
1.652155886685566970e-03
1.709292505173884771e-03
1.694117560567394562e-03
1.742974177559979089e-03
1.855248615008048057e-03
1.538638768172356395e-03
1.289347079384553551e-03
1.355013676873971984e-03
1.526666676003966437e-03
1.213493834037989447e-03
