1.961511380096257540e+02
1.989964704470005472e+02
1.993615846262549667e+02
1.995099787630071546e+02
1.995092533838023314e+02
1.993742140975872701e+02
1.991006094063440344e+02
1.987079092104673634e+02
1.981151826545178096e+02
1.974114944869216401e+02
1.965214392887475867e+02
1.954888326005409169e+02
1.942645897813655438e+02
1.929270425903037278e+02
1.913740176624309868e+02
1.896527333791395620e+02
1.877944903611903271e+02
1.858015525252492068e+02
1.836070341665915748e+02
1.812688359183176203e+02
1.788386021078612771e+02
1.762923516597077196e+02
1.736037386341104991e+02
1.708860221482273687e+02
1.680529765772384962e+02
1.651680104980748069e+02
1.621969883815196454e+02
1.592003425134710710e+02
1.561992603886744178e+02
1.532076799481578462e+02
1.501729607360605598e+02
1.471744878520364637e+02
1.441693346364100989e+02
1.412129200196669956e+02
1.382909804739651349e+02
1.354219184516614689e+02
1.325905148972378242e+02
1.298632343859734419e+02
1.271929077154759256e+02
1.245823919759080667e+02
1.220986948640851466e+02
1.196797087670251614e+02
1.173601788293335346e+02
1.151409374534627688e+02
1.130523643067422341e+02
1.110549125196881306e+02
1.091757268667091694e+02
1.073981698837649503e+02
1.057645232027939954e+02
1.042233365567977330e+02
1.028078543113441157e+02
1.015052118490504682e+02
1.003188237123859494e+02
9.924549281769257902e+01
9.825136878853771805e+01
9.739840351063460844e+01
9.661915078322458328e+01
9.592498378749377252e+01
9.531698380332095155e+01
9.478826210303070354e+01
9.435632775488591051e+01
9.394919448239134852e+01
9.360654771031984467e+01
9.333313238724852567e+01
9.310563299950018745e+01
9.288076233415927163e+01
9.271486539755049705e+01
9.260172404646233701e+01
9.249388762078145021e+01
9.240407489334960189e+01
9.233554189908929288e+01
9.226696670717393545e+01
9.221672414107963789e+01
9.215125668093685363e+01
9.209028166355817291e+01
9.204344663743742672e+01
9.198008222934127787e+01
9.190719767283408714e+01
9.182672009192623364e+01
9.174810949644165703e+01
9.165457392330851860e+01
9.156360801930365767e+01
9.142679845484666146e+01
9.129038686556991422e+01
9.114428823162887738e+01
9.097776840870194803e+01
9.079546312252081464e+01
9.060037175891231698e+01
9.039877077635739511e+01
9.017307699096369333e+01
8.995378552379366965e+01
8.969773141726383869e+01
8.944813416575078691e+01
8.918173444094526303e+01
8.887811274351756197e+01
8.861359852731594344e+01
8.829194690298548664e+01
8.796932349086134195e+01
8.762771632537211985e+01
8.728323112029552533e+01
8.692944681894672954e+01
8.656513784667949096e+01
8.620629343611548734e+01
8.583758677463949027e+01
8.546107938252328040e+01
8.508230445849959267e+01
8.468994407215492970e+01
8.429175488655516801e+01
8.389647212700808154e+01
8.349090520926716863e+01
8.308419910325883961e+01
8.267157508866617377e+01
8.226006611244359590e+01
8.184657793066722320e+01
8.141979088995869063e+01
8.099767317686468004e+01
8.058297851235292342e+01
8.015901409409732992e+01
7.975706235608144823e+01
7.933455940160197883e+01
7.893689135954362257e+01
7.849878320004489751e+01
7.810198574150621198e+01
7.768625521023355418e+01
7.728638458420739710e+01
7.689287703898106940e+01
7.649183597629249221e+01
7.608609174818701604e+01
7.571545796358461189e+01
7.532493131530094388e+01
7.495805429677167808e+01
7.458311321827565621e+01
7.418255944777372690e+01
7.383394239956942329e+01
7.345733446906830011e+01
7.310575735523875096e+01
7.275443746799346911e+01
7.240991723971028193e+01
7.208295657394481282e+01
7.175982444179726372e+01
7.143885734815717115e+01
7.112113523449042418e+01
7.080675808419952943e+01
7.051081455800775188e+01
7.021693184286205280e+01
6.991374734428852378e+01
6.964043222217175355e+01
6.936030757142670211e+01
6.910561315121816506e+01
6.883806151026520581e+01
6.859921470588051307e+01
6.835390743969472283e+01
6.811082394555585040e+01
6.788626572839835660e+01
6.767749690564906473e+01
6.747655544857224186e+01
6.727292579562809749e+01
6.709310804807086015e+01
6.692456819254124412e+01
6.677882622849558913e+01
6.661247013129242589e+01
6.649508123157809791e+01
6.636970529321258994e+01
6.628032040124136870e+01
6.617387755332936194e+01
6.611011641690380713e+01
6.605545625505770602e+01
6.600136397805654553e+01
6.596832998009811888e+01
6.596923303749828449e+01
6.598780382529257338e+01
6.601712814540150021e+01
6.608528997253657167e+01
6.614665023083836104e+01
6.623704654755528054e+01
6.636700360583725455e+01
6.650995264944238272e+01
6.669495841195012531e+01
6.691732425748135427e+01
6.719179554493715045e+01
6.750216154970399884e+01
6.786639688360601497e+01
6.826723728170821914e+01
6.871602282442962917e+01
6.924153403737832946e+01
6.984984292471098399e+01
7.050808807768913766e+01
7.128056210819806893e+01
7.215044432376846828e+01
7.313578095820975022e+01
7.425033426214355359e+01
7.558109403101019552e+01
7.710849055989820044e+01
7.893176009828106032e+01
8.110932517389227314e+01
8.371133811571218075e+01
8.677049120706242036e+01
9.029958296427008690e+01
9.422814586393150194e+01
9.831888731829704398e+01
1.021993047123728786e+02
1.053311009869596688e+02
1.070813666112536424e+02
1.067338443256697929e+02
1.037960248282567335e+02
9.804541093504379035e+01
8.948151343421116621e+01
7.875739647705586322e+01
6.658872755451807279e+01
5.391518802305920133e+01
4.177321215533687848e+01
3.091706562211737364e+01
2.183821372791113902e+01
1.470890007669839328e+01
9.450603934236687209e+00
5.773865707662754865e+00
3.359104320029265178e+00
1.870050915779493117e+00
9.892811505893632784e-01
4.971892415608435978e-01
2.371919346030638975e-01
1.098254958236686146e-01
4.893798310614924651e-02
2.115457008999200444e-02
9.678135674534408400e-03
5.177481782617437273e-03
3.726150333765897854e-03
2.976066461384355502e-03
2.690088191952860926e-03
2.516494488227475571e-03
2.259302034495113722e-03
2.311627077631658606e-03
2.140952367238680223e-03
2.182855538498162332e-03
2.080814846951666627e-03
1.953276666914152259e-03
2.009938748609758994e-03
1.971043519983070938e-03
1.735901139299404457e-03
1.690774366616853985e-03
1.708121701796630086e-03
1.961396638743949459e-03
1.720005349726735997e-03
1.540943188713700179e-03
1.616038960901151379e-03
1.426527213050092675e-03
1.520818994049559633e-03
1.317022947993103880e-03
1.613076342044249441e-03
1.311902456707460902e-03
