1.347722110164881926e+01
1.374927859418831311e+01
1.379099917725851832e+01
1.382774367053277942e+01
1.385749659565565750e+01
1.388325971361829225e+01
1.390298853627893827e+01
1.392474502310549589e+01
1.394289041570720045e+01
1.395845098218369351e+01
1.397286907220466823e+01
1.398495858617961396e+01
1.399386621857563640e+01
1.400222683424570924e+01
1.401096149540652114e+01
1.401583406413103106e+01
1.402168561506861089e+01
1.402049850940541020e+01
1.402014053471459043e+01
1.401820934203107605e+01
1.401439779346232228e+01
1.401010096864171039e+01
1.400193818785044364e+01
1.399581044247464945e+01
1.398487861061797943e+01
1.397285400530602928e+01
1.395918573689813691e+01
1.394179476346398339e+01
1.392695963916987090e+01
1.390429886508192858e+01
1.388341029035930241e+01
1.386072272831822794e+01
1.383352916296635904e+01
1.380713897081934860e+01
1.377697254133207316e+01
1.374426197574549136e+01
1.370896693428467827e+01
1.367744074862184434e+01
1.363805818764919309e+01
1.359780671110987882e+01
1.355799843122623827e+01
1.351463469143046048e+01
1.346825764671419812e+01
1.342073006546638325e+01
1.337117880189168773e+01
1.332155581309121928e+01
1.327098087902016488e+01
1.321460297605157841e+01
1.315685821086768392e+01
1.310080590979739412e+01
1.304085945269243574e+01
1.297624495226296304e+01
1.291721195273149192e+01
1.285098458025190915e+01
1.278739912388775579e+01
1.271802897675306454e+01
1.264827955308499163e+01
1.257700924099238371e+01
1.250721097484462341e+01
1.243656928503680881e+01
1.236470555989303399e+01
1.228773462304323161e+01
1.221283779477003328e+01
1.213746776051976006e+01
1.206032222839270140e+01
1.198184562891690241e+01
1.190412781727243541e+01
1.182551674645486273e+01
1.174596921400666538e+01
1.166847408753851667e+01
1.158555006585936553e+01
1.150828835708889919e+01
1.142587835153194398e+01
1.134134027842293158e+01
1.126207880271307005e+01
1.118196246076159639e+01
1.109931058800324699e+01
1.101789748932241864e+01
1.093565874119455295e+01
1.085354852898276334e+01
1.077381969145600671e+01
1.069160094879191547e+01
1.061191927512144417e+01
1.053157595458442941e+01
1.045054273799749112e+01
1.037226597538419348e+01
1.029471214620827624e+01
1.021361699660715949e+01
1.013460540974163671e+01
1.005831754882650309e+01
9.982603292614532720e+00
9.902721991211340224e+00
9.827799074181486461e+00
9.751715273002506734e+00
9.677747458378672007e+00
9.604739214039058837e+00
9.532197750112235468e+00
9.459475689250428587e+00
9.387711451204154400e+00
9.318301491388739421e+00
9.248795390229247460e+00
9.178982711046323573e+00
9.112354291691250552e+00
9.044165147921585657e+00
8.979837923100438601e+00
8.917436590396356166e+00
8.853205900801301098e+00
8.790834964497516779e+00
8.728797810051970529e+00
8.669075300893730684e+00
8.610175121791796116e+00
8.551046594780943977e+00
8.497355077710560423e+00
8.441422625738411512e+00
8.387076934423738805e+00
8.335610573084863972e+00
8.282271588908040272e+00
8.233338767146740622e+00
8.185170636166679614e+00
8.138436670023136088e+00
8.093284618648151962e+00
8.047634738793702169e+00
8.005912840787956952e+00
7.965151549714293289e+00
7.926400867487493507e+00
7.890981748081176583e+00
7.853208940629700763e+00
7.820481406540817915e+00
7.788290396550452854e+00
7.758555826552884227e+00
7.729424009832718490e+00
7.703199360649838567e+00
7.678126012309473225e+00
7.656454819288638802e+00
7.632778178413391679e+00
7.615312839439938308e+00
7.597082413455612304e+00
7.580853627252536420e+00
7.566406177185108106e+00
7.554458156675013747e+00
7.543484655443416287e+00
7.535762258787430667e+00
7.529429691529087698e+00
7.524811427695394350e+00
7.524620640151488793e+00
7.523098842523737062e+00
7.524647201818701170e+00
7.528237830732797065e+00
7.535178358258387554e+00
7.542261447838805033e+00
7.552544402407517232e+00
7.564999780586714628e+00
7.578902828535772684e+00
7.596168886306299051e+00
7.616304708432723558e+00
7.639635119179803979e+00
7.662011603193727538e+00
7.687602853574225570e+00
7.716080343397601737e+00
7.748372157452275033e+00
7.783114736472582784e+00
7.817891510275956968e+00
7.853512969047067749e+00
7.896735330652249196e+00
7.941425166326733454e+00
7.987835702682126282e+00
8.039016497748718848e+00
8.092354076421194975e+00
8.148370869495494162e+00
8.206902944612114226e+00
8.270437220636758013e+00
8.337207911107462621e+00
8.410196043473067817e+00
8.485194106397667468e+00
8.567549376564207009e+00
8.651546652956509931e+00
8.742120471591057651e+00
8.838579915100194029e+00
8.940373881678613799e+00
9.051553448116495204e+00
9.168837406164072945e+00
9.292125553792141446e+00
9.425368068765981988e+00
9.566963519309011232e+00
9.721001276249907619e+00
9.886838701191587475e+00
1.006820811483084022e+01
1.026424615639428239e+01
1.048096512145025017e+01
1.071786593671824050e+01
1.098115642090862742e+01
1.127804237114096253e+01
1.161339920752748434e+01
1.199987170073556442e+01
1.244344883279080705e+01
1.296185227452877520e+01
1.356014478399084489e+01
1.423667543041970873e+01
1.497626223086024488e+01
1.574023980808868295e+01
1.646462978695894463e+01
1.705884571111074166e+01
1.741304792769247101e+01
1.741725884371600230e+01
1.698396182547111266e+01
1.607391056791136563e+01
1.469601973022725439e+01
1.294519363196678441e+01
1.095373915622812433e+01
8.880048576237623337e+00
6.886559795640714299e+00
5.099821774005173225e+00
3.600860534484643161e+00
2.427516345603718761e+00
1.558255478566469510e+00
9.519129685401341856e-01
5.552837305904785303e-01
3.079858747699595334e-01
1.629118801512399184e-01
8.285428455193534492e-02
4.036921242505177310e-02
1.955017657158244354e-02
9.684113325917918791e-03
4.800096377860829655e-03
2.854790087940478963e-03
2.016582034345975986e-03
1.660351505893301657e-03
1.576177577226057320e-03
1.524557453514586080e-03
1.477195810133497336e-03
1.404566779593374552e-03
1.378135088326775315e-03
1.363894652966184205e-03
1.271469462818683666e-03
1.314435639371130558e-03
1.238748900950506927e-03
1.233831049532160828e-03
1.173427860533137260e-03
1.145311544765079386e-03
1.102174349201964039e-03
1.148929438861560730e-03
1.073034900760130817e-03
1.049902973737037093e-03
1.048824586292113666e-03
9.729659295842718689e-04
9.215303545733057695e-04
9.312988096575072717e-04
8.825062545697973408e-04
9.098638635287672766e-04
8.277479773700609569e-04
