1.347231855466006678e+01
1.374184163915793988e+01
1.377994392667626933e+01
1.381178609104814115e+01
1.383568210384190778e+01
1.385645387254234073e+01
1.387205113583475224e+01
1.389037811116985566e+01
1.390545276911906214e+01
1.391881891396359094e+01
1.393085730931735000e+01
1.394089043436344433e+01
1.394792973004493319e+01
1.395494366448309087e+01
1.396254180500268838e+01
1.396643940475922996e+01
1.397113732847478751e+01
1.396839530241133964e+01
1.396806543081450513e+01
1.396542871901341698e+01
1.396071537186296041e+01
1.395504652966143055e+01
1.394708442783539049e+01
1.393947266094428628e+01
1.392782284454584918e+01
1.391477976862407395e+01
1.389996622375959667e+01
1.388221689054983798e+01
1.386610273072162514e+01
1.384293646475428119e+01
1.382125951769608996e+01
1.379754661349988432e+01
1.376946378550938022e+01
1.374264912867410793e+01
1.371096596912787824e+01
1.367823354339440911e+01
1.364195702425700141e+01
1.360932227622993018e+01
1.356940760639941601e+01
1.352800419261061471e+01
1.348784986503164518e+01
1.344418117200403451e+01
1.339585143547073187e+01
1.334786629644479738e+01
1.329748044562068898e+01
1.324666208252447319e+01
1.319553696403761478e+01
1.313843597907080252e+01
1.307980057344970959e+01
1.302287304533574996e+01
1.296288134307577522e+01
1.289712609202368832e+01
1.283668665045491331e+01
1.276994489202433947e+01
1.270570466511001229e+01
1.263549388581337851e+01
1.256490817945662108e+01
1.249310570730899173e+01
1.242259286813585639e+01
1.235121573649002080e+01
1.227833881945292838e+01
1.220103213505431761e+01
1.212560601299518126e+01
1.204901816440639983e+01
1.197141477031386891e+01
1.189179420454604319e+01
1.181385671237409873e+01
1.173431955550371342e+01
1.165366496814954544e+01
1.157592769438991986e+01
1.149236126030255001e+01
1.141385368170706194e+01
1.133137813283136985e+01
1.124572219529797934e+01
1.116581545442997836e+01
1.108515745081525949e+01
1.100116501532480662e+01
1.091815727366549105e+01
1.083570836784639191e+01
1.075298739578711782e+01
1.067269710927148729e+01
1.058942734361272997e+01
1.050856082572313177e+01
1.042743531324728323e+01
1.034533285195060870e+01
1.026545721652649235e+01
1.018706224345993760e+01
1.010567139404233927e+01
1.002548680019912908e+01
9.947188121221504531e+00
9.869659224044484702e+00
9.789084704741004117e+00
9.713257415157617203e+00
9.635397146965718917e+00
9.559316662791975006e+00
9.484761410360430745e+00
9.410231110583449521e+00
9.335902532696923828e+00
9.262367363160450395e+00
9.190691578991005528e+00
9.117400149143048083e+00
9.045985176166173147e+00
8.975613258436325737e+00
8.904977008435249530e+00
8.837345489581524660e+00
8.771619675281746353e+00
8.703511521057395228e+00
8.637988866237481744e+00
8.571178772381209399e+00
8.506681886135320170e+00
8.442888895406349903e+00
8.379153014734072258e+00
8.319515800989290000e+00
8.257342929515738561e+00
8.196532722128084814e+00
8.138446823737730540e+00
8.077163407668603412e+00
8.020123170729844375e+00
7.963713667575529342e+00
7.907859430358707087e+00
7.854443759334949426e+00
7.798563720276482591e+00
7.744860901791713381e+00
7.693245427471737230e+00
7.643173215941389209e+00
7.594568046009236184e+00
7.543385713771979084e+00
7.496333478957795116e+00
7.450047911357689401e+00
7.404009045128143285e+00
7.358062886096712774e+00
7.314737358216986784e+00
7.271733436659503447e+00
7.230929863857424422e+00
7.188980828794397482e+00
7.150247880484048579e+00
7.110214349008069590e+00
7.071405871357736572e+00
7.034114784888032545e+00
6.997632478304645964e+00
6.962578889915069347e+00
6.928744972192668605e+00
6.895468578072750709e+00
6.863895497538388568e+00
6.834006567150359146e+00
6.802288043585059008e+00
6.773595419147444119e+00
6.745511074541346019e+00
6.719602697360699040e+00
6.693959835537455660e+00
6.670001939401108082e+00
6.647744141814150964e+00
6.625634310261337312e+00
6.607263746807186422e+00
6.588097450927438814e+00
6.571724296103358398e+00
6.555235905907308869e+00
6.539169077372540606e+00
6.527128130762757330e+00
6.517357714014798908e+00
6.507397184331665585e+00
6.497988725839381807e+00
6.490898350029070230e+00
6.486750701893908122e+00
6.484785637556557347e+00
6.484054612830657760e+00
6.485806489471416469e+00
6.488857796100486297e+00
6.495886263013981754e+00
6.503294528877434644e+00
6.513649110671169140e+00
6.526842548773230668e+00
6.544385012540459456e+00
6.562868419216206561e+00
6.587257593158124536e+00
6.613244989122081918e+00
6.644721981678193501e+00
6.679980266168749736e+00
6.718838831769144981e+00
6.763974194591181544e+00
6.812837503654608717e+00
6.868323214865363013e+00
6.929335326843087728e+00
6.996870620702553722e+00
7.073080015720879743e+00
7.156754533719151823e+00
7.252619296501811696e+00
7.359641703773410093e+00
7.479882329732257418e+00
7.614861605186699300e+00
7.769448939458419190e+00
7.946204787663029734e+00
8.150826412202890836e+00
8.389787078104326667e+00
8.665931360559666174e+00
8.994092338806998654e+00
9.374933061778179422e+00
9.807991468554943637e+00
1.027758231915792919e+01
1.076600026138761734e+01
1.122361260067066802e+01
1.158766646840935799e+01
1.178721735630557532e+01
1.175126083341534233e+01
1.142867565751445902e+01
1.078328063791437508e+01
9.831613029558406325e+00
8.643999203466881553e+00
7.296566059465019904e+00
5.901530851028895519e+00
4.568693900106922889e+00
3.376476079125010799e+00
2.379704807566819902e+00
1.600598682459986044e+00
1.027495082128777160e+00
6.272186700006205928e-01
3.654148991215760423e-01
2.030922389521170324e-01
1.075874188146424965e-01
5.498385033531318078e-02
2.706721372632819519e-02
1.344275754645422698e-02
6.955544245863387945e-03
3.806487575512787058e-03
2.391852518709155356e-03
1.853059065631336086e-03
1.645573129163832408e-03
1.541455926944520008e-03
1.528458080143105377e-03
1.475913413253401255e-03
1.393350918717628246e-03
1.306580004628195291e-03
1.311243722564026971e-03
1.283017311139065695e-03
1.256905576126808154e-03
1.246765743250554141e-03
1.180606391574074657e-03
1.174438314216500780e-03
1.140192786939108003e-03
1.049330034348211786e-03
1.045261867419871411e-03
1.049080583594138054e-03
1.087210602890873639e-03
1.079177251297905836e-03
1.057274762811070360e-03
9.783082040471548224e-04
9.250289849824294350e-04
9.345263099949383326e-04
9.381895600821687662e-04
8.624775401982535906e-04
