9.166808859385498776e-02
1.126055446188846121e-01
1.350737947151206542e-01
1.553752417488744597e-01
1.733436608455744543e-01
1.904536804549668283e-01
2.053589027674715406e-01
2.187697077468730433e-01
2.312149196051752065e-01
2.424266523958523156e-01
2.540769785378510504e-01
2.638265125728501692e-01
2.738160198424564595e-01
2.823620384194609478e-01
2.918212239665308183e-01
3.006950155147444792e-01
3.085199767103907753e-01
3.166244122335568068e-01
3.245566532212272870e-01
3.324885701524953330e-01
3.396770739904186320e-01
3.470103793977359907e-01
3.539598734767872013e-01
3.608443786368671358e-01
3.678566408874425764e-01
3.745700867856572303e-01
3.810553485015430453e-01
3.883326217267859537e-01
3.954012013151011473e-01
4.024679658072252697e-01
4.092069258464086090e-01
4.162739039955165588e-01
4.238410767115423639e-01
4.313753528156207828e-01
4.383249103002012093e-01
4.456152024409624213e-01
4.541657429388070155e-01
4.623124360545327605e-01
4.713444144589948870e-01
4.792679252141787694e-01
4.887777669370817479e-01
4.988507433704847394e-01
5.085316019456198600e-01
5.188967926779697315e-01
5.290699957950850685e-01
5.400379530733917521e-01
5.521985716952098056e-01
5.634434253904506695e-01
5.767608233956440511e-01
5.914734578935842979e-01
6.056321159401903964e-01
6.206697825196422214e-01
6.351942893358254461e-01
6.521854117492138503e-01
6.698136057724525250e-01
6.877684191155664095e-01
7.074718685968576226e-01
7.279869323236355383e-01
7.491046574183991558e-01
7.699168904909632349e-01
7.942445631913670478e-01
8.185118432809468381e-01
8.445853762965894740e-01
8.713640709119326866e-01
8.984516902961670048e-01
9.277675225994953534e-01
9.585738496524152108e-01
9.914119964943600705e-01
1.025059221921242214e+00
1.060300058220959851e+00
1.097355751138311408e+00
1.134830276807148097e+00
1.173818288293154266e+00
1.215854033650566324e+00
1.258713718509668844e+00
1.303940654865981319e+00
1.349264431584718427e+00
1.397084978726825355e+00
1.447201465920543439e+00
1.497939871407123924e+00
1.550636919396014779e+00
1.604740955248107337e+00
1.661047031698858589e+00
1.718217072672444834e+00
1.777183497206606955e+00
1.838290477476389295e+00
1.899902735933377995e+00
1.964470868505082901e+00
2.028788128659575918e+00
2.095726739449496723e+00
2.164296112232653169e+00
2.231449800518587878e+00
2.302542302743685543e+00
2.375750425417587408e+00
2.447138521333676486e+00
2.522309311399730358e+00
2.596724191309319973e+00
2.672268352807444902e+00
2.750279798587700775e+00
2.828736064425956265e+00
2.908073041937027980e+00
2.985804577213294397e+00
3.065666884609326459e+00
3.144492123598245925e+00
3.226356390518068995e+00
3.307256467657317067e+00
3.388827110693153788e+00
3.469989132245203667e+00
3.550696980579802986e+00
3.632419885737140142e+00
3.714699985678417082e+00
3.796886864529517513e+00
3.878044715740410542e+00
3.958287959650383492e+00
4.040396977602374484e+00
4.121265625893183682e+00
4.203536039167197202e+00
4.284619082811465418e+00
4.366026389244622941e+00
4.446055800967767979e+00
4.525515234126205932e+00
4.604685755100315525e+00
4.681646639468176829e+00
4.759453014009872973e+00
4.836370271911504481e+00
4.912724896227992133e+00
4.988713051918358232e+00
5.064140616631462422e+00
5.140552478207322196e+00
5.213031153278962826e+00
5.287364849913426923e+00
5.359497434733140331e+00
5.432228117795673938e+00
5.502131291018981685e+00
5.573252217510134443e+00
5.643752064979306482e+00
5.711660754164417320e+00
5.778955439101516767e+00
5.846781239181797041e+00
5.912138124823508534e+00
5.976792902602810820e+00
6.046182268138529992e+00
6.110765895765594813e+00
6.174252183573924135e+00
6.237681732778119326e+00
6.301963775633518061e+00
6.363403840177253024e+00
6.425896594588588862e+00
6.489175502477410262e+00
6.549361004506281780e+00
6.610815397635122714e+00
6.674452610271756292e+00
6.736435087851656789e+00
6.798295813318237180e+00
6.859476837268475791e+00
6.920574039254660192e+00
6.982024037883025613e+00
7.043942201455103636e+00
7.107474756849819997e+00
7.170787041085715074e+00
7.235972604868253555e+00
7.297654949679026615e+00
7.362104909651598916e+00
7.428027773753765217e+00
7.493577387725748551e+00
7.562128947348038643e+00
7.631747086433675165e+00
7.702090667729984297e+00
7.773113603930805304e+00
7.848604523428726942e+00
7.923753799976590351e+00
8.002745005452329252e+00
8.085304950925868539e+00
8.170644349651535521e+00
8.260128056893083937e+00
8.352643759899120113e+00
8.448321855345424680e+00
8.546396079226616038e+00
8.653085923087896703e+00
8.761574870047228458e+00
8.877176631783811445e+00
9.001069452252771441e+00
9.132293571385073250e+00
9.273848062506090173e+00
9.422858835907659270e+00
9.584724548532090438e+00
9.757248516653117321e+00
9.946861431539694820e+00
1.015245361673585300e+01
1.037768511143779726e+01
1.062894993236108299e+01
1.091166944795892668e+01
1.122936629805315079e+01
1.159703205585442554e+01
1.202187272492647985e+01
1.251605936323497126e+01
1.308401421215428506e+01
1.372543886389847856e+01
1.442704383673200574e+01
1.514960280381689550e+01
1.583636511817582537e+01
1.639632061284802944e+01
1.672916924529645044e+01
1.672570226636299040e+01
1.629929987047573903e+01
1.541605961830576810e+01
1.408791159852059849e+01
1.240318876481331145e+01
1.048575599112724710e+01
8.498452884939810659e+00
6.587888554502407956e+00
4.876664305996018633e+00
3.443024417845490071e+00
2.319089586623590105e+00
1.489866085389013772e+00
9.116886002501657371e-01
5.316474901399409481e-01
2.952877097075268797e-01
1.557532360796539395e-01
7.935829051317624949e-02
3.876988377151817378e-02
1.861021610891980607e-02
8.836651213765891327e-03
4.646841320148674577e-03
2.790427353512426635e-03
2.070401562131975442e-03
1.665585597699185310e-03
1.571366828471664791e-03
1.486661678355281685e-03
1.408947666964974806e-03
1.510050239922777152e-03
1.403971059194347292e-03
1.436776714434030234e-03
1.332131472919366065e-03
1.276642717919522583e-03
1.173624470697677731e-03
1.223768270693486150e-03
1.226200003587034088e-03
1.193248991311607072e-03
1.132057354272644973e-03
1.110331066939980894e-03
1.073563068272976500e-03
1.001805866999638242e-03
9.978118942999510740e-04
9.974171535963626337e-04
9.828276450776654658e-04
9.784734621584964716e-04
9.114382257989484242e-04
9.308211756366203439e-04
8.733718237351747538e-04
