1.347450914103060469e-02
1.894752710060402731e-02
2.745894937448127224e-02
3.743235249411597937e-02
4.781364488356739523e-02
5.753421595274771372e-02
6.742362417762726157e-02
7.577457128278744514e-02
8.368606627544325494e-02
9.170563808011129858e-02
9.918684389155106584e-02
1.059109222864337563e-01
1.126088685815227614e-01
1.187153725155488948e-01
1.244518167540266951e-01
1.302382420887078784e-01
1.347605811230691841e-01
1.402988597504981061e-01
1.448892727892105714e-01
1.493688747184518384e-01
1.540053387342516233e-01
1.586936169542344233e-01
1.623068048559774268e-01
1.667878238551054604e-01
1.705481435672575596e-01
1.741177886518333329e-01
1.780062306693252216e-01
1.814216153793826170e-01
1.847246212289477552e-01
1.878281577290429882e-01
1.910198941378202786e-01
1.948029650012489122e-01
1.979596551805255789e-01
2.005809698914432226e-01
2.038992834593680026e-01
2.070809202411227345e-01
2.102418181292821653e-01
2.123247122029118250e-01
2.150335762661910455e-01
2.184016579182641027e-01
2.212514300748474882e-01
2.233269170088737487e-01
2.262116728549361799e-01
2.291015568379272394e-01
2.316256111820521324e-01
2.337078440637110899e-01
2.363099464493294832e-01
2.387185183965202795e-01
2.412847255398813673e-01
2.440377239994238889e-01
2.464270830528086653e-01
2.494411271897216398e-01
2.515992731273812844e-01
2.535933203646858480e-01
2.558219414769833389e-01
2.583247593182666502e-01
2.610447181499674363e-01
2.637281040688845279e-01
2.666220718676431400e-01
2.689336945993281991e-01
2.711574666491970986e-01
2.732636803653950563e-01
2.753032054640124904e-01
2.778650051681750277e-01
2.804954413716117534e-01
2.834517755536054007e-01
2.861905179928105336e-01
2.890531833908299708e-01
2.913592813899085199e-01
2.943539921263669812e-01
2.969295683399191810e-01
2.998669877642412551e-01
3.029368613010197664e-01
3.057184958822898868e-01
3.086667905599315698e-01
3.118316398731873496e-01
3.149876470690193275e-01
3.184284567830071300e-01
3.228704189715007611e-01
3.256496504335811282e-01
3.286079174082056631e-01
3.329884674319696924e-01
3.375271870299645371e-01
3.419087973745187359e-01
3.457054248608055769e-01
3.511027280330778488e-01
3.561911099811518877e-01
3.616844556713659786e-01
3.663385786311988412e-01
3.719383071142745578e-01
3.782701364252762377e-01
3.842565328006338765e-01
3.914123268896440022e-01
3.982256570896674508e-01
4.056141294301485734e-01
4.138127358639291375e-01
4.228391162877816467e-01
4.322301871902954340e-01
4.421513177999297217e-01
4.521274473708873920e-01
4.629778613173043955e-01
4.737750739390342858e-01
4.867430531127898696e-01
4.992922141105492484e-01
5.130179052532234385e-01
5.277665944154686928e-01
5.434807317212966282e-01
5.594437149659762243e-01
5.762751446187205362e-01
5.936870885614087268e-01
6.122382840942923732e-01
6.320069973018903609e-01
6.522686770382583044e-01
6.742324524620736392e-01
6.968098117012392345e-01
7.207706072695083677e-01
7.452835811325670967e-01
7.702312818917488313e-01
7.968351898972039216e-01
8.246951969424750617e-01
8.538770797198982354e-01
8.832134645777012238e-01
9.141709896240115540e-01
9.459545968115535830e-01
9.796906541726014828e-01
1.014255112857948893e+00
1.049562061010619551e+00
1.085773873377531951e+00
1.123905001326240605e+00
1.162521049676377372e+00
1.202111684938641289e+00
1.244241592192174117e+00
1.285753093632740818e+00
1.329415425305968679e+00
1.374077009273593220e+00
1.420387380798495025e+00
1.465822171030510823e+00
1.513700134252055518e+00
1.563285004656282950e+00
1.612254281198114203e+00
1.664266854355781478e+00
1.713908372445373196e+00
1.766848440785603769e+00
1.820761127853248507e+00
1.874513769264633423e+00
1.929646762436394880e+00
1.985642626060959870e+00
2.042259727086932486e+00
2.101097579968600915e+00
2.158723052506377194e+00
2.217706082090322273e+00
2.278149288786820215e+00
2.337915828117193229e+00
2.400288568511845355e+00
2.462924335251861496e+00
2.526539620285635834e+00
2.591047430033985410e+00
2.656364250485404810e+00
2.723839178365338842e+00
2.792183491887321622e+00
2.859066654717122180e+00
2.927756911983915078e+00
2.997939268715695160e+00
3.069026805765729726e+00
3.142466018838553143e+00
3.214983720491873864e+00
3.290746827979968536e+00
3.365784672707574199e+00
3.444451704763073163e+00
3.523933752080910420e+00
3.603378827827901087e+00
3.684805101023560514e+00
3.769134278594470366e+00
3.854983620309796244e+00
3.944291279178418375e+00
4.036441450033202649e+00
4.127824931158376565e+00
4.222497982841926678e+00
4.320756996382532300e+00
4.422137377572759931e+00
4.530149485390304598e+00
4.639822967082327665e+00
4.755080824311664678e+00
4.876106268079755779e+00
5.005093236909909926e+00
5.137971157310089687e+00
5.280070265804265972e+00
5.432365179922824971e+00
5.594181380015582405e+00
5.769130359392963925e+00
5.961324039446687983e+00
6.171696225645493250e+00
6.405526250992244819e+00
6.668888934568480309e+00
6.969195718877938539e+00
7.309563316131155730e+00
7.699881967921190729e+00
8.136695339762772150e+00
8.607501932079363982e+00
9.091552569603875256e+00
9.549364450155810147e+00
9.924962654053592459e+00
1.015727772855433386e+01
1.017434071103461868e+01
9.930719563544412765e+00
9.399864083745994137e+00
8.602677133344290183e+00
7.574289683489945801e+00
6.405939287559581530e+00
5.190859685530280210e+00
4.030420929497526394e+00
2.985296073396089156e+00
2.109201808016442747e+00
1.422715846936071005e+00
9.134572487890499914e-01
5.591842759782305050e-01
3.263499436167123791e-01
1.812391788137204252e-01
9.659597767289603010e-02
4.929102813599650634e-02
2.458410148829476977e-02
1.228262506798080342e-02
6.250196452840996869e-03
3.462393848252293734e-03
2.338117308530392440e-03
1.828011108477662662e-03
1.587459742533674570e-03
1.504764425491064489e-03
1.494058351940918397e-03
1.471022368906584315e-03
1.411058073000807413e-03
1.342180983757793652e-03
1.345824375579019296e-03
1.279098733989372533e-03
1.208819016699705286e-03
1.186307386448013507e-03
1.184305887534781859e-03
1.122822520116042132e-03
1.200350614371204503e-03
1.121268992885951542e-03
1.160750801266429832e-03
1.054010534574273059e-03
1.053182278564488480e-03
9.777779877903128563e-04
9.877234583702358944e-04
9.300625220989887712e-04
8.876696890758946530e-04
9.361314029438076462e-04
8.710749928555241431e-04
8.448301742496159032e-04
