1.222919928856872730e+03
6.683874159475354872e+02
4.448987548823417342e+02
3.389241500302577492e+02
2.753542505173257950e+02
2.392812079208775344e+02
2.143493867543550664e+02
1.922347834549892980e+02
1.759248856930860256e+02
1.629252917058327910e+02
1.508919580570288872e+02
1.417051301324052304e+02
1.329292882809688763e+02
1.244451397013764193e+02
1.188598811466975889e+02
1.127504106717639445e+02
1.064148317894990043e+02
1.025978356428992555e+02
9.831933088918719932e+01
9.396386784224257838e+01
9.026177596737653630e+01
8.644709628694815251e+01
8.378537076354872681e+01
8.009122762690483910e+01
7.704381835566383074e+01
7.425707225286900837e+01
7.185796477624036527e+01
6.924466861594656564e+01
6.680167029783652310e+01
6.434842158989110317e+01
6.172502401933359550e+01
5.959744319742519991e+01
5.761816259486757019e+01
5.537231660613225159e+01
5.323549318749905268e+01
5.119107850458748032e+01
4.889210620404266905e+01
4.704915937343060506e+01
4.512026406713618343e+01
4.327935899728559122e+01
4.117457570324726390e+01
3.935343079415876133e+01
3.730294763369337829e+01
3.535422095565964185e+01
3.354045646472259534e+01
3.166548717053136386e+01
2.978176298218257045e+01
2.793233975748835007e+01
2.625126480637968385e+01
2.455128099598147173e+01
2.286208095804658313e+01
2.111596361182529336e+01
1.957805369268735873e+01
1.807514154155531827e+01
1.663861360203025086e+01
1.531859096403906584e+01
1.404265593021128389e+01
1.288132838687999104e+01
1.177239574786975673e+01
1.078170969758955167e+01
9.880465108864385115e+00
9.061507186829194538e+00
8.312574542201600636e+00
7.630684855996571869e+00
7.017521793928572116e+00
6.448261792863197783e+00
5.935624889467771226e+00
5.487549589739685985e+00
5.077043220684257285e+00
4.698729858772619394e+00
4.363015692826140324e+00
4.056210265878557486e+00
3.780584312095693900e+00
3.537105792275832439e+00
3.315926063136617419e+00
3.112311928504493341e+00
2.928634717879070148e+00
2.759890241075682038e+00
2.606937788522846411e+00
2.468455753232742467e+00
2.338174040286142841e+00
2.220633823554452047e+00
2.111257323561049670e+00
2.013822151860981347e+00
1.920307778429651613e+00
1.833631633691987783e+00
1.758524489623070064e+00
1.693549157136505778e+00
1.635676918693860227e+00
1.582561019667896307e+00
1.532221025856188357e+00
1.488488515223753028e+00
1.446898411826990083e+00
1.409887453391349021e+00
1.375720489152645776e+00
1.346626697356354763e+00
1.318909158754960620e+00
1.293570679992890993e+00
1.269498423228692996e+00
1.246195513122433818e+00
1.226912761713337741e+00
1.206671528487930800e+00
1.188177048351283460e+00
1.171421117913174825e+00
1.157273733418328288e+00
1.146260256725273763e+00
1.132719152838777887e+00
1.122411643272756665e+00
1.113238703927872164e+00
1.105381707581016837e+00
1.098026035821039637e+00
1.089707216268976042e+00
1.084175480225918475e+00
1.083247149755396155e+00
1.081411158867405797e+00
1.080144045101977923e+00
1.080974160700554743e+00
1.089410329694626256e+00
1.051279197142103161e+00
1.067800428292359438e+00
1.059431371558531065e+00
1.103772990257998243e+00
1.247447132197759379e+00
9.860832375549128948e-01
9.344234086533057537e-01
1.003427126179513351e+00
6.667104822099449990e-01
1.048824966313419482e+00
1.259700198128870907e+00
8.590442817244108298e-01
8.341746347163451203e-01
8.699620888469686841e-01
9.174860410119681786e-01
1.232665825548608485e+00
8.092314604564601055e-01
9.810872205832750215e-01
8.862807399193478597e-01
1.285466896119029867e+00
1.086062838284579168e+00
7.496956091930907506e-01
9.687109410160299472e-01
1.279427778640169766e+00
1.266853222499828124e+00
1.066373263018444817e+00
6.810434135213618845e-01
1.241082175696813783e+00
1.116214540461316185e+00
9.963830231604846599e-01
1.352636185659189749e+00
1.132747851635766745e+00
