8.184599462204038218e+02
4.469193877502565897e+02
3.112540769086921841e+02
2.432607482549272220e+02
2.049176568541490724e+02
1.746700794181194567e+02
1.591472207103736025e+02
1.444048052812680112e+02
1.318092255759721638e+02
1.229182435901881831e+02
1.145627278954576269e+02
1.071936990242458592e+02
1.013767432733057774e+02
9.645422610343840120e+01
9.139271680804304765e+01
8.775260098603261838e+01
8.365932476131230544e+01
8.006696868502334041e+01
7.642071775434328629e+01
7.328684442124668408e+01
7.041854169285171849e+01
6.767196842588224115e+01
6.463795984246095827e+01
6.204548882452376546e+01
5.984328022741840414e+01
5.736603460404540300e+01
5.540844639935026805e+01
5.293992602167853079e+01
5.044774829884870115e+01
4.840029747020194861e+01
4.623003674670912488e+01
4.385708046421193984e+01
4.152955828480681078e+01
3.924400991892343882e+01
3.693719194477625223e+01
3.490211464447031631e+01
3.260914016085307310e+01
3.045846166898382990e+01
2.831109133414955181e+01
2.625744175588016205e+01
2.426770354057837409e+01
2.231778024561227269e+01
2.047281337009290070e+01
1.882539746964456029e+01
1.721956030634745360e+01
1.575394332214166759e+01
1.433644017764465062e+01
1.305581004101477660e+01
1.193036172919201476e+01
1.083904164670300219e+01
9.864918471684857693e+00
8.976491306514102320e+00
8.204581286885666458e+00
7.479675310020609480e+00
6.838165787927358075e+00
6.265050080729198001e+00
5.764971281534132963e+00
5.297312823410076810e+00
4.881839496549536861e+00
4.508412374571575398e+00
4.174966786512095851e+00
3.878864979402261159e+00
3.607996925194897120e+00
3.360728995628820659e+00
3.143784091538835312e+00
2.943063877007373375e+00
2.763807430676572974e+00
2.600869052651034519e+00
2.454450287376347628e+00
2.323115807302613245e+00
2.201832879951159949e+00
2.092446801286742097e+00
1.992811510998822921e+00
1.901177359100387099e+00
1.818124365601535564e+00
1.742580609123295154e+00
1.673157863983586680e+00
1.610929102375694200e+00
1.552625977163022641e+00
1.498780895524052026e+00
1.450456485836178810e+00
1.407193921529655833e+00
1.365924795431029848e+00
1.328239097665156576e+00
1.294601728996013001e+00
1.261659099990011690e+00
1.233576275349199669e+00
1.210657241943107421e+00
1.189861639671751403e+00
1.171437777788198575e+00
1.154500000651440317e+00
1.138382912353498755e+00
1.124805098719554142e+00
1.112911551295762580e+00
1.101549136430461484e+00
1.091717130148178949e+00
1.084173540750338338e+00
1.076513767966342794e+00
1.069813723426991992e+00
1.062429409215125853e+00
1.056881617455491584e+00
1.053155196513841707e+00
1.048262657332385439e+00
1.045622544344935401e+00
1.043148886391767949e+00
1.041045487398625236e+00
1.039248310643806628e+00
1.036904227748183915e+00
1.036795323190598639e+00
1.036309207746813010e+00
1.034155445253880812e+00
1.034440534015690805e+00
1.034809144864946129e+00
1.034137861597723917e+00
1.031544444211778488e+00
1.031465132807726448e+00
1.036083806003107233e+00
1.060243470182586911e+00
1.057741803042242967e+00
1.063739019222867510e+00
1.003923969193968535e+00
1.073222823602136389e+00
1.024048362904327103e+00
8.412106563656188696e-01
1.206765134989602029e+00
1.274381427000893741e+00
9.851865362727509901e-01
1.189234464640974487e+00
9.209695891390808908e-01
1.065256034732904977e+00
1.087111890165369577e+00
1.017683610542105654e+00
1.351120935690135472e+00
1.182496883255852893e+00
8.487858942573318632e-01
1.030183176443730364e+00
1.025249745889809105e+00
8.252108863549300066e-01
7.953036700138184090e-01
1.239945902080027418e+00
9.871839694934083642e-01
9.220185678211363367e-01
1.035707735496128379e+00
8.451356550151767344e-01
1.342299557899681250e+00
8.906818367977852313e-01
1.022071158990038198e+00
1.276408616217393988e+00
1.197341820874871399e+00
8.822694834732136560e-01
