5.076893126439104975e+01
5.148944688971652539e+01
5.166249222395863683e+01
5.184173671099509306e+01
5.197164263414716601e+01
5.209503664635163034e+01
5.218651544908113493e+01
5.226538483200830143e+01
5.231525132605993633e+01
5.237303560500337340e+01
5.238093233348347866e+01
5.238255162406181853e+01
5.235194965870253014e+01
5.230281179867353103e+01
5.222049544367312279e+01
5.211751265522497789e+01
5.196009298873892135e+01
5.180472592157651235e+01
5.161798674023941658e+01
5.137462641662695972e+01
5.112103274502326400e+01
5.083452583641526701e+01
5.054634824621751932e+01
5.018723092075631342e+01
4.982189975323174735e+01
4.943750632321386718e+01
4.903011825150785796e+01
4.859780569205877043e+01
4.813884842189904845e+01
4.765763181741112220e+01
4.716572944865509953e+01
4.665443676236147752e+01
4.611355727941557348e+01
4.559057673849228820e+01
4.502881364060431224e+01
4.444279643455185891e+01
4.389151341888525337e+01
4.331763468521661054e+01
4.275645505265180901e+01
4.215898584423627682e+01
4.158676329669629723e+01
4.100434871309318652e+01
4.041095272246337089e+01
3.982912559320101309e+01
3.927007561143940251e+01
3.869211742631523521e+01
3.814032704414926656e+01
3.758514748526065574e+01
3.705715338783944901e+01
3.651340079861183341e+01
3.600093096514019209e+01
3.547900567646898651e+01
3.498605515660588594e+01
3.449959720416755005e+01
3.401493080458396179e+01
3.355184345914590693e+01
3.309438629392795406e+01
3.264497072325573868e+01
3.221995013512899675e+01
3.180717364281962745e+01
3.140578571512123673e+01
3.100438164655971818e+01
3.063304578811352741e+01
3.028490589879638506e+01
2.993170724105270253e+01
2.960897177137557890e+01
2.929451039645189780e+01
2.898559375703164775e+01
2.870049870976191997e+01
2.843733098419778216e+01
2.819087097412121068e+01
2.794731612310787128e+01
2.772690937015510926e+01
2.754401897151642586e+01
2.736631372171902399e+01
2.719513813873269115e+01
2.707867505705791089e+01
2.696226063512342819e+01
2.688154072076976320e+01
2.683342622869632521e+01
2.681476380511301372e+01
2.684846084823390910e+01
2.692098047016946083e+01
2.707594246759163781e+01
2.730639366685173641e+01
2.765146591598674775e+01
2.802228834175516781e+01
2.823854071968792567e+01
2.829507710063236559e+01
2.832538707002650824e+01
2.836812015983575108e+01
2.847793851424751566e+01
2.856549203147248761e+01
2.860537950012239250e+01
2.859608686062193428e+01
2.853187835214092516e+01
2.840146955142795804e+01
2.824316441590089255e+01
2.811559935785875552e+01
2.802859287695737578e+01
2.804386201774602938e+01
2.809730341055989911e+01
2.814847115608060690e+01
2.814763586326012046e+01
2.806503575648938309e+01
2.795416990542833702e+01
2.773233582759210947e+01
2.742805855190300690e+01
2.707663093547019528e+01
2.662140935108517681e+01
2.589624966035258780e+01
2.443775903803540217e+01
2.162557185215730016e+01
1.688502154875814654e+01
1.066600463111509534e+01
4.923742742569011455e+00
1.512896864889912596e+00
2.833582199323380069e-01
3.107213997883685047e-02
4.061635056431625937e-03
2.187796636462580220e-03
2.442967082425022418e-03
2.486151980654530049e-03
1.788296024328993230e-03
1.900120355942386827e-03
1.839598663942265330e-03
1.398674445950645693e-03
1.574819380592469087e-03
2.029095221182464995e-03
1.365420420660853808e-03
1.239136029764325393e-03
1.288578927460105536e-03
1.404502856547289874e-03
1.801146352273413995e-03
1.284344670549963409e-03
1.332570806854944554e-03
1.182669676921426372e-03
1.521642134890949022e-03
1.239991328925814503e-03
9.005564379195704541e-04
1.034986254819342602e-03
1.251336131428058569e-03
1.081529430849761161e-03
8.809682000452498819e-04
8.092716662604102027e-04
1.033064583842060622e-03
8.680653315997789981e-04
8.580002066078953275e-04
1.051949114342581783e-03
8.136025982249737564e-04
