4.222904190343748354e+01
4.280925232377033751e+01
4.296184876624741378e+01
4.310893754105049425e+01
4.323212538387429049e+01
4.333462120850636268e+01
4.341317321375879601e+01
4.347170587941934627e+01
4.353924452772179166e+01
4.357882620068159696e+01
4.360113802747716250e+01
4.360770632767545862e+01
4.357095494963169102e+01
4.352724021137010624e+01
4.345904548003576906e+01
4.336788557407088973e+01
4.326426016544700559e+01
4.312722517179900450e+01
4.295632711865699349e+01
4.276870003892719296e+01
4.256693648950609088e+01
4.232745182155901631e+01
4.208396970497843625e+01
4.179812156395467326e+01
4.149230479818899653e+01
4.117696911251008629e+01
4.083129070925291870e+01
4.045857490430504555e+01
4.008619207438049870e+01
3.967715587017934098e+01
3.927691152016042508e+01
3.884098246287285150e+01
3.839672913941926424e+01
3.795688711749130562e+01
3.749498085813876003e+01
3.701978336104092904e+01
3.656137241927643799e+01
3.607721195497077815e+01
3.560035198420310820e+01
3.512327098813142356e+01
3.464162669714743004e+01
3.416364184204395116e+01
3.368228736546993929e+01
3.319680676713298340e+01
3.273861016656122302e+01
3.227123664005391390e+01
3.180916494355731317e+01
3.135582746079540684e+01
3.091829782094207957e+01
3.047118155833120667e+01
3.003615854370485749e+01
2.961849687279417864e+01
2.921103151943349374e+01
2.880938912540076302e+01
2.840613937552832624e+01
2.802594578303817485e+01
2.765113735887719670e+01
2.729077479680397289e+01
2.693042780725405549e+01
2.659911748539252230e+01
2.627577755184604769e+01
2.595305642667568335e+01
2.566105162401267137e+01
2.536468145216893433e+01
2.509239289930924244e+01
2.483927623818253494e+01
2.458780004783131901e+01
2.436632893352724594e+01
2.414760460217771154e+01
2.395279562729516698e+01
2.376713752289525061e+01
2.361132737360624034e+01
2.347774756601170765e+01
2.335903785259079513e+01
2.325947745530907440e+01
2.318575102153008061e+01
2.313845673305871031e+01
2.311907441350185621e+01
2.312615091785019317e+01
2.316210710302317466e+01
2.324805124577927273e+01
2.338400756244088541e+01
2.355996710174029118e+01
2.380796722609481719e+01
2.419195190735241141e+01
2.467802480259650721e+01
2.517074663190624761e+01
2.542748009723943525e+01
2.547606415646174227e+01
2.549156301323859708e+01
2.559619020590949390e+01
2.576728743477852746e+01
2.598876217303048008e+01
2.618330885371032224e+01
2.631081388700689061e+01
2.635927942691491666e+01
2.634823737823837320e+01
2.633802376649292043e+01
2.632432041607524553e+01
2.634512677761732391e+01
2.644902328531652813e+01
2.661521777006226941e+01
2.674196859457979158e+01
2.681716292204661301e+01
2.681925594957043657e+01
2.674374526344501035e+01
2.660391413091966939e+01
2.634141689069035763e+01
2.608609401835684594e+01
2.576165203315053276e+01
2.520192253560203355e+01
2.400569262408135529e+01
2.137834108374595488e+01
1.676712342403371636e+01
1.064450402221276981e+01
4.948482804255366574e+00
1.521360557187908080e+00
2.843999902252005163e-01
3.111626242415614640e-02
3.474402988023365078e-03
1.862184240799653889e-03
1.716503727562846641e-03
1.635755609287140293e-03
1.387567926004579580e-03
1.830552258444529496e-03
1.749140325069249019e-03
1.481318250030048663e-03
1.328211103946056555e-03
1.225069626396899916e-03
1.252006558255703986e-03
1.278170939230506434e-03
1.182048022601088965e-03
1.418057832032536963e-03
1.330316275574711929e-03
1.021283986052122549e-03
9.834113057783967510e-04
1.022495755926995263e-03
9.134273407704364672e-04
9.428574533490505357e-04
9.263568332313906013e-04
9.375412730330390633e-04
7.722428116302166180e-04
7.507137402290863263e-04
5.848017584317862600e-04
7.820066017083643611e-04
7.311193693063562388e-04
7.063790727857209529e-04
9.866421820037662559e-04
8.334196933528985980e-04
6.201758209391425563e-04
