4.151451788985680708e-02
7.703533259482873985e-02
1.161219078655802012e-01
1.529597011790599093e-01
1.887446536107748041e-01
2.177147010373575164e-01
2.434647294274138174e-01
2.718830790799415809e-01
2.973726606099819092e-01
3.214543000454753718e-01
3.471419750129186022e-01
3.696588230441413825e-01
3.938330697148373916e-01
4.202881038518777590e-01
4.393450080874830577e-01
4.622378964715979643e-01
4.882786742690348736e-01
5.049300075090022988e-01
5.250034380158314917e-01
5.467487407274531641e-01
5.663641358386303226e-01
5.880420282443923341e-01
6.032836972084866245e-01
6.266258166817890718e-01
6.466696591183310749e-01
6.657615877294945639e-01
6.823198848476087486e-01
7.018273993279974254e-01
7.206234246429928936e-01
7.406185053169658250e-01
7.641265466965518893e-01
7.828261458769610881e-01
8.003302292656450101e-01
8.233460243822149360e-01
8.458419551409009918e-01
8.681746455208816382e-01
8.977218783684973724e-01
9.206888127671576383e-01
9.476109224235218509e-01
9.741129910653347768e-01
1.010010730806790713e+00
1.041951054472726179e+00
1.083317949007405634e+00
1.126573419427165046e+00
1.170827107041406467e+00
1.221901852257716525e+00
1.280660485645774171e+00
1.345578201166785393e+00
1.411633064584136621e+00
1.487229965906394336e+00
1.574700528407902089e+00
1.680198276937745483e+00
1.787003739277392977e+00
1.908676461805396851e+00
2.044336843090907685e+00
2.190269557944986012e+00
2.356704205984915923e+00
2.534286041221152086e+00
2.736906813633008362e+00
2.950104810365159480e+00
3.178573616635226529e+00
3.421547983940713689e+00
3.685145394197007374e+00
3.968831955495711661e+00
4.265281693453243150e+00
4.591775694365599847e+00
4.935370907355070891e+00
5.282065024291952682e+00
5.652994757427693528e+00
6.052131499133694525e+00
6.461326971725970481e+00
6.890006752905499354e+00
7.334027515652794094e+00
7.787162892234033684e+00
8.252992738876857359e+00
8.737921764737865971e+00
9.246177029775978440e+00
9.769323516508665151e+00
1.031153901681769369e+01
1.087053158378662232e+01
1.146824972953316113e+01
1.209044938586902518e+01
1.275116025400539321e+01
1.344505146225084857e+01
1.421980058279083536e+01
1.508016408961649901e+01
1.593511407268578139e+01
1.667417836718382418e+01
1.729869559034120030e+01
1.789844860198228105e+01
1.851437859233393368e+01
1.913211840265132579e+01
1.974256920733157017e+01
2.028912267522836288e+01
2.078626224301948255e+01
2.118766723409954977e+01
2.153406044904465944e+01
2.183349147651994571e+01
2.214701400443873425e+01
2.249132867340349407e+01
2.285725839103981727e+01
2.328496425681674609e+01
2.369046868489798996e+01
2.402862252765568485e+01
2.425099174556699921e+01
2.438728006263604087e+01
2.448297599461470853e+01
2.443671955498213322e+01
2.432239450527092117e+01
2.408345385897749580e+01
2.358436759743031885e+01
2.242598624032911658e+01
1.994656053985928423e+01
1.558741377955242235e+01
9.863042880273143354e+00
4.558413079159413073e+00
1.399568019192464874e+00
2.601023803508145660e-01
2.955650607688832532e-02
3.803739864505436413e-03
2.065066879456390909e-03
2.213287608943935187e-03
1.992991860323902777e-03
1.813534553901598742e-03
2.033468273960352748e-03
1.833315659849084518e-03
2.097873789706230195e-03
1.501508288964459271e-03
1.610776297563845053e-03
1.589464536007345130e-03
1.485463568651526275e-03
1.481189748357843519e-03
1.530816594221043629e-03
1.461179757678280960e-03
1.587116583215274429e-03
1.358259264719303885e-03
1.334418794917116265e-03
1.183727204088225789e-03
1.141730740814558224e-03
1.201229441491399050e-03
1.068415985612591618e-03
9.780435850455207643e-04
8.537132886757194811e-04
8.261349291069124611e-04
1.188282053967806709e-03
8.323901543925081277e-04
7.776868156913808484e-04
8.611148390368545975e-04
7.777029222605989604e-04
7.182556974617739908e-04
