5.159573427929921990e-02
9.578741378678477802e-02
1.380282282337797761e-01
1.772128789798595450e-01
2.109731589144849540e-01
2.480941289593931176e-01
2.727862479783099703e-01
3.010405768336189558e-01
3.303201603489177018e-01
3.545350545845273871e-01
3.805874635532831007e-01
4.068122168058772026e-01
4.297924113834170057e-01
4.512735415521461069e-01
4.755197897368025339e-01
4.942062695209872847e-01
5.171480918461138776e-01
5.386394149809498044e-01
5.621031623484800122e-01
5.835795002046514357e-01
6.044847772504654548e-01
6.254798376068841925e-01
6.510720605592705823e-01
6.736689863491537311e-01
6.933494394108840053e-01
7.177935410164523189e-01
7.369145565816065391e-01
7.642355769015910516e-01
7.946081525167959514e-01
8.197709093545740844e-01
8.495972377299990663e-01
8.856262672242329881e-01
9.245638702944340981e-01
9.672020569740127360e-01
1.015101010228293354e+00
1.060674510359678857e+00
1.121200137106588723e+00
1.184472556330991022e+00
1.257470140024629313e+00
1.337650153228115757e+00
1.427478567933824660e+00
1.530781353076572593e+00
1.645220261455306643e+00
1.763405358142473345e+00
1.901245419982829477e+00
2.048454534852725661e+00
2.218763134321066754e+00
2.401676139763920581e+00
2.591564155618945264e+00
2.811243147829390221e+00
3.044744731537035953e+00
3.299562809279444231e+00
3.560331782698633152e+00
3.851689803540600643e+00
4.154058304008771962e+00
4.473379369982018794e+00
4.796405048442648145e+00
5.151814836420380850e+00
5.516450884198131455e+00
5.899885652744925935e+00
6.293649481651971023e+00
6.690889361834679860e+00
7.112270923741574435e+00
7.547374835983460706e+00
7.981589119571786739e+00
8.439937859398456865e+00
8.896350655592630829e+00
9.368533532547877130e+00
9.838294434551363210e+00
1.031063348284256875e+01
1.079425134364531758e+01
1.128407535096545722e+01
1.178121836231483677e+01
1.228661689072711916e+01
1.279311684908505242e+01
1.330541089470460570e+01
1.382921314906223920e+01
1.435139161581185618e+01
1.489486280534001139e+01
1.545396473373414103e+01
1.602809286097053842e+01
1.661747340197566558e+01
1.724836329243568045e+01
1.792445898328518084e+01
1.868679097633656738e+01
1.955997844646931583e+01
2.040469416840959838e+01
2.100303803281949655e+01
2.141094670762716490e+01
2.176091935618588735e+01
2.217080137848985899e+01
2.263499140329426140e+01
2.310512479238878214e+01
2.352685514246402221e+01
2.388528393047116438e+01
2.414478869937413918e+01
2.430260137136643195e+01
2.446603522428556587e+01
2.460645235672349784e+01
2.479706091445632765e+01
2.502553062564774322e+01
2.527188571842408749e+01
2.551075191654031471e+01
2.564707797004043144e+01
2.570990229624625556e+01
2.568931481589007504e+01
2.559918920093191019e+01
2.540390538082314364e+01
2.516031219940343888e+01
2.485903998591559017e+01
2.436956905392019124e+01
2.320645009036084971e+01
2.065921159455550082e+01
1.621362493984005226e+01
1.031899699711574137e+01
4.797527950154961474e+00
1.468375963771549886e+00
2.682402657723733652e-01
2.941763513048321899e-02
3.266217488723548688e-03
1.854905648178483335e-03
1.599391747746865215e-03
1.597342145685323256e-03
1.649489239710124656e-03
1.516908473213639903e-03
1.372540660126885447e-03
1.503591650403901395e-03
1.116862270172298312e-03
1.330195525285574965e-03
1.175310458175084184e-03
1.175749203732904917e-03
1.161508361101962249e-03
1.049541750537831076e-03
1.125006158081243634e-03
1.203229215944643564e-03
9.545984910889405333e-04
9.973138350203407387e-04
1.106901709458985245e-03
1.185531374868002827e-03
7.470945560426574608e-04
9.497128215262203325e-04
8.375566811578842629e-04
7.248316436194974328e-04
6.919620003741109660e-04
5.825872452286159214e-04
8.208535743076401502e-04
6.911251399400907729e-04
7.729830161501544377e-04
6.960582841280338676e-04
7.029324175394892826e-04
