9.553335778586288995e+01
9.725790552008274403e+01
9.741350256812447128e+01
9.746774841925405042e+01
9.748377518592828039e+01
9.745427702454188079e+01
9.740219423009813227e+01
9.730509159855215273e+01
9.717053796826346002e+01
9.698880594461529370e+01
9.681096483557300303e+01
9.658749136225252130e+01
9.632172641794643653e+01
9.602880913166107746e+01
9.568395534927199719e+01
9.530594580523911930e+01
9.488724066116563449e+01
9.444437099959193915e+01
9.395267924570974571e+01
9.341793196992195192e+01
9.285129740305099233e+01
9.222889499246491596e+01
9.161052107894924745e+01
9.092534533232637273e+01
9.020667017043651015e+01
8.947542293844679762e+01
8.867574323964994676e+01
8.786961259940272839e+01
8.703933831978729074e+01
8.616456766396626676e+01
8.526170923966601833e+01
8.435010949730043706e+01
8.341202208731961321e+01
8.245347786056207440e+01
8.148506559126701632e+01
8.049727598800190265e+01
7.949377562954786924e+01
7.847180207193748913e+01
7.744042632942607440e+01
7.640639952456299966e+01
7.537163418644929891e+01
7.432185358204458225e+01
7.327189291880817734e+01
7.221676147467533724e+01
7.118405495196765287e+01
7.014146272875530030e+01
6.910859841321023112e+01
6.807461816729521331e+01
6.704339606134428209e+01
6.602299333988624142e+01
6.501318060903355445e+01
6.402331848487912680e+01
6.304673834031623869e+01
6.204110749533549551e+01
6.108103996109194611e+01
6.014243599557917719e+01
5.918202313227818934e+01
5.825671742460493618e+01
5.734452039635623066e+01
5.644309199088907292e+01
5.555808090305383473e+01
5.468392682681857764e+01
5.382513451714424946e+01
5.297891199458524625e+01
5.216110253550953502e+01
5.133968122806253120e+01
5.053773588963709074e+01
4.975858178626447170e+01
4.899467455743720024e+01
4.824139788264408679e+01
4.749711982713938596e+01
4.676597069353107372e+01
4.607242561347792531e+01
4.537478286143969797e+01
4.468362372213431399e+01
4.402108382578070689e+01
4.335712603729381698e+01
4.272392542325383857e+01
4.208783877330566270e+01
4.147995585373406158e+01
4.088235138731146634e+01
4.028284160412876957e+01
3.970406445271024154e+01
3.914847121090127047e+01
3.859349165121197700e+01
3.806114331347911417e+01
3.752727690557344431e+01
3.701292495154208950e+01
3.650036733469901407e+01
3.600334436783595748e+01
3.552457355873826828e+01
3.505453540316256067e+01
3.459152444214783628e+01
3.413795844558634229e+01
3.370704603383900633e+01
3.327848310120103292e+01
3.286093526147427468e+01
3.244488966020922760e+01
3.204756460858972389e+01
3.166574746143351504e+01
3.129247842111571742e+01
3.091837083325063062e+01
3.056826320783759243e+01
3.021511894986332081e+01
2.988251429999200326e+01
2.955335654714686910e+01
2.923620082314922541e+01
2.893459857432235083e+01
2.863241461266974142e+01
2.834838791690355109e+01
2.807482461377290406e+01
2.780319185810386173e+01
2.754195522692326037e+01
2.730252934068858295e+01
2.705766024738284514e+01
2.682726530270609189e+01
2.660639101552003538e+01
2.639037148231071583e+01
2.618242240812857347e+01
2.598588748737188325e+01
2.580399918170023099e+01
2.562476717091331935e+01
2.545388261437462063e+01
2.528976480760670498e+01
2.512593827923359058e+01
2.497810939099756666e+01
2.483725141679481752e+01
2.469495598039150863e+01
2.458296858085062908e+01
2.445877653867189494e+01
2.435242260468771747e+01
2.424222932998667090e+01
2.414692580964007718e+01
2.404824074921750920e+01
2.395569306497734630e+01
2.387751507718500577e+01
2.379887506177778889e+01
2.372121410799122643e+01
2.365925224516370307e+01
2.359222016605506766e+01
2.354131393464508548e+01
2.349200381188193987e+01
2.343595490284211635e+01
2.339462288979452254e+01
2.335019805668480686e+01
2.331239967365059584e+01
2.327320908664164278e+01
2.325384683004516262e+01
2.323083072564534035e+01
2.319554190240703662e+01
2.317681947689666444e+01
2.315963912621689147e+01
2.313818416591185922e+01
2.311932059648593452e+01
2.310574900916388330e+01
2.309281657734574722e+01
2.308183239995293690e+01
2.307618526706591666e+01
2.305982815001507902e+01
2.305927758832548946e+01
2.305121687161097555e+01
2.304124135724438105e+01
2.303345298131548802e+01
2.302382293727906770e+01
2.302415826103174012e+01
2.302609451811769858e+01
2.302496773639763106e+01
2.302530705374992692e+01
2.302028914436375473e+01
2.302177503580900364e+01
2.302255596355812983e+01
2.302151142357983460e+01
2.301746557594568898e+01
2.301068480115790393e+01
2.300758519518001677e+01
2.300703960079594168e+01
2.300650613918159593e+01
2.300839946715881368e+01
2.301351033682145442e+01
2.300992030820989953e+01
2.301168896761868510e+01
2.300039177911460087e+01
2.299947228121720855e+01
2.299540731828091822e+01
2.299335065986379689e+01
2.298384904996336786e+01
2.298254586789721543e+01
2.297540709545529936e+01
2.296634230687507028e+01
2.295110571376580921e+01
2.295616842176938022e+01
2.295223260551422584e+01
2.293834181561546970e+01
2.292692059035635310e+01
2.292719021520696998e+01
2.290860266628057218e+01
2.289253052869182170e+01
2.287868006925345554e+01
2.286335187060982932e+01
2.286000204527382351e+01
2.284042720691841666e+01
2.281896541467063244e+01
2.280487494303825002e+01
2.278733744083980639e+01
2.277524873102765568e+01
2.275378206465435582e+01
2.273725586057672743e+01
2.272095686611601906e+01
2.270551155281130207e+01
2.268313044164138148e+01
2.266558529339107508e+01
2.264484907330855279e+01
2.262722505667619544e+01
2.260006584460602141e+01
2.258696139116331025e+01
2.255734047368161654e+01
2.253741863222253627e+01
2.250449688133702963e+01
2.247346950397222187e+01
2.245353368153747908e+01
2.242347886934145507e+01
2.239727599137642500e+01
2.237667844939344874e+01
2.235116142536173456e+01
2.232487492382260541e+01
2.230511749675740063e+01
2.227306414473775931e+01
2.223836936805724207e+01
2.221175353305599032e+01
2.218869093998385011e+01
2.215484262615466449e+01
2.212827071894328768e+01
2.210685046162007339e+01
2.208061845807701928e+01
2.205097338324211265e+01
2.201426706225810648e+01
2.199510714187874072e+01
2.196519862594811556e+01
2.193493937645474645e+01
2.190664137843347348e+01
2.187286488309322507e+01
2.184713046841919848e+01
2.181360885141068451e+01
2.179604502878477135e+01
2.177850898124913570e+01
2.173792897472690555e+01
2.171218124073722322e+01
2.168129275391054378e+01
2.165650591949971471e+01
2.162343425558465881e+01
2.159720668604717631e+01
2.157101545586393954e+01
2.154703951046797172e+01
2.152079094646527935e+01
2.150003555237733721e+01
2.146825914467663310e+01
2.144825479534360113e+01
2.141567744290627928e+01
2.139611419919120650e+01
2.137235086948267337e+01
2.135885034511619907e+01
2.133931168915241372e+01
2.131694455695023294e+01
2.130312711391596281e+01
2.127888513229598288e+01
2.126894722391883263e+01
2.125992290521984529e+01
2.124461597188155437e+01
2.123668572400643839e+01
2.122847524733799318e+01
2.120736902538754975e+01
2.120219657678649838e+01
2.119989292703421668e+01
2.120151077716412757e+01
2.119839014374224817e+01
2.119881056438554623e+01
2.120317711516773329e+01
2.119433402760230933e+01
2.120521893088962884e+01
2.120938341646439085e+01
2.122690531533722691e+01
2.124466466557021604e+01
2.126192190940400195e+01
2.128408641762132447e+01
2.129822255987066271e+01
2.132855325383492939e+01
2.136143290540682926e+01
2.139091702297080388e+01
2.143499648636855071e+01
2.147085156569728781e+01
2.152523141595078826e+01
2.156845167947899355e+01
2.163188433385514031e+01
2.170116484030398851e+01
2.178930960190277588e+01
2.186906045801522325e+01
2.194305654905012304e+01
2.204206023575721929e+01
2.215094570671508478e+01
2.227315327524187083e+01
2.240448444035034470e+01
2.255211765541140068e+01
2.269726896494990953e+01
2.287752554509913239e+01
2.307339008266410829e+01
2.328987853474396630e+01
2.352638439233663803e+01
2.378558406089842592e+01
2.408504823685562357e+01
2.442497374552321077e+01
2.480279855169253267e+01
2.523018081178127048e+01
2.570201535011405980e+01
2.622461393147226616e+01
2.680584226391401259e+01
2.742891285841905358e+01
2.810749842121072462e+01
2.882290641161534239e+01
2.955871375964598613e+01
3.026618854479634280e+01
3.093009015344414081e+01
3.151198208199794948e+01
3.195152382842417538e+01
3.219977344089566884e+01
3.220188458556926037e+01
3.191416520560775183e+01
3.128681312865191799e+01
3.029071266464039880e+01
2.896393854487811836e+01
2.731195083219424902e+01
2.536547263121963169e+01
2.321371444563857978e+01
2.087373231209590330e+01
1.846356402714061318e+01
1.603948886201547808e+01
1.367468230517640748e+01
1.144920800949778972e+01
9.404690381390892640e+00
7.585015306715913397e+00
5.971484645116012402e+00
