9.558593000558761332e+01
9.736352759161863446e+01
9.756173325941075802e+01
9.763904456257029096e+01
9.767459004590364202e+01
9.765149231417845499e+01
9.760838139388188495e+01
9.751773570478624720e+01
9.738934589389982932e+01
9.720958693393104966e+01
9.703480764818894500e+01
9.681642479274860591e+01
9.655482760423815591e+01
9.626577451052760637e+01
9.592491773080146800e+01
9.555226659922035992e+01
9.513809273340207540e+01
9.470082159802709043e+01
9.421230523523971101e+01
9.367952770392309958e+01
9.311331132437975100e+01
9.249608351383801619e+01
9.187878508490888407e+01
9.119567004019853584e+01
9.048367843023805790e+01
8.975365057558107651e+01
8.895482011439452208e+01
8.815132183273395583e+01
8.732356631309293959e+01
8.645137637755458115e+01
8.555271077785356226e+01
8.464088085985106602e+01
8.370823424145869751e+01
8.275073317485394853e+01
8.178352887840642893e+01
8.079416953873078455e+01
7.979642205192978111e+01
7.877703651381919769e+01
7.774600293776065030e+01
7.671553295426467400e+01
7.568329953509221752e+01
7.463528501302208440e+01
7.358554011255253613e+01
7.253733313312004327e+01
7.150598358177714431e+01
7.046942539884445011e+01
6.944149833290808260e+01
6.840962884356660823e+01
6.738549441645839977e+01
6.636850528579898878e+01
6.536402729328760586e+01
6.438121571144058919e+01
6.341235593203804655e+01
6.241818091144320846e+01
6.146356963723204103e+01
6.053620951907500825e+01
5.958955184989860498e+01
5.867801040538466850e+01
5.778447945080295511e+01
5.690540692733434724e+01
5.604153385402849352e+01
5.518997720736706469e+01
5.436142957854746527e+01
5.354561411366346135e+01
5.276139845868901546e+01
5.198198512402683491e+01
5.122604126134655189e+01
5.049647397838409546e+01
4.978855777399964921e+01
4.909958047970011563e+01
4.842321045005846258e+01
4.777277157332709834e+01
4.716150427242612153e+01
4.655364562935651662e+01
4.596359361649642494e+01
4.540343104149608422e+01
4.486097720341442141e+01
4.434585643483752904e+01
4.384548798882581622e+01
4.337707542418595352e+01
4.293227410491749652e+01
4.249473186466561714e+01
4.207935421231416484e+01
4.170439841994819830e+01
4.133391461325622629e+01
4.099844603505813723e+01
4.066329267586124274e+01
4.035687365936107085e+01
4.006652266521247441e+01
3.979017285157715378e+01
3.953444205158142921e+01
3.930034076601301507e+01
3.907686202209048076e+01
3.886931743788928628e+01
3.869023235097520796e+01
3.851426109262155961e+01
3.834965779361376548e+01
3.819484422947009961e+01
3.805677811570107139e+01
3.793050000632804597e+01
3.782129238586080078e+01
3.770743526275722246e+01
3.760979276079997646e+01
3.752289502349598393e+01
3.744801813178376193e+01
3.736907201951389368e+01
3.730503065091833292e+01
3.725103529442756667e+01
3.717848096542644498e+01
3.713804987171000960e+01
3.710148494714884038e+01
3.704952817800938192e+01
3.700597103095702778e+01
3.697432637440696368e+01
3.693438701607900754e+01
3.689873088150668679e+01
3.686281658202127431e+01
3.683176818263015662e+01
3.679581183708873482e+01
3.676749949692485586e+01
3.674495459102330841e+01
3.671411981894880938e+01
3.667964120219874502e+01
3.665343811330527757e+01
3.661014308095718661e+01
3.658164186974777010e+01
3.655624125010523784e+01
3.650382094828169244e+01
3.648033536810964250e+01
3.643380321548518452e+01
3.639413131384381472e+01
3.635540606313628587e+01
3.631540263002080593e+01
3.625654132000284591e+01
3.620331804853333324e+01
3.616184589490840295e+01
3.610573142501758070e+01
3.604178069132998274e+01
3.598945289310893259e+01
3.592096364394643615e+01
3.586137510768991632e+01
3.580693382025744853e+01
3.572863728923407223e+01
3.566995434097177053e+01
3.559244775169247532e+01
3.552429934080421958e+01
3.544925466126453983e+01
3.537788890579113144e+01
3.530436288804065015e+01
3.521412987269729911e+01
3.513275771059003461e+01
3.505018995655414216e+01
3.496361077609611101e+01
3.486991211543661251e+01
3.477783051032044881e+01
3.469289274325436168e+01
3.459878032469193698e+01
3.450555573504743734e+01
3.439807155581247144e+01
3.430689596274926600e+01
3.421675422765798658e+01
3.410342283407747033e+01
3.399550006814296665e+01
3.388807836484929936e+01
3.378575253611006701e+01
3.368865048826369701e+01
3.359138948308257255e+01
3.348338052870557391e+01
3.337730422283685527e+01
3.327078270750214983e+01
3.316086326121870798e+01
3.306211902050907270e+01
3.295226140588588493e+01
3.282992145610381129e+01
3.271664331699212624e+01
3.261411199189235077e+01
3.249726840011587825e+01
3.239434793570509896e+01
3.227716445206514351e+01
3.216391625542453880e+01
3.205074528155419955e+01
3.192964714236509849e+01
3.183060544712635220e+01
3.171412286665276170e+01
3.159157616125514778e+01
3.148218595715420776e+01
3.136264017014978123e+01
3.125624752641743243e+01
3.114109520231378525e+01
3.101643942779499952e+01
3.091393976244521369e+01
3.080821250291030466e+01
3.068737513191232935e+01
3.056935237285892981e+01
3.046158049949216462e+01
3.034129811089351492e+01
3.022946957801580936e+01
3.011673488905471885e+01
3.000995246972304287e+01
2.989926705484515423e+01
2.978411343446919091e+01
2.966514899081601797e+01
2.955817592959245843e+01
2.944389719908567571e+01
2.933373612978341427e+01
2.921990263646903330e+01
2.911407244814396833e+01
2.901164534093713598e+01
2.890166478825759455e+01
2.879677956021131635e+01
2.869114575499429520e+01
2.857155748783752358e+01
2.847624835138271138e+01
2.836607217559587113e+01
2.826316286090431618e+01
2.814269521143812725e+01
2.805013019783350714e+01
2.794134077304549280e+01
2.783835922787279316e+01
2.772713454540241784e+01
2.762583750775428371e+01
2.752690727413564531e+01
2.742593714602716304e+01
2.733257130039419280e+01
2.722826899335174744e+01
2.713089264305818205e+01
2.703398380452210858e+01
2.693814620129399273e+01
2.684465931702654728e+01
2.675282094975631608e+01
2.665624732251784224e+01
2.656146285509620597e+01
2.648242336478147152e+01
2.638288481373772143e+01
2.628585642148263091e+01
2.619439759628454922e+01
2.611587114771480245e+01
2.603425449393682456e+01
2.593488301863068557e+01
2.584375409301522808e+01
2.575666428286342224e+01
2.566962457166980371e+01
2.557951500484163176e+01
2.550224475938158264e+01
2.541716182580050898e+01
2.533346304334842714e+01
2.526436195279593733e+01
2.517723756368911125e+01
2.511054611510015988e+01
2.503012465090881022e+01
2.495985287781477169e+01
2.489332057626867822e+01
2.481835541059171391e+01
2.474881903206345157e+01
2.468041511714257652e+01
2.460584184593173518e+01
2.453842368298858290e+01
2.446978082726960224e+01
2.440987328955143809e+01
2.434455988332376464e+01
2.428573684272251754e+01
2.423156479263904117e+01
2.417214056526006161e+01
2.411971658189197498e+01
2.405585725263545172e+01
2.400803453769222173e+01
2.396197143279373876e+01
2.390866431939937797e+01
2.387003850331987564e+01
2.382655650366529088e+01
2.378355125274799065e+01
2.374117567429960474e+01
2.370167400545342673e+01
2.366295281787964555e+01
2.363718739537736013e+01
2.360057717000365685e+01
2.357306410215371173e+01
2.354977797475898171e+01
2.352801196510338144e+01
2.349928229983087746e+01
2.348699223574905659e+01
2.347779325914346771e+01
2.347320387149782306e+01
2.347059925155437554e+01
2.346441855003091703e+01
2.347559502917347629e+01
2.347383353471464673e+01
2.348900229231829329e+01
2.350512078653475001e+01
2.352399387329091240e+01
2.354761712221244352e+01
2.357858331223734538e+01
2.362195428223539651e+01
2.367731977783329356e+01
2.374134416807678605e+01
2.380846022913318905e+01
2.388463827462555145e+01
2.396718991313637659e+01
2.406055032223486378e+01
2.415129709403387892e+01
2.426923751434400600e+01
2.439190838127448302e+01
2.453601876692992789e+01
2.470715931981784408e+01
2.488871322880841674e+01
2.509991772753316752e+01
2.532998997807274222e+01
2.559979855052507247e+01
2.589447104794803423e+01
2.622741454236360070e+01
2.660410369273440523e+01
2.703477785780216180e+01
2.751938099413707661e+01
2.805482455382801632e+01
2.865027394568226882e+01
2.932471612868457100e+01
3.002186257277290338e+01
3.077193702095694761e+01
3.153466622049351997e+01
3.229714636374140468e+01
3.299486747615474513e+01
3.359580471729837825e+01
3.403777569629993138e+01
3.427605312195996135e+01
3.424728655570871894e+01
3.391155544002745614e+01
3.323274770683137547e+01
3.216160144966568879e+01
3.075083529971775675e+01
2.898352258408049664e+01
2.691388814326788648e+01
2.463543627381858414e+01
2.215767053923655183e+01
1.956766380693100160e+01
1.700025768695794781e+01
1.449478668026026007e+01
1.211607370687591612e+01
9.954506653114234993e+00
8.029922705628241175e+00
6.337980285696018790e+00
