9.027376609242041550e-01
1.290193570313224791e+00
1.467454681284578566e+00
1.583298422588963472e+00
1.677984534225245739e+00
1.754856357539743561e+00
1.819998041113640053e+00
1.875939317702477460e+00
1.931662836789295845e+00
1.978220262374094540e+00
2.029989463396129512e+00
2.074461257473918518e+00
2.121028602331409552e+00
2.169432157986578957e+00
2.217550468683453513e+00
2.265329773626605814e+00
2.319228538568326226e+00
2.372108358051828070e+00
2.438101206311246827e+00
2.499731341656478367e+00
2.571125254576121399e+00
2.640455952735119016e+00
2.719930225288461845e+00
2.809469790203695805e+00
2.908168419737646282e+00
3.018524245132683248e+00
3.127625181606186189e+00
3.262101530815516792e+00
3.405561350213772265e+00
3.560271857953995145e+00
3.732176548713737940e+00
3.914523119712562949e+00
4.117578757068609541e+00
4.339987201935281647e+00
4.575127228185778883e+00
4.840768170284811767e+00
5.108642222357318019e+00
5.420900737897827781e+00
5.745028330746936085e+00
6.091036934027630245e+00
6.457138451445175065e+00
6.856772741123210224e+00
7.275524128292147452e+00
7.718200100760253868e+00
8.188131282202952832e+00
8.689702443974752555e+00
9.209850366205497352e+00
9.747378044713187251e+00
1.031047919360200460e+01
1.089907672022975937e+01
1.151530892450354138e+01
1.213996915436217883e+01
1.277992354662201713e+01
1.344341679103348142e+01
1.411273998270696950e+01
1.479464382712111004e+01
1.547715846098645720e+01
1.618224390861429285e+01
1.690114716764300695e+01
1.760669670776866624e+01
1.832244969192133510e+01
1.904009053346998570e+01
1.975364929667111014e+01
2.046059770584033188e+01
2.116302712471077996e+01
2.185756024990210022e+01
2.254614401821193326e+01
2.322479657951859622e+01
2.390110811875483066e+01
2.454925211353980430e+01
2.518075300694762575e+01
2.580875849258607602e+01
2.640960711056142785e+01
2.700036981373506251e+01
2.756732497589243991e+01
2.810798635688410840e+01
2.863184994644832315e+01
2.915296305674294786e+01
2.963498835958965927e+01
3.010786845718951810e+01
3.054753123366365131e+01
3.096837282374625744e+01
3.138692936645980325e+01
3.177190399654080721e+01
3.213142324417013640e+01
3.247496685087432411e+01
3.279445442295357793e+01
3.310438145169881352e+01
3.339288558278158803e+01
3.366146655012143896e+01
3.390374459124110018e+01
3.413145775303506468e+01
3.434339125413409022e+01
3.454164325291088034e+01
3.472716710988142097e+01
3.488961453127292600e+01
3.502955327422947107e+01
3.516551162408976694e+01
3.527205856772321368e+01
3.539415767624937104e+01
3.548099004831335890e+01
3.557921085391109273e+01
3.564723197309447045e+01
3.570462992472944563e+01
3.574878023442312269e+01
3.579187923560967022e+01
3.582859435298084350e+01
3.585119863995927147e+01
3.587168681714230445e+01
3.589132516432658804e+01
3.587310742245617234e+01
3.587209582956701581e+01
3.585646362647231200e+01
3.583794733590849546e+01
3.581984462314365203e+01
3.580315825709621436e+01
3.576983203683963097e+01
3.574130000158682918e+01
3.569038904491329589e+01
3.565219714730410061e+01
3.560349179411544895e+01
3.555544745875459256e+01
3.549489744905370259e+01
3.542459964959082441e+01
3.536848112006126144e+01
3.530488074594414627e+01
3.523086108045262677e+01
3.516855834257718527e+01
3.509549446313058496e+01
3.502483364158896251e+01
3.495269914345723805e+01
3.487181807041294945e+01
3.480286618459329873e+01
3.472217425014412839e+01
3.463242560620402344e+01
3.457224920487860231e+01
3.448188498218401321e+01
3.439387650102656124e+01
3.430081457786108246e+01
3.422982591208216974e+01
3.414359901042885070e+01
3.405264027896348722e+01
3.396687548789356015e+01
3.387701913988012592e+01
3.378802994508234292e+01
3.368859215011968899e+01
3.359852934192727503e+01
3.351710431571905957e+01
3.343079525453241274e+01
3.334106509200279334e+01
3.323452922422433176e+01
3.315910465464275347e+01
3.305865418381145560e+01
3.296015893217011694e+01
3.286952918053727046e+01
3.277421078898378681e+01
3.266965061756288691e+01
3.258208956577103521e+01
3.248487726480671967e+01
3.239546691938281242e+01
3.229430996872743265e+01
3.218976904817762374e+01
3.210657712844117384e+01
3.200346031830358839e+01
3.191369949351500779e+01
3.180787623879511372e+01
3.171640927820617506e+01
3.160884534864001694e+01
3.150840452632837696e+01
3.141735038958863413e+01
3.131757474919469075e+01
3.122263131588945129e+01
3.112768419532341468e+01
3.103717417236070020e+01
3.093407229168923678e+01
3.084552550416747962e+01
3.073284659806946451e+01
3.063076807989957473e+01
3.053778517294375305e+01
3.044322528213337620e+01
3.034677710678042573e+01
3.024431597333716937e+01
3.015440508896501726e+01
3.004293829265717619e+01
2.995115140351605021e+01
2.985581262661046864e+01
2.975768519255523969e+01
2.966225329662485777e+01
2.956203225929862555e+01
2.946388122723941194e+01
2.937411686293159008e+01
2.926680387280573825e+01
2.917322630745220735e+01
2.906393475123335435e+01
2.897837864920710871e+01
2.888066687416093714e+01
2.877541423828335709e+01
2.868963886910000838e+01
2.858438525781289385e+01
2.848651381751862743e+01
2.839110939341238193e+01
2.829748804906634518e+01
2.819144328438263969e+01
2.809480612616399497e+01
2.801190762069519025e+01
2.791833409555507473e+01
2.782040036162721108e+01
2.772889784415698244e+01
2.763833887910948661e+01
2.754346478637598494e+01
2.745653141293281863e+01
2.737405126127862331e+01
2.727194749924723993e+01
2.718577079165789456e+01
2.710272550041341688e+01
2.700683868793023379e+01
2.690708596991053625e+01
2.683015200556782887e+01
2.673119007179786877e+01
2.664437698552341161e+01
2.655413210245664501e+01
2.647542362087984102e+01
2.638263141537644785e+01
2.629941200786465316e+01
2.620868038306414149e+01
2.612870019337108474e+01
2.604579910937609810e+01
2.595997077030894928e+01
2.588703117050702218e+01
2.580093051834080953e+01
2.570923157637865941e+01
2.564258731514381751e+01
2.556202580819314463e+01
2.548978092022993991e+01
2.540999841570083362e+01
2.533465300259471675e+01
2.525418340868077394e+01
2.517877104303789793e+01
2.510695775686207654e+01
2.503002861589419226e+01
2.495881768637462983e+01
2.487734949284205754e+01
2.480055077344671588e+01
2.472822342887394598e+01
2.465578372795572193e+01
2.459492020175500926e+01
2.452097617525143392e+01
2.445193057037872109e+01
2.438010036557914262e+01
2.431211351047798175e+01
2.425473815412855316e+01
2.419923870098676844e+01
2.413258130789248312e+01
2.406953870495841841e+01
2.399999431039343278e+01
2.394187320873066938e+01
2.388098225747365078e+01
2.382572635630526037e+01
2.377247209636107783e+01
2.371281750774226538e+01
2.367186557970107685e+01
2.361117919739050208e+01
2.356219056389141286e+01
2.351570149456789949e+01
2.346550121514014009e+01
2.342499924555959723e+01
2.337908160736939678e+01
2.334545168849498964e+01
2.330228849397675717e+01
2.326890638844093928e+01
2.323375025964539731e+01
2.319964637805791341e+01
2.316955751021804133e+01
2.313283482065267549e+01
2.310940437204312303e+01
2.308440666585416068e+01
2.306246994413272944e+01
2.304376918366237348e+01
2.302399145376721279e+01
2.301723593636104681e+01
2.299581815211692515e+01
2.299256747381219057e+01
2.298750350005198229e+01
2.298979279408399634e+01
2.298793221955625299e+01
2.299492612218413967e+01
2.300985483764033646e+01
2.301842920989773233e+01
2.305496970638460752e+01
2.308055350945844353e+01
2.309806237547949692e+01
2.315133146840859979e+01
2.318643280995735978e+01
2.323871639837311776e+01
2.329939898045945057e+01
2.336383649318569766e+01
2.344668677459916140e+01
2.352409572767440693e+01
2.361959773072688762e+01
2.372148326969135823e+01
2.383892264926393167e+01
2.397936566660741420e+01
2.413799839044090945e+01
2.430367494737377854e+01
2.449037288233334664e+01
2.470395556231741097e+01
2.493900628004306697e+01
2.520776190230133906e+01
2.551123587663743919e+01
2.583810080154015409e+01
2.621799479522844933e+01
2.665087159378336779e+01
2.712400375231961291e+01
2.765570861235540789e+01
2.824686397953799499e+01
2.890155582426558212e+01
2.960587172211424445e+01
3.035089799354391715e+01
3.110639841030549491e+01
3.184914037142074861e+01
3.255007592821274187e+01
3.313419287877286479e+01
3.357815910801848247e+01
3.382506376357145683e+01
3.378340924916087573e+01
3.346598210067227797e+01
3.278982800695314381e+01
3.173419731669604005e+01
3.034880538036792075e+01
2.864246239408348416e+01
2.660946565390009511e+01
2.431176182849343093e+01
2.185749928795537755e+01
1.933218197922885651e+01
1.679438999126290710e+01
1.430430612249185351e+01
1.197153623193590910e+01
9.834092741507499014e+00
7.925677610000104956e+00
6.255241708122550648e+00
