1.500732987774660021e-01
2.741822568565507878e-01
3.842522085742274274e-01
4.756473124529974061e-01
5.447307513202516160e-01
6.019842074989786296e-01
6.523762480461866575e-01
6.948560776128355210e-01
7.283780999314016791e-01
7.619571477105143709e-01
7.900419876796367369e-01
8.154639590768666402e-01
8.396723964981783750e-01
8.613577710585899050e-01
8.833193682813545999e-01
9.018115270400655081e-01
9.166388038460577814e-01
9.349197537000754066e-01
9.516841840246824669e-01
9.632256299457353510e-01
9.801847709124470454e-01
9.908486988982377897e-01
1.005273943312524176e+00
1.018220941169823535e+00
1.028528477860692680e+00
1.043499627987473755e+00
1.053698877392187594e+00
1.063253778487957435e+00
1.075286034842897642e+00
1.090785540518191210e+00
1.098522329688657706e+00
1.104751308404949839e+00
1.118253949655147572e+00
1.129678915885908186e+00
1.138525411225731920e+00
1.153198029316667039e+00
1.165785730095020956e+00
1.175249908940945387e+00
1.186976311089322333e+00
1.202366632607055230e+00
1.216483843249653418e+00
1.232007417203180522e+00
1.247460310958981911e+00
1.263476986492432008e+00
1.282732091606928693e+00
1.306036140588795691e+00
1.326118507048773099e+00
1.351316170566122965e+00
1.377963627595932605e+00
1.409110533144600996e+00
1.446296616074211672e+00
1.485810127354353583e+00
1.531607991744937003e+00
1.581129771896700342e+00
1.634570277903705016e+00
1.696643274961331382e+00
1.765986894644535399e+00
1.838629201830615179e+00
1.924142860325003035e+00
2.017202852838291705e+00
2.115487619713182887e+00
2.229065048406107419e+00
2.352718875798879505e+00
2.484762856680684973e+00
2.627943275680696633e+00
2.784391294744672951e+00
2.951263491890500301e+00
3.128109454423222413e+00
3.321772404160030057e+00
3.527491847596165186e+00
3.742902279501239438e+00
3.974659668415086777e+00
4.216743955576100156e+00
4.471449572283971108e+00
4.743863315751081444e+00
5.017517642972739722e+00
5.311571688706751004e+00
5.608411087737726675e+00
5.923475141352574802e+00
6.243698276652706269e+00
6.571651790122465364e+00
6.905918928019654679e+00
7.252357037681766094e+00
7.605479816097296286e+00
7.963348473668517613e+00
8.328295415708170779e+00
8.688610884038233451e+00
9.056938022958451739e+00
9.431423571929526517e+00
9.802010866432718572e+00
1.017953128537159557e+01
1.055369520686910967e+01
1.093440580615455993e+01
1.131192233056508734e+01
1.168807902302795831e+01
1.205879892254972141e+01
1.242397579357390747e+01
1.279581585124194554e+01
1.315322909275630003e+01
1.350218305716650669e+01
1.385261736689070666e+01
1.419829685902128880e+01
1.454326630759003791e+01
1.487224645437019888e+01
1.518935474820326981e+01
1.551098337388613402e+01
1.582349061139911228e+01
1.612768429206058229e+01
1.642159008768061668e+01
1.671312379244057666e+01
1.700105743177675421e+01
1.726552003059173401e+01
1.753719933210765092e+01
1.778891623646201836e+01
1.803420281390922142e+01
1.828136143126925006e+01
1.850865538952386657e+01
1.873230180996736038e+01
1.895316892315080537e+01
1.915540612610677940e+01
1.935608399127962542e+01
1.954408578494631499e+01
1.972725681692539368e+01
1.990446286188051772e+01
2.007181260741680617e+01
2.022054835841460374e+01
2.037293830070732170e+01
2.051902369728070141e+01
2.065980590039502118e+01
2.078883940825280519e+01
2.090164133436491767e+01
2.103257623078489047e+01
2.113795316757410347e+01
2.123851404889943595e+01
2.134131753422458644e+01
2.143559023502909966e+01
2.151852867875094333e+01
2.159626443943381702e+01
2.167755862817112700e+01
2.175105078874269182e+01
2.181617139999178079e+01
2.188296938082489262e+01
2.194425521348017938e+01
2.198105825870500851e+01
2.203548150245739023e+01
2.208055854579072985e+01
2.212478324271508612e+01
2.216266380477766873e+01
2.219871455073376154e+01
2.221769501391677437e+01
2.225072290405616116e+01
2.227091075109226637e+01
2.229274162498813894e+01
2.231834299992088333e+01
2.232481906827041129e+01
2.233205946045878676e+01
2.234719593500849300e+01
2.235736699542044903e+01
2.237066745014524827e+01
2.236664833395595053e+01
2.237038312469810819e+01
2.236938175491452441e+01
2.236579852706930183e+01
2.236895022465920135e+01
2.236921740350219423e+01
2.236325134013805638e+01
2.235515415711187615e+01
2.234742485714341953e+01
2.233387572175434599e+01
2.231802126653862217e+01
2.230849315112771691e+01
2.229965083024602279e+01
2.227836654764083946e+01
2.226817506845478434e+01
2.225575437555383473e+01
2.223947989866586283e+01
2.223002329698253732e+01
2.220850520101989645e+01
2.218641329780733074e+01
2.217031617042331959e+01
2.216684931607971265e+01
2.213857906065332770e+01
2.211769697783655175e+01
2.209957763966562538e+01
2.208139567597901021e+01
2.204998856483332403e+01
2.203144410727880853e+01
2.201322938663656714e+01
2.199536957106836965e+01
2.196624309285774856e+01
2.194179544687123951e+01
2.191380745168949318e+01
2.189606300779298209e+01
2.187130374759107809e+01
2.185361389190281756e+01
2.183145753097787178e+01
2.180615221775617130e+01
2.178363111780896233e+01
2.175110292391961408e+01
2.173069231896586118e+01
2.170977598484640225e+01
2.168554001402615228e+01
2.165482568594116231e+01
2.163630796160276404e+01
2.160855920075764658e+01
2.158328973606171530e+01
2.156388234124431591e+01
2.153376098214755885e+01
2.150456425985759523e+01
2.148216365027414199e+01
2.146082639671570291e+01
2.142884610614395768e+01
2.140013410658787762e+01
2.137699889422950861e+01
2.133919600956101803e+01
2.132170507448465813e+01
2.129784417847102418e+01
2.127946114338217498e+01
2.124833585145039550e+01
2.122693149174552119e+01
2.120467125405081177e+01
2.118294534971477816e+01
2.115754654139085034e+01
2.112421614940872416e+01
2.109898076510398823e+01
2.107003237287075237e+01
2.103829019422043345e+01
2.101007884649280655e+01
2.098206191179639291e+01
2.095848647379241925e+01
2.093404053128505282e+01
2.091505612962554750e+01
2.089172938165797078e+01
2.086636016389157078e+01
2.084018261127407001e+01
2.080538973313069206e+01
2.079918935190793050e+01
2.077067930497884518e+01
2.074271523166056141e+01
2.071267803436563426e+01
2.069488403439765989e+01
2.067043356889157479e+01
2.065203747023715053e+01
2.063444976736203884e+01
2.060845861263009837e+01
2.057968876388823887e+01
2.056677982888422207e+01
2.055434104597545542e+01
2.052610112579855794e+01
2.050017141796354281e+01
2.046835108496658506e+01
2.045230631958962420e+01
2.043050920476324350e+01
2.041618255833801854e+01
2.039902978951147716e+01
2.037872198648155475e+01
2.036573205776816309e+01
2.035915390738923492e+01
2.034226035630616281e+01
2.033032965960006422e+01
2.031211973352925426e+01
2.030534408524430745e+01
2.029510598957643808e+01
2.028518591879493016e+01
2.026440306575048211e+01
2.025180893471671695e+01
2.023693819410360106e+01
2.023415725884403216e+01
2.023030381751797435e+01
2.023156105301593044e+01
2.023347663033525734e+01
2.022389024137387636e+01
2.022538699172633159e+01
2.022526926999926644e+01
2.023103706211277597e+01
2.024196060484058535e+01
2.024450187431337156e+01
2.025641608522797199e+01
2.027842388533362694e+01
2.029205658812234603e+01
2.030906622158583019e+01
2.032641086550982124e+01
2.035065552108037323e+01
2.037478944349213350e+01
2.040043118510778797e+01
2.043745478771080926e+01
2.046997292304877192e+01
2.050725978643687597e+01
2.055738583732262370e+01
2.060852709631292967e+01
2.065525001686841833e+01
2.070737049896445825e+01
2.077067840343147864e+01
2.084563477817902921e+01
2.093032211198163139e+01
2.102289947940482406e+01
2.111398659408225598e+01
2.121055806783022746e+01
2.132055100497482769e+01
2.143472559777444886e+01
2.156793556613927976e+01
2.171272450875298432e+01
2.188208211696272443e+01
2.205034100981107059e+01
2.224319364950438072e+01
2.245150754458941478e+01
2.268783949079660545e+01
2.294821274472340633e+01
2.324876700288362841e+01
2.357478348898544596e+01
2.396144925796685854e+01
2.437316983829379780e+01
2.482971130116804659e+01
2.534259560907921482e+01
2.590703948322279260e+01
2.654061507138001730e+01
2.721951307576485135e+01
2.792612916145198554e+01
2.863884193245021237e+01
2.934951912603742130e+01
3.000610824211122818e+01
3.055971961812212712e+01
3.099924425511590087e+01
3.124829766039777468e+01
3.125332627802649554e+01
3.096841036718859996e+01
3.033549928775206439e+01
2.941589848412517227e+01
2.812030956419455663e+01
2.650796823595129226e+01
2.460753046757956852e+01
2.251108607715918453e+01
2.024608973590058625e+01
1.790345471660033994e+01
1.556536684286740879e+01
1.327060729660561833e+01
1.110650647548324699e+01
9.122128938991892255e+00
7.340955126687126686e+00
5.802322136812464670e+00
