1.144016507953554651e+02
1.162616553125588155e+02
1.165199380729323622e+02
1.166733283192172479e+02
1.167766924031960798e+02
1.167806384547575504e+02
1.167752021992913711e+02
1.167087584893031220e+02
1.165997397503100359e+02
1.164058500726958982e+02
1.161556622393189002e+02
1.158932124605315153e+02
1.155421783191319776e+02
1.151301125461657051e+02
1.146433034231226458e+02
1.140961144933835953e+02
1.134846040496434938e+02
1.128163828875858883e+02
1.120709714598524727e+02
1.112797366448075991e+02
1.104065404159015316e+02
1.095058372380987919e+02
1.085132811135970883e+02
1.074736446475744884e+02
1.064127925311474598e+02
1.052601675660844478e+02
1.040613020227639254e+02
1.028171520915727228e+02
1.015378835327058340e+02
1.002425753090301583e+02
9.891727442510638468e+01
9.756251157712416955e+01
9.617029348357554852e+01
9.475644914552643172e+01
9.331932786790859780e+01
9.191076152754669693e+01
9.046661939848200973e+01
8.902304012398789723e+01
8.757582774252162494e+01
8.613397785384631788e+01
8.470409338614091155e+01
8.328329023924129615e+01
8.186544927201275357e+01
8.044988273435149040e+01
7.906523785467265952e+01
7.769349276760426903e+01
7.634572002746600106e+01
7.501020361858888919e+01
7.372214646439149988e+01
7.243552371297001002e+01
7.118495656923543891e+01
6.995268773248345440e+01
6.875083192001790167e+01
6.756997759679997273e+01
6.645146120073411566e+01
6.535910587526791460e+01
6.426599364716139462e+01
6.322145969514124175e+01
6.222397352859022135e+01
6.125630765264760669e+01
6.031884875811540070e+01
5.942104909725581763e+01
5.855340685046360250e+01
5.773635616978967988e+01
5.695137446117715285e+01
5.620942845385989983e+01
5.550080590363218391e+01
5.483609139203647231e+01
5.419706281021302630e+01
5.361525354940982879e+01
5.305449628948702667e+01
5.253511767279393752e+01
5.204815618984878256e+01
5.161765026763564634e+01
5.119835658221138885e+01
5.081451120126323673e+01
5.046666068101041702e+01
5.016515654422838821e+01
4.987337546229447582e+01
4.962703939412661924e+01
4.939997082550870999e+01
4.920154306428054980e+01
4.901745809811677645e+01
4.885279398284052377e+01
4.872478724710702380e+01
4.861492325485344423e+01
4.851766637799968152e+01
4.844948717344134792e+01
4.838328943574341423e+01
4.833103234959171601e+01
4.829524025311552293e+01
4.826263397866942739e+01
4.824700403634290069e+01
4.823315790295347227e+01
4.823656734304083926e+01
4.823149089661579580e+01
4.824895056860331977e+01
4.828638440030338330e+01
4.830483219819269181e+01
4.832942280905050580e+01
4.836369502659631081e+01
4.836276601489570481e+01
4.839507853032311857e+01
4.841996269203652759e+01
4.843527170592842168e+01
4.847502002694352541e+01
4.849388794013687232e+01
4.852315024728720516e+01
4.854360064448365364e+01
4.857122282903130639e+01
4.858541913309780824e+01
4.860942262115026580e+01
4.861553782938324275e+01
4.862931680834689985e+01
4.863409860006026264e+01
4.861816022553286132e+01
4.862409964648331595e+01
4.861467090946403147e+01
4.860584192207699772e+01
4.859205182537703394e+01
4.857256785048262770e+01
4.856215211177775615e+01
4.853231232081175506e+01
4.852728687707331545e+01
4.851710335121619977e+01
4.847768285068201521e+01
4.844270464275986399e+01
4.840579933594255380e+01
4.837438130010165338e+01
4.832098062920848491e+01
4.829973610776892912e+01
4.824991845384199252e+01
4.821405020395270213e+01
4.815175026114477674e+01
4.810102742358647276e+01
4.806262232847624460e+01
4.802684882952345902e+01
4.797412340440602918e+01
4.791484597301767678e+01
4.786432605693293851e+01
4.781874732622129898e+01
4.776544233635964076e+01
4.772253585931019160e+01
4.766342121316029790e+01
4.762489396967009014e+01
4.758411071261456016e+01
4.754392074637091525e+01
4.749646117995976624e+01
4.746620319818116940e+01
4.742935405462826992e+01
4.739480753847217187e+01
4.736814889407992268e+01
4.732668179566569933e+01
4.730265334326759330e+01
4.727431015044474805e+01
4.725845275747327179e+01
4.723967447865549474e+01
4.722771233706652794e+01
4.723546031377950527e+01
4.723842697563016202e+01
4.722805841811059935e+01
4.724071014141883040e+01
4.725963194484972973e+01
4.729448943753554602e+01
4.733559517789060322e+01
4.737296482154577859e+01
4.742249288639035854e+01
4.748675732958970741e+01
4.756386039300923585e+01
4.766292689487463718e+01
4.775174662778389489e+01
4.786078264770441848e+01
4.799926532599902629e+01
4.814623556081150468e+01
4.830815528969883843e+01
4.848674440953380582e+01
4.867608865961980769e+01
4.889977602259558864e+01
4.915345453261196695e+01
4.942571894548164835e+01
4.972660006130849553e+01
5.006628245843955938e+01
5.042696547325699896e+01
5.084119768636094250e+01
5.131255393807087017e+01
5.182044964999988679e+01
5.239335032904160983e+01
5.302124355710889603e+01
5.374317880612024112e+01
5.454408505772651949e+01
5.547189236435040982e+01
5.651106954511341485e+01
5.773720103168916040e+01
5.919070811719090131e+01
6.091280034951369515e+01
6.292017246915595763e+01
6.528585467995462466e+01
6.800132491685810976e+01
7.103850989972215757e+01
7.420821349971060954e+01
7.720377347731462692e+01
7.963481818942379675e+01
8.102763379843057123e+01
8.083979915118148085e+01
7.866785878333487858e+01
7.431048961758042992e+01
6.787300914654463213e+01
5.974086641951730314e+01
5.052112399718399161e+01
4.093867698820614720e+01
3.172393946717589230e+01
2.348966792307631479e+01
1.658171984949528621e+01
1.116779168269503231e+01
7.164927697992338196e+00
4.376460582636712893e+00
2.551751773912499299e+00
1.410685821529479300e+00
7.457467889416239393e-01
3.765563759282447576e-01
1.784707474430636820e-01
8.181111018738430885e-02
3.597020455720918025e-02
1.654911303741999490e-02
8.085133417517513174e-03
4.479034962045615707e-03
3.089967447854161196e-03
2.428183760635043657e-03
2.167504162773993288e-03
1.944242080607976996e-03
2.024808967865685937e-03
1.856779842312011397e-03
1.741493504764218261e-03
1.552650221426700797e-03
1.495379871084728460e-03
1.657024852539241890e-03
1.519543429844469199e-03
1.419066840903766618e-03
1.489815354119139630e-03
1.258208836107362841e-03
1.298586027866965474e-03
1.311023962155963762e-03
1.453699991648408924e-03
1.329345572049580888e-03
1.220855874944657814e-03
1.172403634124092892e-03
1.309256235309682725e-03
1.224460594898085352e-03
1.078701312064894377e-03
1.222570201246029904e-03
