1.143508516158132551e+02
1.161530140240613775e+02
1.163694185093050919e+02
1.164932066926400864e+02
1.165751067883593493e+02
1.165681889737172980e+02
1.165548523453752949e+02
1.164784154468456876e+02
1.163619869893152838e+02
1.161625533658922507e+02
1.159070608509641858e+02
1.156369690283405447e+02
1.152756438760213200e+02
1.148596555957227565e+02
1.143638175034691642e+02
1.138106917118398371e+02
1.131936833784842662e+02
1.125206590568796230e+02
1.117696494827062423e+02
1.109744766245184024e+02
1.100960242765120825e+02
1.091877927659062095e+02
1.081920850786528518e+02
1.071508492514975615e+02
1.060851740069038414e+02
1.049318608797159555e+02
1.037312516513886749e+02
1.024799563922825030e+02
1.011978189692511592e+02
9.990049863338185787e+01
9.856984555870023712e+01
9.721055474280721853e+01
9.581569254084327270e+01
9.439944206890714895e+01
9.295760246082414824e+01
9.154041415017265138e+01
9.009047667632140133e+01
8.864540616062301126e+01
8.719142896257343978e+01
8.574560379370720398e+01
8.430798526029118989e+01
8.287829178863064783e+01
8.144734036986427839e+01
8.002554212805161171e+01
7.863071037040170097e+01
7.724664373923434368e+01
7.588393060678068025e+01
7.453166377341182169e+01
7.321914497307540159e+01
7.190959032297583065e+01
7.063351573881068646e+01
6.936989026438229189e+01
6.813242381343657428e+01
6.690660177955716392e+01
6.574228823643355213e+01
6.459128122977425335e+01
6.343478569403863787e+01
6.231286834455777779e+01
6.123143352974172871e+01
6.016963207935017977e+01
5.912178299843069595e+01
5.810226449700527240e+01
5.709764785391977426e+01
5.613348332294717125e+01
5.518785673304507355e+01
5.426695099961563784e+01
5.336563622121320805e+01
5.248722822736552018e+01
5.162017294672294554e+01
5.079785544148292331e+01
4.997705183531497397e+01
4.917886420077145715e+01
4.840224004543668457e+01
4.766150772930830470e+01
4.691717203937422909e+01
4.620359976914107136e+01
4.550957785058134419e+01
4.483446274538879806e+01
4.417347865057482181e+01
4.354225118932999550e+01
4.292108570485149244e+01
4.231997494693172257e+01
4.173136820824629467e+01
4.116416610551560495e+01
4.062410871336765439e+01
4.010015707308433974e+01
3.959232494224690413e+01
3.910532291926826076e+01
3.863016069492446292e+01
3.816669034547054906e+01
3.773053326625083059e+01
3.730654048969263670e+01
3.690656223583302165e+01
3.650487452442860814e+01
3.614903178203635292e+01
3.579214877260885430e+01
3.546301523808433132e+01
3.516007533158393272e+01
3.484882090747092320e+01
3.456775207000686123e+01
3.430048506514501128e+01
3.403392801860614014e+01
3.380713819720552493e+01
3.359581427405257870e+01
3.338277788590476547e+01
3.320318066495431708e+01
3.302265230381713934e+01
3.286571123217491674e+01
3.271728453615664733e+01
3.259330298484358934e+01
3.247390980494223811e+01
3.237325245550207597e+01
3.227919260034975935e+01
3.221088684569721750e+01
3.213817777682430687e+01
3.206374138717357880e+01
3.202293814267618899e+01
3.197736952844367408e+01
3.194718272155882133e+01
3.194339679992194192e+01
3.192306878971533024e+01
3.191934444768262225e+01
3.192687715297705253e+01
3.194886403551382159e+01
3.198292974276924028e+01
3.199960569892629891e+01
3.203294072901302059e+01
3.207937142701770483e+01
3.213922085987469757e+01
3.218258997749907024e+01
3.225048921424910731e+01
3.231592651163030183e+01
3.237755033813293437e+01
3.244540009385143975e+01
3.250995611631601889e+01
3.258754951060219440e+01
3.269159107810921938e+01
3.277532566418991422e+01
3.286165903394346799e+01
3.295855583430988389e+01
3.306114739933926927e+01
3.315666775320548254e+01
3.325591372936914070e+01
3.335428742622734433e+01
3.346646070826988506e+01
3.359020838831497002e+01
3.370017151676733391e+01
3.380724227852054753e+01
3.391779168401577493e+01
3.403609871770095197e+01
3.416203786449667490e+01
3.428893612788699841e+01
3.441140862195332772e+01
3.454397227425931760e+01
3.468636775565158814e+01
3.482580634533282193e+01
3.495796136148036481e+01
3.509964929521147781e+01
3.524040703569440325e+01
3.539746152638667809e+01
3.554180062490950576e+01
3.569308912502145859e+01
3.586169609426488591e+01
3.603011776579121772e+01
3.621185073350704897e+01
3.638825555069608697e+01
3.657690740946109287e+01
3.677500634795048740e+01
3.697372372547127384e+01
3.719538626725520913e+01
3.741186264184150190e+01
3.764062815760804881e+01
3.788145312240359175e+01
3.813707487039658162e+01
3.840345883504293312e+01
3.869585208112238206e+01
3.898622772782836421e+01
3.929800586945051322e+01
3.963005061968766540e+01
3.999741695160656008e+01
4.037366265682528876e+01
4.078499792246398670e+01
4.122457865039918801e+01
4.169598223344564047e+01
4.222003028038270145e+01
4.277212947870366122e+01
4.337719003913822036e+01
4.404093674627678467e+01
4.477659363086345223e+01
4.558649493778520423e+01
4.648953784089781038e+01
4.751052909832409199e+01
4.869983223015801599e+01
5.006366358201898947e+01
5.167873984711016533e+01
5.353778238431751646e+01
5.572051171176084239e+01
5.821165887709672404e+01
6.095438765032555750e+01
6.382315786893489928e+01
6.654186344475181158e+01
6.877635030522129966e+01
7.008768048020351671e+01
7.003713082915018617e+01
6.823632744210259204e+01
6.452849548527258605e+01
5.902104380087774871e+01
5.200267845728129146e+01
4.399436514217754279e+01
3.566291240714477340e+01
2.763923774495102137e+01
2.048534352388021773e+01
1.448463448145211174e+01
9.744815127151701617e+00
6.246098216181459328e+00
3.820892919500670004e+00
2.222452377825722802e+00
1.230532347065663279e+00
6.535361230087664008e-01
3.291396426908644313e-01
1.555280645647663940e-01
7.195323192244501564e-02
3.216593824482721214e-02
1.458908450426983638e-02
7.267519410015286542e-03
4.022232586352963296e-03
2.885309654500039199e-03
2.413673692595567563e-03
2.251308856052385704e-03
1.899328889499774659e-03
1.931141089090628255e-03
1.843747022700331596e-03
1.847029097644492784e-03
1.770084464089404170e-03
1.379499730640996015e-03
1.584667319319071725e-03
1.695295328148684966e-03
1.337055427749330502e-03
1.505154862568482653e-03
1.312830987375038141e-03
1.386656443843161226e-03
1.298231541894398662e-03
1.416204349627763490e-03
1.236314597839879457e-03
1.229514921129557089e-03
1.215374376567835259e-03
1.312030459325048103e-03
1.205447016022857419e-03
1.126871491174522705e-03
1.158608359639533639e-03
