9.300406288709852642e-01
1.234736804379961361e+00
1.413410477395198983e+00
1.546635648456550660e+00
1.658732645710006448e+00
1.746310527998006012e+00
1.828159206456534847e+00
1.906876039037317616e+00
1.975744600100229453e+00
2.042462951085466827e+00
2.108850914729910819e+00
2.176298500853107942e+00
2.243724650088120942e+00
2.318771724310980886e+00
2.393659158151705491e+00
2.468363228232262951e+00
2.557446927460473862e+00
2.652228567112643987e+00
2.759488821178390339e+00
2.873160883841703317e+00
3.001025749161061906e+00
3.148370459278234890e+00
3.305138087448971973e+00
3.478200479042964144e+00
3.682575886486857186e+00
3.895374838607594370e+00
4.136719199623698273e+00
4.411123058069541081e+00
4.712417071206751018e+00
5.045835363735362122e+00
5.406862790532557916e+00
5.811702020335733465e+00
6.247927497502073990e+00
6.722891862269975150e+00
7.242872920972886597e+00
7.805468704742047237e+00
8.406214774210386764e+00
9.063842863423555940e+00
9.758588009237490368e+00
1.049189188879387657e+01
1.127270593063616566e+01
1.209404957162691296e+01
1.295619310154832782e+01
1.385150060833632679e+01
1.478439053587592333e+01
1.575385155422431183e+01
1.674670309361765774e+01
1.777266964828081797e+01
1.881252907947152764e+01
1.986227504702844371e+01
2.094132104104047443e+01
2.202359763728838260e+01
2.310990295760198165e+01
2.420062092102558182e+01
2.528219859719165186e+01
2.636005358192977610e+01
2.742570246882696239e+01
2.847704590504270783e+01
2.950344294215793894e+01
3.050723188540759168e+01
3.149203406949119710e+01
3.244889985557925627e+01
3.338755336643082927e+01
3.428488081268631760e+01
3.515836020563702391e+01
3.599433863587967153e+01
3.680124250218926818e+01
3.756872436523913450e+01
3.829439946900630076e+01
3.898078970363980744e+01
3.964111546665537844e+01
4.027624448801538648e+01
4.086744515951751566e+01
4.143063603627803815e+01
4.195183453637173443e+01
4.244235507939005458e+01
4.289124211445258084e+01
4.330153374216991580e+01
4.369517571220362839e+01
4.403954224104986537e+01
4.437489855594795785e+01
4.468376746966815460e+01
4.495208419272596245e+01
4.520543249292394705e+01
4.542729985509205903e+01
4.563938113645122030e+01
4.582375031650676078e+01
4.600938132358029975e+01
4.615101482467611760e+01
4.628707405832135180e+01
4.637328519401554416e+01
4.648511643088036038e+01
4.656197063593367602e+01
4.664733853177693135e+01
4.670227844944939477e+01
4.674902376970492668e+01
4.678326121818276562e+01
4.681577209014059804e+01
4.683158384898975157e+01
4.685149130444092691e+01
4.684492713130913444e+01
4.686048249645964603e+01
4.685550475380392754e+01
4.684363039544133045e+01
4.682039963109350111e+01
4.680074947501739047e+01
4.677513252930634735e+01
4.673847832170795158e+01
4.671643168380339972e+01
4.668424749862886358e+01
4.663640966594105919e+01
4.660766297632024902e+01
4.656279636512150688e+01
4.651625519109243356e+01
4.645654907575425341e+01
4.641417111775332671e+01
4.636255046573244698e+01
4.631048874638905488e+01
4.624586848060136646e+01
4.620199783980034169e+01
4.615546391051547914e+01
4.610701001050659897e+01
4.604760197845410374e+01
4.599779485600520701e+01
4.594278788711655181e+01
4.588471940066150268e+01
4.582624362077748259e+01
4.577752049110517873e+01
4.572591855245115511e+01
4.567914512920013692e+01
4.562692221004822812e+01
4.557433293037033906e+01
4.553565615591476501e+01
4.548325507380548061e+01
4.543483964558701871e+01
4.538437872794547445e+01
4.533238514878996028e+01
4.529368617510054662e+01
4.525862064168935461e+01
4.522068897338409244e+01
4.517330351200879335e+01
4.513243972935212156e+01
4.510316777413471812e+01
4.507528817270100774e+01
4.502698151998766463e+01
4.499035100314895175e+01
4.496205290636600438e+01
4.493553269539961548e+01
4.490354597615255727e+01
4.487457157557064846e+01
4.487437860011059598e+01
4.485656878182710017e+01
4.485005051634443163e+01
4.485192124141428849e+01
4.485215069488574358e+01
4.485676760957206710e+01
4.485434577938838885e+01
4.486074059861179109e+01
4.487593834247291369e+01
4.489705366489684479e+01
4.493410768644563547e+01
4.497971654966731592e+01
4.501231816952619624e+01
4.507398548242445457e+01
4.512062230355721937e+01
4.519080082466988557e+01
4.525013578306582218e+01
4.532779932152954672e+01
4.542845722944436204e+01
4.554502882705732247e+01
4.565561125458171432e+01
4.578545302703281550e+01
4.592852880472437249e+01
4.608031541152305977e+01
4.627015468676150078e+01
4.646291999371375425e+01
4.667855401908428092e+01
4.692005931499910076e+01
4.716670318370469772e+01
4.746096814451544077e+01
4.778814582998536764e+01
4.813070880970551713e+01
4.852078769405287773e+01
4.893926688341450415e+01
4.941817761954963828e+01
4.990867382441323485e+01
5.049134964176285933e+01
5.115434350596959234e+01
5.186476126864507563e+01
5.265915401543801266e+01
5.357244968396139484e+01
5.461620201832199939e+01
5.582771669148958438e+01
5.725453309873254426e+01
5.892981135296695783e+01
6.091056758994507447e+01
6.323893893234458830e+01
6.592331899717521537e+01
6.887823959181572775e+01
7.199775617931011595e+01
7.493896621051126772e+01
7.731735457199128803e+01
7.870103150526806246e+01
7.854076649900946450e+01
7.639627557596463703e+01
7.223011266582194878e+01
6.604599090494021141e+01
5.812384948402991824e+01
4.908706390463731140e+01
3.982026782457795377e+01
3.085818550182813524e+01
2.284911456452749690e+01
1.612864213373697808e+01
1.086943643231486689e+01
6.966850238511375082e+00
4.255674961248148591e+00
2.487144264452076481e+00
1.379710004335370721e+00
7.328008970006008038e-01
3.680058824196995038e-01
1.784472098754406322e-01
8.022201595972776322e-02
3.639699142296795586e-02
1.558432654285480182e-02
7.912109891403814113e-03
4.234232234192636737e-03
2.743344537612436764e-03
2.126626588133957284e-03
2.147809339984785206e-03
2.060308301803205101e-03
2.026687376314949794e-03
1.874209023050038602e-03
1.874538706439837429e-03
1.759831271975404333e-03
1.725973813999454216e-03
1.681196902610755271e-03
1.549418389703601743e-03
1.534908694126679287e-03
1.492280460970223490e-03
1.460718445615253203e-03
1.519651191536074879e-03
1.345785978030203866e-03
1.346349608806272696e-03
1.303359770783872520e-03
1.371138953614291526e-03
1.139060900223353660e-03
1.065724284921800661e-03
1.213250338083100279e-03
1.412862749253552402e-03
1.176262650568359134e-03
