1.421677321875162436e-01
2.664117465001213381e-01
3.811110642390136971e-01
4.786275331838117930e-01
5.592197126883149405e-01
6.202768832298641843e-01
6.776169017239066505e-01
7.269162828589407210e-01
7.655494903328131651e-01
8.068041627303563779e-01
8.432187290668637925e-01
8.752692207953374215e-01
9.037620007117631582e-01
9.334541951141679395e-01
9.614027127722830635e-01
9.862843195245265537e-01
1.005308462027366678e+00
1.029104372577593907e+00
1.048290727640375231e+00
1.066574502406590907e+00
1.087719950272979075e+00
1.106631459035253284e+00
1.125891781859919227e+00
1.142814929143677771e+00
1.161978899786033192e+00
1.178469742455528824e+00
1.197761667232210225e+00
1.212347270695523171e+00
1.229495035253896029e+00
1.249781744430560337e+00
1.268011893019190373e+00
1.287101407658320262e+00
1.304940012848124997e+00
1.324133081197694350e+00
1.348894003413875664e+00
1.372136238512541073e+00
1.398005053722150448e+00
1.423686718413681218e+00
1.454142517983235683e+00
1.485698448737057031e+00
1.525688308779718838e+00
1.565307256349761422e+00
1.615547091890607190e+00
1.670373219889426775e+00
1.729335887201082222e+00
1.798273711600487879e+00
1.876753851335948298e+00
1.968799716061768068e+00
2.069741138860293095e+00
2.189602389422320883e+00
2.319666256258089199e+00
2.468372890197877645e+00
2.632358417320763255e+00
2.815255731514851867e+00
3.016769708147497564e+00
3.239344470551262845e+00
3.483366584748491590e+00
3.747829689178016732e+00
4.039262368274368242e+00
4.351852049005996648e+00
4.688957900218079011e+00
5.044807159104964356e+00
5.431554624827647615e+00
5.836415978422706097e+00
6.260784845421964562e+00
6.703416915891354577e+00
7.169585468870470990e+00
7.659286276283627792e+00
8.164096306350570487e+00
8.688074008041150265e+00
9.225510026044080547e+00
9.775916033662875648e+00
1.033742062648319582e+01
1.091123425149687343e+01
1.148433413251424717e+01
1.207014171171529426e+01
1.265825423883656597e+01
1.325518953159390279e+01
1.384854852966059369e+01
1.444175890607901636e+01
1.504675858340252148e+01
1.563407120895689495e+01
1.622237948060924495e+01
1.681039551566464141e+01
1.737729525888891402e+01
1.794569110992006244e+01
1.850888292665337431e+01
1.905830589717961132e+01
1.960179829109657135e+01
2.012453990654601199e+01
2.063639147158536602e+01
2.113454247312623124e+01
2.163015759986344122e+01
2.210305026600187972e+01
2.256195456872819349e+01
2.300134437001552712e+01
2.344673684011954151e+01
2.387530585543700923e+01
2.428193071685135607e+01
2.466652748360677805e+01
2.504851530208858179e+01
2.541611942250587219e+01
2.576131581746056654e+01
2.610152046612138221e+01
2.641864790288998321e+01
2.673067392909218043e+01
2.701852924879562323e+01
2.730376404938734680e+01
2.758159539107700198e+01
2.783603410653871890e+01
2.808119278567916055e+01
2.831191788247084062e+01
2.853296174738095559e+01
2.875240989645118717e+01
2.896798731633189661e+01
2.915474609917235327e+01
2.934130212226137502e+01
2.951313507723487817e+01
2.967665348500866784e+01
2.983616728753531788e+01
2.998694623428744421e+01
3.013268059951095879e+01
3.026500631129199803e+01
3.039963665319035258e+01
3.052590052385933816e+01
3.065237311875044313e+01
3.076186342954599340e+01
3.086528259353481118e+01
3.098042308823958990e+01
3.108749833182570299e+01
3.118174385619950684e+01
3.127645406367241776e+01
3.136988471437600268e+01
3.145582792008949724e+01
3.154852882684066273e+01
3.163709753620497622e+01
3.172208246589374525e+01
3.181377797130765472e+01
3.188491436849217564e+01
3.196844026501410951e+01
3.205317067685459875e+01
3.212379115043690803e+01
3.219710880376875650e+01
3.228086003876098431e+01
3.236603876380694800e+01
3.244789219779787715e+01
3.251819950235078949e+01
3.260902542669339965e+01
3.269903509263512831e+01
3.278593677761816849e+01
3.286869692712846813e+01
3.295942502203266855e+01
3.305561912159431870e+01
3.314038929119863752e+01
3.324092139898102261e+01
3.334859190251735583e+01
3.343988283073819900e+01
3.355365448680941398e+01
3.367186387378190915e+01
3.378383758953061999e+01
3.390402141126049429e+01
3.403120698113491471e+01
3.416828192122109442e+01
3.431584507831022535e+01
3.444393920691793198e+01
3.459571332585093018e+01
3.476445329423419395e+01
3.492305970431188200e+01
3.509654594657629190e+01
3.528847418453218410e+01
3.548248348875035418e+01
3.568023338131474986e+01
3.589805158690181486e+01
3.612561443868779776e+01
3.636835696686292607e+01
3.663332740139176025e+01
3.690983231754282912e+01
3.720947400460246257e+01
3.751469712471332940e+01
3.785228247272236501e+01
3.821166056714709924e+01
3.857277303471209251e+01
3.898609980313708689e+01
3.942493924650565873e+01
3.992081757092530836e+01
4.044624288459581862e+01
4.102062750824996584e+01
4.165512830783750786e+01
4.235457200126229083e+01
4.312503270797770938e+01
4.397462534617148577e+01
4.495498021020562618e+01
4.607764451827820551e+01
4.737349752155299143e+01
4.889094602496604125e+01
5.069764487125669916e+01
5.276330006952963458e+01
5.514749702989286817e+01
5.777711499341560142e+01
6.053030571616444888e+01
6.316760452539380566e+01
6.531603242364512596e+01
6.654246141912221901e+01
6.649199195407841501e+01
6.480215251963818446e+01
6.126371150620449413e+01
5.602147724601993417e+01
4.934660516917659123e+01
4.173840008902581644e+01
3.387484338466415323e+01
2.625330385752208784e+01
1.942808062006758263e+01
1.373919174711198998e+01
9.257458026248745142e+00
5.949136077054843597e+00
3.636386331990826726e+00
2.113493960390220305e+00
1.168917090070230147e+00
6.146107477071832692e-01
3.088451987303466595e-01
1.479439797635077325e-01
6.937278844234259778e-02
3.161204077918759736e-02
1.504852539466704740e-02
7.299984187048073891e-03
3.749095201597614502e-03
2.760264794729617305e-03
2.213498656673918742e-03
2.031027388768126118e-03
1.855119543640879184e-03
1.877550524586301447e-03
1.776882035912267111e-03
1.812304953110976035e-03
1.755754100369280373e-03
1.570441529880841573e-03
1.408962600723276826e-03
1.789184646986925276e-03
1.645894051607159694e-03
1.520918342422210605e-03
1.547663188965176309e-03
1.461656410602603330e-03
1.230813023288296944e-03
1.234023522351899473e-03
1.365376941670885108e-03
1.050876269524960360e-03
1.189298177369277343e-03
1.205491550103912233e-03
1.290048914390647637e-03
1.200321513634147221e-03
1.116457892992588899e-03
