3.661856284017260350e+02
3.710164975549845394e+02
3.736321936916756385e+02
3.757514730043370150e+02
3.773525671618182855e+02
3.782498470621932825e+02
3.784816097288360766e+02
3.778793985943965481e+02
3.764255387081254867e+02
3.740572892027302601e+02
3.706987139267948237e+02
3.665032341200315500e+02
3.613983969049043026e+02
3.555526588656467197e+02
3.489937576556231988e+02
3.418869181460849518e+02
3.343515387117369073e+02
3.264852793255855090e+02
3.184368452862610752e+02
3.102582719143706527e+02
3.021274345441933633e+02
2.941078675263295850e+02
2.862969146965730829e+02
2.787276860869521897e+02
2.714697512761219400e+02
2.646369063151852856e+02
2.582359991685451064e+02
2.524553913308291726e+02
2.471720349660122054e+02
2.422089177434967553e+02
2.376510785352549533e+02
2.336103667388213978e+02
2.302200385052952356e+02
2.275140312174980295e+02
2.256061291882626563e+02
2.246438712959650843e+02
2.247698654030330943e+02
2.262613148210898260e+02
2.294473161817670359e+02
2.348932412103817455e+02
2.433970740525842871e+02
2.564331416042178375e+02
2.773037043672287041e+02
3.143945369516908954e+02
3.790843458647204329e+02
4.233055473111273272e+02
3.170461225691087748e+02
1.228072560099667925e+02
2.171844489100168119e+01
1.679295623408107119e+00
5.896764761591588577e-02
4.061427346213133949e-03
3.129877526246338700e-03
2.766852337682987675e-03
2.997949507113978600e-03
2.663975365062997910e-03
2.229055421987733571e-03
2.203891953258117764e-03
2.075216906082715321e-03
2.111358702484874769e-03
1.825157362559461831e-03
1.717938596082690386e-03
1.567527928789666253e-03
1.533101205207547607e-03
1.454145495268804921e-03
1.641550771462180029e-03
1.341890802328539424e-03
1.376085831462073653e-03
1.171626007421562761e-03
1.332995819032108424e-03
9.561625929371624609e-04
1.107500753099700634e-03
1.073461670935158072e-03
8.519093897439597397e-04
8.756145625743544337e-04
1.113976792343628237e-03
9.655638266949662920e-04
7.839552427281394793e-04
7.788390491489479610e-04
8.414399706680339387e-04
7.464095100494310374e-04
6.866113159393135053e-04
5.610094676322370869e-04
6.548815039062747326e-04
5.794772859877688484e-04
6.642099814126985278e-04
6.815631973908950177e-04
6.003421117624098934e-04
5.908433685788301842e-04
5.394290665459641754e-04
5.127289826075198198e-04
5.029930601787022722e-04
4.597936470781566350e-04
4.689631517634596848e-04
4.568797937122509676e-04
5.069856129074634416e-04
3.988648024074947459e-04
4.202841846480288445e-04
3.956314857824105207e-04
3.423372921635080258e-04
