3.663865921408601025e+02
3.714768996546328594e+02
3.742553580142021019e+02
3.765538388997960055e+02
3.783491607964618879e+02
3.794293978857824641e+02
3.798260399144792245e+02
3.793643340115718274e+02
3.780440752873521433e+02
3.757934619851212119e+02
3.725468364791624936e+02
3.684758413280567311e+02
3.634911383319736160e+02
3.577777293987471126e+02
3.514121912102365854e+02
3.445306808109725125e+02
3.372929584223105621e+02
3.298305529678646053e+02
3.223384749043176498e+02
3.149234527254089926e+02
3.078230758265065674e+02
3.011675143403994070e+02
2.951409909801701019e+02
2.898349821842506913e+02
2.854652488044045526e+02
2.821351326055091704e+02
2.799699309022791454e+02
2.791654960209187379e+02
2.796090512629033924e+02
2.810564079724495059e+02
2.835726049788452201e+02
2.872652202366259644e+02
2.922501739840873825e+02
2.984974259694188277e+02
3.060376482093064396e+02
3.151283246490587544e+02
3.258404902068164120e+02
3.386385199352903896e+02
3.540239740095444176e+02
3.728695368340116829e+02
3.964754951556486162e+02
4.274115897504118493e+02
4.714804924005721887e+02
5.437823653421673953e+02
6.663520102300325334e+02
7.545652513175170952e+02
5.707778686347502344e+02
2.225538932430797274e+02
3.953055203901749337e+01
3.058924330627265764e+00
1.057134004656508780e-01
4.692346600774690429e-03
2.990881998981814727e-03
2.719762509484590501e-03
2.599467578744618472e-03
2.704653111646078672e-03
2.252030758074247390e-03
2.134410291389065434e-03
2.014323505706476416e-03
1.912014473124389134e-03
1.868132142170660223e-03
1.885022997826782442e-03
1.645886067694195785e-03
1.445891925265893564e-03
1.431504349897288119e-03
1.343145327327909368e-03
1.404263163783226343e-03
1.257125888373100556e-03
1.025156221393619090e-03
1.135046922115978641e-03
9.800105189397354932e-04
1.071668852739971313e-03
1.028423911194775329e-03
8.216823683109935857e-04
1.046172744162443199e-03
9.064127760532821780e-04
9.443511479868910369e-04
7.234354221723182914e-04
7.078509169432203483e-04
9.015239283434124456e-04
8.283067926808780840e-04
7.339027180424406455e-04
7.715366532410237402e-04
6.546843578560233466e-04
6.917651720909251704e-04
5.907334318360345660e-04
5.879861933343261734e-04
6.129909684641770152e-04
5.821991819901303636e-04
6.224421193270698871e-04
5.190090496946696752e-04
4.534577196795883222e-04
4.125510966936062887e-04
4.146325079491775217e-04
3.940395091514528776e-04
4.998026751650978036e-04
3.372715778298407147e-04
3.892867695790285681e-04
3.981004226958797360e-04
3.442596423037101901e-04
