3.662011215512309263e+02
3.710609033193253481e+02
3.736949392741196334e+02
3.758298862651176933e+02
3.774465397957110326e+02
3.783636551160397516e+02
3.786182284539528951e+02
3.780389306855371956e+02
3.766032434121713663e+02
3.742583053864649969e+02
3.709125354397906449e+02
3.667331470148960761e+02
3.616452959170566146e+02
3.558048632440641086e+02
3.492659790196638596e+02
3.421661372157814753e+02
3.346512754559645941e+02
3.267935169825599360e+02
3.187565373233780974e+02
3.105899852629160023e+02
3.024759372148139960e+02
2.944729340071245929e+02
2.866732864072887992e+02
2.791159015150195728e+02
2.719006890114868042e+02
2.650948048104883696e+02
2.587365015192107194e+02
2.529919565448880974e+02
2.477745819924702744e+02
2.428971684525760395e+02
2.384419721720711607e+02
2.345424123011384268e+02
2.313294957827926055e+02
2.288885643592010695e+02
2.273211055240764438e+02
2.268171165266525122e+02
2.275465191693297697e+02
2.298128013974336739e+02
2.339934332619588417e+02
2.406846710220317505e+02
2.507501206317279241e+02
2.657711786095345587e+02
2.892769670021401112e+02
3.303593177961096785e+02
4.013289579661215498e+02
4.510256956076229926e+02
3.393024428327495912e+02
1.318226986505188449e+02
2.336776683537761912e+01
1.806557673367336525e+00
6.319557929807947949e-02
4.259271577018078521e-03
3.144141054466371987e-03
2.725068469629170383e-03
2.769910388941264606e-03
2.534029762709964339e-03
2.227742460516069726e-03
2.196692448712314356e-03
1.917534344553507505e-03
1.946358087989909441e-03
1.926040434050165125e-03
1.792509329331093719e-03
1.523157657366059400e-03
1.289248612163859751e-03
1.450338157268674230e-03
1.333645173130676735e-03
1.412666234587455286e-03
1.226250140153865202e-03
1.225019950118196076e-03
1.274543197949276705e-03
9.678009132372619597e-04
9.900258967331689031e-04
1.010582921888055581e-03
9.107876388073946018e-04
9.976551002585138002e-04
9.759084440553722744e-04
1.006482996486476617e-03
9.052686636608965089e-04
8.173882584249343936e-04
7.460939469223911661e-04
6.796967561730828415e-04
5.860653454032880910e-04
6.307179566849779135e-04
6.036500637137569899e-04
5.889610507674832495e-04
6.072944189113894942e-04
6.532075110097177719e-04
5.732355561634332967e-04
6.287130413845477351e-04
6.121741567877323712e-04
5.054388447877535126e-04
6.795521911622827687e-04
4.721212568995984248e-04
5.180781559825843206e-04
4.097722401204333901e-04
5.361453806194508035e-04
4.076347918159928534e-04
4.134045792550911872e-04
3.844050001252167755e-04
2.923014621148712906e-04
