2.661240325141801009e+02
2.691835469468707061e+02
2.705159916557066708e+02
2.712801626572593818e+02
2.712453982822496528e+02
2.703481169787135059e+02
2.684231540778273484e+02
2.652604771751567796e+02
2.608970703221275471e+02
2.553580660864309948e+02
2.484829677079558508e+02
2.405766552497581188e+02
2.316843875187526862e+02
2.219487783918351340e+02
2.116309768669307232e+02
2.008952631353103015e+02
1.899709923233345421e+02
1.790146409199870732e+02
1.681901524215289783e+02
1.575938936771643739e+02
1.474351006684009917e+02
1.377687640683596157e+02
1.285983191777357035e+02
1.200424622490924520e+02
1.120542743837512631e+02
1.047104647942146016e+02
9.802576084771297360e+01
9.202244331579034053e+01
8.668595927429851145e+01
8.190328319876506669e+01
7.776344494482812308e+01
7.419268744089640677e+01
7.123801037224217225e+01
6.894276440798097383e+01
6.724593723045352078e+01
6.623551262157141650e+01
6.585500313119135285e+01
6.624092985198109318e+01
6.741644906982158147e+01
6.952511453338794922e+01
7.279145932808104646e+01
7.763419475654761470e+01
8.505196961532864464e+01
9.779123585733275092e+01
1.201770535405311335e+02
1.369954224344756994e+02
1.041843503225180854e+02
4.080091643602483487e+01
7.268337722233910725e+00
5.692177143307017850e-01
1.788289348530435266e-02
4.515974410335300425e-04
2.974584820351128993e-04
1.726620260326433749e-04
2.192900127779834200e-04
1.900893987711774582e-04
2.148373983345962951e-04
1.818934549706684547e-04
9.424620635712196081e-05
1.030434427878991293e-04
2.182720391860214931e-04
2.061260908903110904e-04
7.788458529345629452e-05
1.087709949598069845e-04
7.007223642691435802e-05
7.967206097990261093e-05
5.278073771649201962e-05
6.422804737181546386e-05
1.334715861587209499e-04
3.747991903262853453e-05
5.586623102969214569e-05
3.077091615089683674e-05
8.198917574347716153e-05
4.720082476236521041e-05
1.123632192879804961e-04
2.576273564264418398e-05
4.564984559191693125e-05
4.946795229317965502e-05
1.431507178109620742e-04
4.265697695482462137e-05
4.520338076460320435e-05
3.467070680299456220e-05
2.465429605856608514e-05
3.331398621278205730e-05
7.810340242898739893e-05
6.544240312313647650e-05
1.793391233197007156e-05
1.508618728220451803e-04
5.064427627566992873e-05
4.743999952753578253e-05
1.021251822932140242e-05
2.726133002993612447e-05
1.949258028353014277e-05
5.720633662361270655e-05
3.005154770432641220e-05
1.747650112825392793e-05
1.559479571542096943e-05
4.292697301977455027e-05
3.976362866343742075e-05
3.822859667066102048e-05
