2.660768528514438458e+02
2.690681052207946777e+02
2.703430803616841445e+02
2.710590089692009883e+02
2.709741813871595468e+02
2.700192808575100116e+02
2.680390705532497577e+02
2.648169897927178340e+02
2.604015046225653691e+02
2.548137198554144902e+02
2.478878732787238164e+02
2.399367971420288086e+02
2.309957236184014278e+02
2.212194146050347285e+02
2.108607335355546866e+02
2.000805202060275576e+02
1.891112379233042304e+02
1.781099330584208076e+02
1.672379573186238702e+02
1.565840092764960332e+02
1.463641941812303457e+02
1.366271115673912959e+02
1.273711349434322813e+02
1.187013386885325161e+02
1.105745868815316157e+02
1.030391604635450591e+02
9.609518888261582958e+01
8.973841504255931056e+01
8.395560956001281738e+01
7.861330946286518895e+01
7.375420494874317967e+01
6.930765140056610107e+01
6.528970380624134862e+01
6.167900922563340771e+01
5.843938628832498949e+01
5.561817610263824463e+01
5.312760761049058544e+01
5.104734082354439550e+01
4.936078655719757080e+01
4.815015936560101295e+01
4.747713319460550707e+01
4.748564919498231518e+01
4.858957649601830298e+01
5.197416010830137623e+01
5.948987510469224560e+01
6.417304574118719529e+01
4.715394202205870045e+01
1.805772727396752941e+01
3.161857417474190246e+00
2.478508062195032835e-01
7.433330018957838917e-03
1.816782327129907819e-04
2.023781698991101879e-05
6.970103594969359426e-06
4.609803473214984265e-06
9.512247627253679838e-06
1.199113630898393745e-05
1.194149414871791917e-05
9.540244765565080470e-06
4.711637387010290723e-06
4.298940109650731023e-05
2.786511386521084432e-06
2.985711793415832149e-06
3.902694453235729291e-06
3.441082663850162600e-06
2.253524439450100531e-06
5.924688485888414582e-06
6.539102857336695898e-06
1.349381902906701278e-06
9.467158401813927454e-06
2.248947531313660875e-06
5.770552147528936096e-06
2.807210561981163488e-05
5.932218638488646306e-06
2.814606498029556134e-06
1.271353657979664268e-06
1.245193136946277722e-06
1.785894586710915784e-06
1.368277926712663731e-05
5.273756557184267863e-06
8.287019740057152122e-07
1.795595188980314560e-05
8.625051780837863613e-06
1.078689719078182854e-06
1.987559067768213583e-05
8.048023770858809354e-07
4.636174282603002184e-06
8.152690527493986839e-05
3.387231699668468078e-06
8.833657007458998068e-06
6.728831078501368683e-07
1.261801248770350641e-06
4.789231364081084647e-07
8.067359653393976950e-07
2.086779790033688187e-05
1.038140079703511419e-07
1.221530954510620180e-06
4.274730858671521201e-07
1.199544621405874226e-05
4.016671021468533236e-07
