3.661941131087693861e+02
3.710408830463156278e+02
3.736675948248320651e+02
3.757954577966344232e+02
3.774053842215221266e+02
3.783146503754487071e+02
3.785585315583663260e+02
3.779714425435316798e+02
3.765266325474145219e+02
3.741734593316935502e+02
3.708212047332898464e+02
3.666336765328170486e+02
3.615419860973515256e+02
3.556956624364514141e+02
3.491519067538357604e+02
3.420506375793093525e+02
3.345236700679158730e+02
3.266644586913595845e+02
3.186198134678909923e+02
3.104514660911777355e+02
3.023279693699940367e+02
2.943188310878784932e+02
2.865191632164943485e+02
2.789481740214139336e+02
2.717170369704004997e+02
2.648965069676025905e+02
2.585267331429000137e+02
2.527531946501165123e+02
2.475055380769240685e+02
2.425872223896194839e+02
2.380802636623114097e+02
2.341047701799417666e+02
2.307993648717204280e+02
2.282274161352878252e+02
2.264812087136026548e+02
2.257489703143666873e+02
2.261756427902144821e+02
2.280567149175317354e+02
2.317595778313122139e+02
2.378617723422736674e+02
2.472050414241830083e+02
2.613254360995665593e+02
2.836100815260220429e+02
3.228634099903969741e+02
3.910472367645708118e+02
4.382878855731458430e+02
3.290809614882227265e+02
1.277052358139102211e+02
2.261168971865237509e+01
1.752445787078193984e+00
6.090641006063590018e-02
3.919657503128015814e-03
3.267561239328828446e-03
2.815034919126250482e-03
2.800465891350551340e-03
2.497314897371377771e-03
2.293746899700888162e-03
2.213357174628459260e-03
2.072661389806120923e-03
2.012211783503708822e-03
1.812252799421783418e-03
1.719395935981446943e-03
1.555813284232880579e-03
1.476326259474141636e-03
1.362661474073136904e-03
1.389715222091690659e-03
1.385583294368193793e-03
1.314928412851682892e-03
1.086760098352393053e-03
1.194413828383964794e-03
9.384724218493106741e-04
9.759847239584349202e-04
1.074962378443182660e-03
9.040269988339095109e-04
1.037463719837175948e-03
1.115794577522649092e-03
8.899624849737153764e-04
8.236981578931767099e-04
8.699505007981465270e-04
8.385122187967152538e-04
6.816771699799108967e-04
6.406484872114907251e-04
7.152977521172401709e-04
6.484481325332242321e-04
6.227199279112866385e-04
5.737381738511886141e-04
6.902539805585704768e-04
5.421532612743228943e-04
6.547449234181457320e-04
5.831385043904436637e-04
5.029371770838539412e-04
5.103939948064804008e-04
4.099556858119830370e-04
4.983688793555324107e-04
4.490900544358579732e-04
5.669894732469432088e-04
3.915199574486352436e-04
4.854856491218478712e-04
4.079858479797328504e-04
3.184376317230197886e-04
