2.661512336207943008e+02
2.692415290758096376e+02
2.705962608686467092e+02
2.713798161085724132e+02
2.713744442015660070e+02
2.704985634442386413e+02
2.685940370329869324e+02
2.654441854839743655e+02
2.610960990882724673e+02
2.555705626984967580e+02
2.487040707852316359e+02
2.408103170680826395e+02
2.319282146578059667e+02
2.222061924440333485e+02
2.119001313168426179e+02
2.011869776512936028e+02
1.902866217500607888e+02
1.793650256301043555e+02
1.685922842495427858e+02
1.580660884074944477e+02
1.480097265860272842e+02
1.384901917081119223e+02
1.295263825872033294e+02
1.212524466778074128e+02
1.136582605808249014e+02
1.068133122067018945e+02
1.007628214691972630e+02
9.553326137863203371e+01
9.113844296349108731e+01
8.744043317116383207e+01
8.448810305782697583e+01
8.225222539503334929e+01
8.073604655462420965e+01
7.994270842770735896e+01
7.985624272557389247e+01
8.049235058420647704e+01
8.180746051534596575e+01
8.394292295155011630e+01
8.686892196660240018e+01
9.092841266592343175e+01
9.628638255389199685e+01
1.035152396613524957e+02
1.140035498489936145e+02
1.314052014818622069e+02
1.615220369166798093e+02
1.841043204607234998e+02
1.399357278769215043e+02
5.473120031091902149e+01
9.736112878890708089e+00
7.681184446617348449e-01
2.488652919010430134e-02
6.587909954147955389e-04
2.707008358198372444e-04
1.974946511277577397e-04
1.812275972209238155e-04
2.291589871913317497e-04
1.752550317339863714e-04
1.643877733364407527e-04
9.574878187084628434e-05
1.288906192897866282e-04
1.075201304116905481e-04
1.229448472687202378e-04
7.131209163008077204e-05
8.990692428702127181e-05
6.403827314720938557e-05
1.172503344375957444e-04
1.258359312348914492e-04
1.933130128170388500e-04
3.725762309106064640e-05
5.450978061968177890e-05
1.781774499461727531e-04
6.067292165053992861e-05
1.078390755382901365e-04
7.587083819293738429e-05
6.330964756342090860e-05
1.215162120522856904e-04
7.458149236727158401e-05
2.365472254258657763e-05
3.220042283632812901e-05
9.839829539286870988e-05
5.786975314362822342e-05
8.845776916634030362e-05
2.785500334278354588e-05
6.217593366368440459e-05
7.758400991251000267e-05
1.980212442939870444e-05
6.218213984531139227e-05
1.034059335154417363e-04
4.861567370043987790e-05
2.968210920774394057e-05
1.260101457565030125e-05
1.820880226451511780e-05
2.154434972201357823e-05
2.297624052687327845e-05
3.842820516034942824e-05
1.141475805048136014e-04
1.008002742677563168e-05
2.001854356908299804e-05
4.968103751325187123e-05
4.000010812058955687e-06
