3.664555988277730876e+02
3.715905757870340267e+02
3.744051581898528411e+02
3.767427574704860263e+02
3.785732156764432830e+02
3.796763632244619089e+02
3.800945685574490653e+02
3.796608851527985280e+02
3.783677213445657799e+02
3.761473976269168702e+02
3.729489603666033304e+02
3.689308263353968300e+02
3.640362804559088090e+02
3.584466683472846853e+02
3.522498325338601148e+02
3.456042538112575357e+02
3.386924977148376001e+02
3.316735221643771752e+02
3.247577582488920029e+02
3.180943373377319858e+02
3.119086863716589733e+02
3.063834631453059956e+02
3.016739702757488999e+02
2.979066189499204711e+02
2.952252030296873500e+02
2.937092750917558988e+02
2.934067896530760891e+02
2.945361598977210065e+02
2.968954844638913642e+02
3.001960743058398862e+02
3.044717817233767505e+02
3.097275646166198158e+02
3.160706028078935788e+02
3.235246767972988664e+02
3.321752827515720696e+02
3.421840471459029231e+02
3.537337888851511707e+02
3.672335762725905397e+02
3.832648644768675013e+02
4.027651932729760915e+02
4.271831705680064033e+02
4.592375763914706681e+02
5.050439063047446098e+02
5.806232990483366621e+02
7.094060208467363964e+02
8.015482005471719731e+02
6.057349462150407362e+02
2.360363810364748645e+02
4.188255535072087810e+01
3.240636617843025924e+00
1.111475724770552981e-01
5.090508771248318347e-03
3.169102817206749783e-03
2.916615931873610401e-03
2.633293010902495145e-03
2.622447665514703215e-03
2.180088595280366397e-03
2.223992727971480562e-03
1.958882147721284755e-03
2.041327266601701985e-03
1.832571151027079150e-03
1.717952996252644637e-03
1.727265162259047091e-03
1.459195730862184945e-03
1.455114425970616826e-03
1.418130304862217587e-03
1.371196031518229523e-03
1.258949160927806546e-03
1.226033921954557907e-03
1.230851092205748933e-03
1.066341452428763237e-03
1.058718208104458521e-03
1.013456040043889030e-03
8.662222654126747363e-04
9.480580371881819996e-04
8.560351439140176377e-04
9.361081611375848864e-04
7.708653009873344753e-04
8.305175664608665121e-04
8.967398728448210728e-04
7.279474002021024161e-04
7.102216345471132342e-04
7.152536639923266206e-04
6.240862897286889987e-04
7.000536426661129949e-04
6.180176111245932070e-04
5.501171341027507461e-04
6.123297114030830336e-04
5.463917358613156958e-04
5.262847736249499269e-04
4.761525893830709710e-04
4.743022579736020207e-04
4.101983047015550217e-04
3.988082158576401466e-04
3.004241467667973734e-04
5.013652377279926003e-04
3.857068735529800433e-04
3.671645196717847272e-04
3.819694082544510395e-04
3.392816539784071061e-04
