3.662288715728054740e+02
3.711325998253743137e+02
3.737935591000276077e+02
3.759524304913317110e+02
3.775979224470536337e+02
3.785518354039363658e+02
3.788416926872159820e+02
3.782913049519515880e+02
3.768896895912698142e+02
3.745615685070146696e+02
3.712349344510527658e+02
3.670791378218953014e+02
3.620083453427686777e+02
3.561885141166419544e+02
3.496635275829867169e+02
3.425832719883948130e+02
3.350791262099268124e+02
3.272434210786040580e+02
3.192259608690598611e+02
3.110855612730107964e+02
3.029898050325908798e+02
2.950208778052025878e+02
2.872654403559236584e+02
2.797668770921374630e+02
2.726115734873017118e+02
2.658857056203528373e+02
2.596332224183275912e+02
2.540548677237441382e+02
2.490633915423657356e+02
2.444755260899325151e+02
2.404146576204508676e+02
2.370326080912959981e+02
2.344927013045273441e+02
2.329340102184144712e+02
2.324721161125729907e+02
2.333227419456095220e+02
2.356736572672747627e+02
2.398620421338128494e+02
2.463133852626532132e+02
2.556981674088972341e+02
2.689235922588418362e+02
2.878170999875765119e+02
3.162822333307485110e+02
3.644976160193965029e+02
4.468344930233463970e+02
5.058726538282280103e+02
3.824369091991954406e+02
1.490646041611468888e+02
2.647521042467239738e+01
2.050562509758745655e+00
7.190993750624979919e-02
4.254265752805295661e-03
3.089640143049320921e-03
3.028754233159810291e-03
2.657211188949707911e-03
2.777562598904798064e-03
2.316292731124420298e-03
2.242850907668463185e-03
1.947778775504271096e-03
1.810461234481082742e-03
1.994775437380318008e-03
1.875052439595365416e-03
1.571995062388264119e-03
1.370593374040980292e-03
1.410159595036808910e-03
1.330317107462250601e-03
1.389585174353620339e-03
1.395673859712857597e-03
1.303313663221626660e-03
1.366921767211231285e-03
1.041599142275752201e-03
1.050536071960371824e-03
1.076581651477131855e-03
1.040411870876952350e-03
1.015575270896996356e-03
9.252968925045615065e-04
8.933781582552630714e-04
8.700878197211543100e-04
7.872760614250274474e-04
9.061011839635430519e-04
7.533012761265707761e-04
6.516490263933872804e-04
6.894285250788721600e-04
6.753987967331302224e-04
6.941966460756030704e-04
7.398040742989194949e-04
5.800780632362672815e-04
5.903406109372648239e-04
5.875410497957771119e-04
4.761563698571999199e-04
5.822455025615712494e-04
5.793515841081410631e-04
5.353197561141224059e-04
4.191131591555630610e-04
4.613682337941172901e-04
5.437093253187539992e-04
3.595934814118495232e-04
4.317702030494176605e-04
3.814821416003955166e-04
3.085643449214514763e-04
