3.662238169124956926e+02
3.711188106009890930e+02
3.737745728733980286e+02
3.759287232833960957e+02
3.775686324377826395e+02
3.785146470596318409e+02
3.787994434083536248e+02
3.782437137059789620e+02
3.768362882943645218e+02
3.745046873031335508e+02
3.711755892931088852e+02
3.670145777765853268e+02
3.619414452334437442e+02
3.561172640568157703e+02
3.495897274271737274e+02
3.425066678194190217e+02
3.349993338722430849e+02
3.271613549374590662e+02
3.191384465086832734e+02
3.109918010878557197e+02
3.028931611756489701e+02
2.949141403420520078e+02
2.871492735924831550e+02
2.796392494560302566e+02
2.724696942237476947e+02
2.657229262133894849e+02
2.594399817511834954e+02
2.538195767739110806e+02
2.487655091110936212e+02
2.440964573707794329e+02
2.399335806567338807e+02
2.364173212226490364e+02
2.337028998335735253e+02
2.319205954969621644e+02
2.311958878275360973e+02
2.317439932572612236e+02
2.337229171073910834e+02
2.374921516816673659e+02
2.434653203864928344e+02
2.522937395549496387e+02
2.648799608680359938e+02
2.830162561619483199e+02
3.105195245368818178e+02
3.573553506031212237e+02
4.374820876654725907e+02
4.947875268225746481e+02
3.737914316863237900e+02
1.456192577086888207e+02
2.585813669032614115e+01
1.999903762461369805e+00
7.031582816338256825e-02
4.313653652696067091e-03
3.235956545570942925e-03
3.062983784363982644e-03
2.649303737562929990e-03
2.719845552538662642e-03
2.351837849875137131e-03
2.253483551500538081e-03
1.965646759304901653e-03
1.908266008564244842e-03
1.890718008334127441e-03
1.860952635682386856e-03
1.632033248900056997e-03
1.423230656358593716e-03
1.382057847165650685e-03
1.309146369416340364e-03
1.436791156976751239e-03
1.404904464066851575e-03
1.293674612733744251e-03
1.353832801333254435e-03
9.862211155504834771e-04
1.025054216779571576e-03
1.062292941876297062e-03
1.065604946481673579e-03
1.005943144960460981e-03
9.449571065484876561e-04
9.159736930612991535e-04
8.889630331821206724e-04
8.508883593262976143e-04
7.976322290208277431e-04
7.527894934386882573e-04
6.093427763682573561e-04
6.765931881689819880e-04
6.915839916332230811e-04
6.723755372043308367e-04
6.512933452175611888e-04
5.808345017836176027e-04
5.906742514256813981e-04
6.379219544412084199e-04
4.693532530075056699e-04
6.448079253322721313e-04
5.843437369862482592e-04
5.394392036134286993e-04
4.383928308789418883e-04
4.376776203965208087e-04
5.578785114669179051e-04
4.073269255737379971e-04
4.337548188966477655e-04
3.627652241291290207e-04
3.252476745669722930e-04
