3.662405364193346600e+02
3.711623761389962510e+02
3.738339248315579084e+02
3.760047156176711383e+02
3.776626718594745853e+02
3.786335845414043888e+02
3.789328699782390117e+02
3.783958875751848723e+02
3.770038136436508580e+02
3.746836512427652224e+02
3.713622120232114412e+02
3.672176354543822185e+02
3.621516621595445713e+02
3.563367377288569173e+02
3.498200454683822613e+02
3.427433624392371598e+02
3.352506417976031798e+02
3.274207617948197822e+02
3.194140453851961752e+02
3.112860193421418558e+02
3.032047971597174865e+02
2.952631174526429731e+02
2.875238351657260409e+02
2.800541515362698988e+02
2.729470013705424662e+02
2.662801824574003717e+02
2.601250762528114819e+02
2.546738814329870308e+02
2.498474247135938811e+02
2.454827752028213581e+02
2.417056927401673931e+02
2.386985451016822992e+02
2.366322692426517165e+02
2.356193165064921686e+02
2.357999757501582110e+02
2.374100221646595799e+02
2.406284322533900308e+02
2.457958420070561658e+02
2.533327008049436131e+02
2.639460319277184226e+02
2.785784462582445258e+02
2.991038173611546540e+02
3.296128027471139035e+02
3.808253629669760585e+02
4.679468761653808997e+02
5.307422354930232586e+02
4.016961118956036785e+02
1.566810383407418783e+02
2.785351128198802684e+01
2.159059322945363846e+00
7.406990297497409448e-02
4.189468326746569916e-03
3.034753236267204862e-03
2.763492335697635260e-03
2.665001582641982145e-03
2.638300745324840581e-03
2.158618531822238760e-03
2.218556743328160309e-03
2.012812649002402709e-03
1.796177220190993407e-03
1.982620581703255919e-03
1.850227935564508321e-03
1.635223887002429941e-03
1.394156511176868540e-03
1.401558762992831473e-03
1.431936965116191148e-03
1.329884201447513979e-03
1.384149388963679074e-03
1.309465303681470703e-03
1.335322756794517359e-03
1.099279740947268266e-03
1.115197952672893761e-03
1.050989991415752448e-03
9.792788552490674057e-04
1.019997289824974267e-03
9.241791492579145293e-04
8.055214928157216226e-04
7.301067469286989103e-04
7.861948517601424942e-04
8.573804350360325144e-04
7.948051241285214712e-04
6.798628770671327239e-04
6.589753756458428943e-04
7.701576345979270965e-04
5.988628877044517487e-04
7.885573498291216770e-04
5.698425854279770206e-04
6.228964951980102633e-04
5.357369010789786662e-04
4.866129950837184233e-04
4.468793310521521241e-04
5.828830154031842308e-04
4.804921007447656182e-04
4.486929371286358607e-04
4.622260291253240489e-04
5.311113547748518753e-04
3.827248932846679459e-04
4.019835427430012206e-04
3.761278669172710685e-04
3.693975530486890259e-04
